-1.0 -4.054602421694938 39.02933572024916 
-1.0 -4.054602421694938 39.02941233821297 
-1.0 -4.054602421694938 39.178690372314165 
-1.0 -4.054602421694938 39.07470928057772 
-1.0 -4.054602421694938 39.02305133225856 
-1.0 -4.054602421694938 39.02243905253706 
-1.0 -4.054602421694938 39.02233932969879 
-1.0 -4.054602421694938 39.02113411552194 
-1.0 -4.054602421694938 39.02234169831471 
-1.0 -4.054602421694938 39.0221991481695 
-1.0 -4.054602421694938 39.01322748276426 
-1.0 -4.054602421694938 39.020729883299474 
-1.0 -4.054602421694938 39.02071923014151 
-1.0 -4.054602421694938 39.01448939907059 
-1.0 -4.054602421694938 39.023788993826116 
-1.0 -4.054602421694938 39.01339949580171 
-1.0 -4.054602421694938 39.02072987547871 
-1.0 -4.054602421694938 39.013227483098035 
-1.0 -4.054602421694938 39.01338898935796 
-1.0 -4.054602421694938 39.01330110729585 
-1.0 -4.054602421694938 39.01390040773876 
-1.0 -3.6782160617037665 3.3231685164837006 
-1.0 -4.054602421694938 3.360147953967406 
-1.0 -4.054602421694938 39.0142798974451 
-1.0 -4.054602421694938 39.01321500867382 
-1.0 -4.054602421694938 39.01372725834641 
-1.0 -4.054602421694938 39.013766720795964 
0.7 0.825731915547415 288.61326284300503 
0.7 0.14006457522379456 326.7363197457181 
0.7 1.4025490193203929 288.59214070129326 
0.7 0.778961402390383 6.726153376987777 
1.5 2.120200790431479 39.86413231940027 
1.5 2.9339424687102955 39.029927675104716 
-0.9 -3.0211514547853344 40.93251171875998 
-0.9 -3.4460903996636905 39.021345407977776 
-0.9 -3.4460903996636905 39.02145301597655 
-0.9 -3.4460903996636905 39.02129907559287 
-0.9 -3.4454493969277813 39.02687205216825 
-0.9 -3.6771809577466286 39.0134124010624 
-0.9 -3.6771809577466286 39.020873711227175 
-0.9 -2.9128920151371016 39.01340799313633 
-0.9 -2.819429685157285 3.4161035784385874 
-0.9 -3.6771809577466286 39.01399372256152 
-0.9 -3.6771809577466286 39.013475527905754 
-0.9 -2.819429685157285 3.4155557762128015 
-0.9 -2.819429685157285 3.516791520810355 
-0.9 -2.9128920151371016 39.02254287704593 
-0.9 -2.819429685157285 39.028569807279204 
-0.9 -2.819429685157285 39.03213922502965 
-0.9 -3.6771809577466286 39.014133001680634 
-0.9 -3.2180671181343836 39.02633169273221 
-0.9 -3.6771809577466286 39.02766659612195 
-0.9 -3.6771809577466286 39.01466626384673 
-0.9 -3.6771809577466286 39.027357133300676 
-0.9 -2.819429685157285 3.42015257279442 
-0.9 -2.9128920151371016 39.01357077365269 
-0.9 -2.9128920151371016 39.0273850866282 
-0.9 -2.9128920151371016 39.01369894488019 
-0.9 -2.9128920151371016 39.02245571678777 
-0.9 -3.6771809577466286 39.021772922937494 
-0.9 -3.6771809577466286 39.01814553956544 
-0.9 -3.2180671181343836 39.013384831515594 
-0.9 -3.6771809577466286 39.013645725250534 
-0.9 -3.6771809577466286 39.066373972306124 
-0.9 -3.6771809577466286 39.015517961980784 
-0.9 -3.2180671181343836 39.01330941885236 
-0.9 -3.2180671181343836 39.01332617773722 
-0.9 -2.819429685157285 39.02223805765816 
-0.9 -2.819429685157285 3.413082359299488 
-0.9 -3.6771809577466286 39.01401068718447 
-0.9 -3.6771809577466286 39.02167469556698 
-0.9 -3.6771809577466286 39.02598018196522 
-0.9 -2.9128920151371016 39.01499104260504 
-0.9 -2.819429685157285 3.372910382951476 
-0.9 -2.9128920151371016 39.530087142612835 
-0.9 -2.9128920151371016 39.01587575233433 
-0.9 -3.6771809577466286 39.0134631496553 
-0.9 -3.6771809577466286 39.0142851426754 
-0.9 -3.4460903996636905 39.014323656413794 
-0.9 -3.6771809577466286 39.01335077260062 
-0.9 -3.2180671181343836 39.01352205980692 
-0.9 -2.819429685157285 3.41275849037526 
-0.9 -3.6771809577466286 39.020151849128446 
-0.9 -2.819429685157285 3.3675777424784767 
-0.9 -3.6771809577466286 3.3616240196517557 
-0.9 -3.3894114175625756 39.01467617435222 
-0.9 -3.422849708960376 39.01572742955754 
-0.9 -3.6771809577466286 39.89645490766468 
-0.9 -3.6771809577466286 39.01346208359147 
-0.9 -2.819429685157285 3.332974127849207 
-0.9 -2.819429685157285 39.018321866229144 
-0.9 -3.6771809577466286 39.01985321944248 
0.6 1.0292817518461455 39.01865070124881 
0.6 1.0292817518461455 39.04661510970812 
0.6 1.0292817518461455 39.025429019408016 
0.6 1.0292817518461455 39.51156030695452 
3.0 0.48877263874737764 147.86328936483687 
3.0 -6.613141664125548 39.02168707518886 
3.0 -6.613142506560429 39.025762967164255 
3.0 -5.770548796596875 39.01574916920609 
3.0 -5.770548796596875 3.3720454522677397 
3.0 -6.497567630848414 39.01330155300633 
3.0 -6.186934431892547 39.013613228602715 
-0.7 -4.118964666590138 164.58492785011845 
-0.7 -3.5981215446331998 339.8547193048969 
-0.7 -3.7102121632137255 164.10664076725902 
-0.7 -3.22096634444193 170.21826774616312 
-0.7 -3.77457398859168 339.55775604911173 
-0.7 -3.22096634444193 339.5593219457636 
-0.7 -3.22096634444193 164.57078139257408 
-0.7 -3.5981215446331998 41.521589461708196 
-0.7 -3.22096634444193 39.15420581523059 
-0.7 -2.7539462222922992 39.04224431350841 
-0.7 -3.5819170321124005 164.12018080524697 
-0.7 -3.22096634444193 39.01790127203668 
-0.7 -3.22096634444193 40.940630470763516 
-0.7 -3.22096634444193 39.017038790303204 
-0.7 -3.22096634444193 39.024182864241844 
-0.7 -2.7539462222922992 39.03654036568192 
-0.7 -3.658389891442088 164.10753347002745 
-0.7 -3.22096634444193 39.01439334690072 
-0.7 -3.8167931586113824 39.02548993285688 
-0.7 -3.22096634444193 39.02575868242443 
-0.7 -2.457675104825931 39.02638811429935 
-0.7 -3.77457398859168 339.55773030946176 
-0.7 -3.22096634444193 39.013431551173355 
-0.7 -3.4661651303963232 41.52367968190235 
-0.7 -3.22096634444193 39.01902782267837 
-0.7 -4.118964666590138 40.93450520740988 
-0.7 -2.896363220805588 23.683739662181925 
-0.7 -3.22096634444193 39.5173069569805 
-0.7 -3.8225945458160133 39.02089671135127 
-0.7 -3.22096634444193 164.57237666808956 
-0.7 -3.22096634444193 39.020482541726466 
-0.7 -4.118964666590138 40.93976297611048 
-0.7 -3.22096634444193 39.02413610271887 
-0.7 -3.8225945458160133 39.02460237384556 
-0.7 -3.792144546136301 39.02208504099947 
-0.7 -3.792144546136301 225.54511869123763 
-0.7 -4.119123848081259 40.93377719652556 
-0.7 -3.22096634444193 39.026987147062215 
-0.7 -3.22096634444193 40.93209255947244 
-0.7 -4.119123848081259 40.92883272352445 
-0.7 -3.8225945458160133 39.02108160964654 
-0.7 -3.5682137523937243 40.933010919700486 
-0.7 -3.658389891442088 39.02688833374736 
-0.7 -3.8225945458160133 39.02362675916437 
-0.7 -4.119123848081259 40.931289126131574 
-0.7 -3.8225945458160133 39.01995081951022 
-0.7 -3.22096634444193 39.01972258167306 
-0.7 -3.766928001960416 39.01662472987761 
-0.7 -3.8167931586113824 39.02354141686875 
-0.7 -3.22096634444193 39.02519267630585 
-0.7 -2.457675104825931 39.02762402737107 
-0.7 -3.22096634444193 39.07501492486316 
-0.7 -2.457675104825931 3.4147441718610714 
-0.7 -3.7102121632137255 39.01935646653935 
-0.7 -3.8225945458160133 39.019950923539554 
-0.7 -3.766928001960416 39.01660506346326 
-0.7 -3.792144546136301 39.01993993281407 
-0.7 -3.8225945458160133 39.01937006582543 
-0.7 -3.22096634444193 39.024031091547435 
-0.7 -3.792144546136301 39.02147354567227 
-0.7 -3.8225945458160133 39.019415057236195 
-0.7 -4.119123848081259 40.928834601370816 
-0.7 -2.457675104825931 3.366047543584415 
-0.7 -2.457675104825931 39.01968160137428 
-0.7 -4.118964666590138 40.92626342300169 
-0.7 -3.22096634444193 39.01950280543892 
-0.7 -3.8225945458160133 39.01908214177666 
-0.7 -3.7102121632137255 40.92882894322855 
-0.7 -3.22096634444193 39.021026755734006 
-0.7 -3.7017965003229616 39.024297889552145 
-0.7 -3.22096634444193 39.06868544214418 
-0.7 -3.22096634444193 40.93398370868545 
-0.7 -3.22096634444193 39.02039293500543 
-0.7 -2.457675104825931 39.01881367358992 
-0.7 -3.658389891442088 40.92882944094746 
-0.7 -3.7102121632137255 39.01656646489883 
-0.7 -2.457675104825931 39.0319038441439 
-0.7 -4.118964666590138 40.928726956508015 
-0.7 -4.118964666590138 40.92620992938417 
-0.7 -2.457675104825931 6.720554191027059 
-0.7 -3.766928001960416 39.01664139231838 
-0.7 -2.457675104825931 39.725324948537114 
-0.7 -3.22096634444193 39.02242675840153 
-0.7 -2.457675104825931 39.019284592275426 
-0.7 -2.4822415301610086 39.013416485205845 
-0.7 -3.7102121632137255 39.016570001209516 
-0.7 -3.686500699700229 39.0149674028452 
-0.7 -3.22096634444193 39.01940757970239 
-0.7 -2.457675104825931 39.01663528524922 
-0.7 -3.3283933799554557 39.01579540325845 
-0.7 -3.7102121632137255 39.020114452472164 
-0.7 -3.8225945458160133 39.01791532884542 
-0.7 -3.5401977600839913 40.92453617102655 
-0.7 -3.7102121632137255 39.02282193430028 
-0.7 -3.22096634444193 3.3601214549899723 
-0.7 -3.658389891442088 39.015599602977225 
-0.7 -2.457675104825931 39.68128261075964 
-0.7 -3.22096634444193 39.019103837875164 
-0.7 -4.119123848081259 40.927798546819254 
-0.7 -4.118964666590138 40.9272439373631 
-0.7 -3.22096634444193 39.01663845978649 
-0.7 -2.457675104825931 3.367041580660075 
-0.7 -3.22096634444193 39.02066731365456 
-0.7 -4.119123848081259 40.97074696741539 
-0.7 -3.22096634444193 3.366125483035626 
-0.7 -3.22096634444193 39.01328533629136 
-0.7 -3.22096634444193 3.3577755069857185 
-0.4 -2.4656077197349724 39.0726730440093 
-0.4 2.1945925589011743 39.03520784215383 
-0.4 -0.2416719835577119 39.030433069625424 
-0.4 2.3803296642689986 7.002362072156511 
-0.4 2.3300308238445737 39.017271992286666 
-0.4 -1.9126026001735372 40.941440454114755 
-0.4 -1.116421177106309 39.0132274827978 
2.2 0.03914312086121363 170.4064093002475 
2.2 0.03901240690081487 75.09681784706622 
2.2 2.2805340097273614 33.5618475785564 
2.2 2.13652758627304 30.879807934991494 
2.2 2.053412151598188 170.2972449718595 
2.2 2.2810890373806956 33.56186550497384 
2.2 -6.155806522174435 12.50263224848546 
2.2 -6.073215199147864 39.024770309447874 
2.2 -6.06116017279704 12.502626111865519 
2.2 -6.06116017279704 39.02432087139314 
2.2 0.4134901391060666 12.476970488839326 
2.2 -6.155806522174435 39.02412555185634 
2.2 -6.155806522174435 39.02423671526008 
2.2 -6.155806522174435 39.02200890731636 
2.2 -6.155806522174435 39.020292341963525 
2.2 -5.86477783433633 39.01792369269337 
2.2 -6.155805490809888 39.02712358215865 
2.2 -6.06116017279704 39.12876431277072 
2.2 -6.155806522174435 12.50351199161977 
2.2 -6.155806522174435 12.501828011088175 
2.2 -6.155805490809888 12.510676970980844 
2.2 -6.365893887450731 3.4069870651973737 
2.2 -6.155806522174435 39.024721255474304 
2.2 -6.155805490809888 39.0218369664954 
2.2 -6.155800920763399 39.026746478251006 
2.2 0.4134901391060666 12.486702682824282 
2.2 -6.365893887450731 39.02159223764823 
2.2 -6.365886037755738 39.02157331341355 
2.2 2.1188125610550834 39.019442475933644 
2.2 -6.155805490809888 39.02337344356509 
2.2 1.5815201952053322 6.716088500009119 
2.2 -6.365893887450731 3.409643825446811 
2.2 1.5816159885933452 3.407961959780571 
2.2 -6.365893887450731 39.02317188272336 
2.2 0.3678370215731217 39.013222538180685 
2.2 -6.365894622354398 39.02128551135994 
2.2 -6.365893887450731 3.4072095248484264 
2.2 -6.365893887450731 3.399677919085575 
2.2 -5.929787629665592 39.02489972288463 
2.2 -6.365893887450731 3.420040101877391 
2.2 -6.365893887450731 39.02090250075478 
2.2 0.03914312086121363 39.02178601607226 
2.2 -5.9813069986150555 3.3666937663756693 
2.2 -6.365893887450731 3.4069406449087376 
3.8 -6.325225229398967 308.8285829450027 
3.8 -5.469941637150168 135.38381377936886 
3.8 -4.780531452322432 39.06225160093299 
3.8 -5.82126189062353 39.04570274176296 
3.8 -5.82818330646505 39.02742286077045 
2.3 2.1876758296984136 14.582002796470912 
2.3 0.7454062588463408 39.022542339482904 
2.3 0.7454062588463408 39.02578046729261 
2.3 0.8598265833632581 39.02495888421516 
2.3 -5.731498787351393 39.021518365062505 
2.3 0.7454076454653311 39.02496336663466 
2.3 -6.7928616827891 39.01696108579038 
2.3 -6.7928616827891 39.01640749067899 
2.3 2.1176986263718476 39.02916836437083 
2.3 0.7454062588463408 39.01910889230099 
2.3 2.169820950878986 39.25305596937426 
2.3 -6.7928616827891 39.04735866684667 
2.3 -6.7928616827891 39.05741620399809 
2.3 -6.792861593546627 39.01763487790926 
2.3 1.7346986569751621 40.927351898139776 
3.4 -6.462244126588002 25.037303868522244 
3.4 -6.342822539373051 39.03355029113119 
3.4 -6.088312169632861 40.70943634851342 
3.4 -6.342822539373051 39.01702359067504 
3.4 -6.342830595207516 23.673805268190396 
3.4 -6.342812654483026 39.01976328741576 
3.4 -6.630666062372773 164.10417082897573 
3.4 2.733077677708877 225.54503042580131 
3.4 -6.342830595207516 23.673960899069613 
3.4 0.5661884455425898 40.70966261927347 
3.4 -6.342770569178409 23.673661487584063 
3.4 -6.96618766720723 226.0307872873732 
3.4 -5.4926394177663465 225.54522655654708 
3.4 -5.378869897724027 39.02639946314361 
3.4 -4.3095605815560525 39.02547821964686 
3.4 -5.4546764400173995 39.01401041356988 
3.4 -4.42366440871143 39.017340179373704 
3.4 -4.600189654396058 39.02441057870634 
3.4 -6.6913708833021595 41.73753708991984 
3.4 -6.093538283534311 226.02046757172448 
1.0 1.6155029557118645 122.75100063756106 
1.0 1.6155029557118645 12.499763475485693 
1.0 3.0261624859083796 121.61002430726754 
1.0 1.478759332965371 12.521143260047547 
1.0 0.8654999694901058 39.06848838331435 
1.0 1.6155029557118645 39.016728951416844 
1.0 0.5577105003935863 12.523337820119314 
1.0 1.6109651984306694 12.498108756941964 
1.0 0.008477610593867979 225.5453783793659 
1.0 1.6143881255828667 30.864057902406927 
1.0 1.0576790870663224 41.736322162593964 
1.0 1.6109651984306694 39.02348462522973 
1.0 0.5917822845710283 39.02447982689141 
1.0 0.5577105003935863 39.03102221882476 
1.0 1.4346883305885 12.52758659008676 
1.0 0.008477610593867979 12.479654372992869 
1.0 1.478759332965371 12.521141597924624 
1.0 1.6109651984306694 12.49807131605023 
1.0 0.5577105003935863 39.0167511469073 
1.0 0.008477610593867979 12.480724540977931 
1.0 0.005748954842585974 12.479904008641922 
1.0 0.5577105003935863 39.01684849822952 
4.0 -4.901796328586695 290.20111868469536 
0.9 0.5434738248124127 17.91527028620687 
0.9 1.4355359870001827 60.186674256759545 
0.9 0.5328733183013021 39.034936476563516 
0.9 1.7479497619259483 39.024801947036906 
0.9 1.534646336445416 39.020919685736054 
0.9 1.928127565335359 17.91569522886425 
0.9 3.15877631716889 6.9992734753236405 
0.9 3.15877631716889 39.067464955288266 
0.9 -0.020253546935164124 39.04204781353627 
0.9 1.1025461160647865 6.730911512427319 
0.9 0.562950023682184 39.024121094786594 
0.9 0.5434738248124127 17.81278117573498 
0.9 -0.020253546935164124 39.020288267795 
0.9 -0.023805408196706068 39.02036953555618 
0.9 3.15877631716889 6.73020261534862 
0.9 3.15877631716889 7.021244076182087 
0.9 -0.047622972679477016 6.732979672209845 
0.9 1.1025461160647865 6.735573105917251 
0.9 3.15877631716889 39.06882090345708 
0.9 -0.020253546935164124 39.02426238388841 
-0.5 0.40104746291704707 267.1677679892202 
-0.5 0.34758221113283483 170.25902039232858 
-0.5 0.3677317310576207 164.10664042614093 
-0.5 0.3677317310576207 170.21865521448805 
-0.5 0.3677317310576207 39.046420646324215 
-0.5 0.3639322767156603 39.024604066947234 
-0.5 -1.3477569453383431 39.025042802040964 
-0.5 -1.3477569453383431 23.671002302152463 
-0.5 0.3677317310576207 23.675608411795885 
-0.5 0.3677317310576207 39.01679151150699 
-0.5 0.3677317310576207 39.02257937265775 
-0.5 -1.3477569453383431 23.68442129658434 
3.1 -6.63386988239165 338.2294510805372 
3.1 -0.4407053391514477 17.05125737736675 
3.1 -6.627624373155598 359.1317896857069 
3.1 -6.51995307155892 39.0245602026462 
3.1 -6.701772729351049 121.6081471034238 
3.1 -0.4406144634602551 40.709963073812524 
3.1 -6.574867873281391 38.36832643135042 
3.1 -6.892343383025985 39.02892664259907 
3.1 -6.920363639572631 39.0215682113743 
3.1 -6.920363639572631 39.02208923908637 
3.1 0.48285398684883063 40.71189411466428 
3.1 -6.123046015621609 39.022202147801 
3.1 -6.574867873281391 38.36178663649813 
3.1 -6.70226132561978 39.02371168999399 
3.1 -6.096645804820051 39.02098718330102 
3.1 -6.920363795188267 39.0236731818194 
3.1 -6.892099372328602 39.078429044169155 
3.1 -6.892099311440788 39.018832081260506 
3.1 -6.920364129995832 39.764899430428244 
3.1 -6.920363639572631 39.02068557873107 
3.1 -6.892099102557534 39.85801719517446 
3.1 -6.920363639572631 39.71704761336239 
3.1 -6.920364129995832 39.06785032144647 
3.1 -6.920363795188267 39.190948899751426 
3.1 -6.920363639572631 39.02071205882248 
3.1 -6.920364263757751 39.76463482379661 
3.1 -6.519951777113107 39.02943648201702 
3.1 -6.920363795188267 39.02819479491455 
3.1 -6.920364263757751 39.02178545922238 
3.1 -5.708061840487691 39.02302532315156 
3.1 -6.081131911774637 39.016527892061724 
3.1 -6.920363639572631 39.0209423489404 
3.1 -6.920363795188267 39.017425032220565 
3.1 -6.920364129995832 39.02076121249994 
3.1 -6.920364263757751 39.040127999118695 
3.1 -6.920364263757751 39.022871250219985 
3.1 -6.920364263757751 39.10652715129186 
3.1 -6.920364129995832 39.02062236739808 
3.1 -6.920363900100268 39.042458282774675 
3.1 -6.920364129995832 39.0205976991175 
3.1 -6.920363639572631 39.021761282991015 
3.1 -6.9204103384276205 39.01716997776982 
3.1 -6.920363639572631 39.02424522638721 
3.1 -6.892366921729298 39.01370114887997 
3.1 -6.920364263757751 39.01716198653849 
3.1 -6.892380335334996 39.01427639793964 
3.1 -6.920364263757751 39.01716200346701 
3.1 -6.920604385688076 39.01678831389425 
3.1 -6.920393552228614 39.01825443272896 
3.1 -6.8923432210188285 39.013336307809695 
3.1 -6.892343383025985 39.0133064987104 
2.6 -6.596045675013594 39.03143230408985 
2.6 -6.751656960721801 39.02406074529381 
2.6 -6.587170055350905 39.01885866333656 
2.6 -6.814244930757294 39.01340800956425 
2.6 -6.700760588731304 3.3522993215954395 
3.6 -6.1569748091279966 6.798006652289332 
3.9 -5.003130793855288 290.26096427730573 
3.9 -5.033250921404164 39.02361152201873 
3.9 -4.606842238175435 3.4228638308372843 
3.9 -3.3528731762895845 39.04280813056766 
1.6 2.0733897622262702 233.52378164168223 
1.6 2.1452293234346307 185.12476672558452 
1.6 2.0689097932090874 39.02595388688983 
1.6 0.5277813443327197 185.12514854437865 
2.4 2.2414525922079136 14.688908031371758 
2.4 2.1715992288382893 39.02895547943599 
2.4 2.185402226829993 48.32703884311975 
2.4 0.7037493272369026 30.864790645896377 
2.4 0.7036650260968074 39.028474824736236 
2.4 -6.6266026553995925 39.022867435963796 
2.4 2.1691843613504105 39.029760672331015 
2.4 -6.6266026553995925 39.021915797543755 
2.4 -6.6266026553995925 39.02193659874022 
2.4 -6.6266026553995925 39.03669309253124 
2.4 0.7031699289891975 39.021981407072275 
2.4 -6.692563133929037 225.55424943208467 
2.4 -6.626603038602774 39.02191882858909 
2.4 -6.626602604414385 39.01698734332031 
2.4 0.70369993684427 39.021336842880395 
2.4 0.7037493272369026 39.07568312102167 
2.4 -6.692573397824143 225.5542566827255 
2.4 -6.6266026553995925 39.091317314460085 
2.4 -6.6925785045072566 225.5542510480759 
2.4 0.7025220371434919 39.028011562697685 
2.4 -6.693236698834998 39.02039736615616 
2.4 0.7037464760704459 39.018139559965206 
2.4 -6.693236698834998 39.02054682671891 
2.4 -6.626602604414385 39.01630837184494 
2.4 2.698730266878325 39.01537257605253 
2.4 2.1717484852042226 39.018399223864996 
2.4 -6.626602604414385 39.01877376128268 
2.4 -6.692563102415589 39.01626878484673 
2.4 -5.724246786774668 3.3683628946999713 
2.4 1.3271257436533688 39.02216855897989 
2.4 0.7037491681073611 39.02202077480869 
2.4 -6.872412460307599 3.3659838219283187 
2.4 0.7037493272369026 39.01878867010435 
2.4 2.199457951638564 23.670622929644203 
2.4 -6.7986073881424645 39.0157024596327 
2.4 -6.872412460307599 3.366354369689314 
2.4 -5.724246195478861 3.369109061039237 
2.4 0.7037493272369026 3.352398458812467 
2.4 -6.730149394959927 3.3400731854246324 
2.4 0.70369993684427 39.01425089538247 
2.4 0.7037493272369026 3.352377476359694 
2.4 0.7037239588876787 3.327582198226343 
2.4 -6.730149394959927 3.340073135840579 
2.4 0.7037493272369026 3.353669259086361 
0.1 0.17784879832622025 68.05199803717295 
0.1 0.08390743459898786 39.024849718842184 
0.1 0.08390743459898786 39.025131263056245 
0.1 0.08468130834740784 39.02589579428513 
3.5 -5.272919541875792 39.01775817653176 
3.5 -6.367530379635525 226.0227202111636 
2.8 -6.627727699053635 213.01749180738605 
2.8 -6.627727699053635 213.01739209673107 
2.8 -6.592259779665534 39.01619924516092 
2.8 -6.42817018142903 39.016553394202795 
2.8 -6.627731575459414 3.4018303604401905 
2.8 -6.627731575459414 3.402176888876097 
2.8 -6.428023440846426 3.420586544096537 
2.8 -6.710229066452849 225.54502235174428 
2.8 -6.627731575459414 3.404379927094252 
2.8 -6.4742533777403075 39.02226999562806 
2.8 -6.474247100721227 39.0227773952078 
2.8 -6.508613088330401 12.500034340347714 
2.8 -6.64849411440801 39.02469622793742 
2.8 -6.627727699053635 3.4198469570920023 
2.8 -6.648486465042586 39.019851076801636 
2.8 -6.648499697283814 39.018618403639465 
2.8 -6.648488121961689 39.01574013432716 
2.8 -6.3628489705345785 39.01319912938829 
2.8 -5.727715297258651 39.03357112683823 
2.8 -6.649146838758709 39.015080002809654 
2.8 -6.6277344075000535 3.3141482334800596 
1.7 2.0587126384132866 56.71741822163489 
1.7 1.8633329839229518 40.01863522655381 
1.7 2.146439896587861 54.771850286503515 
2.1 -0.34279976596794626 42.80018865957149 
2.1 -6.254741842130153 39.02490244978842 
2.1 1.0113898540307709 39.016154535769914 
2.1 0.03631669522055425 39.01876833240156 
2.1 -6.254767799668416 39.0253527092865 
2.1 2.460381778459496 10.816735064584458 
2.1 1.0113898540307709 39.016067215889514 
2.1 -6.254741842130153 39.02486575815254 
2.1 -6.254767799668416 39.02227051028806 
2.1 -6.254767799668416 39.022314325146816 
2.1 -6.254665483617748 39.02198194495456 
2.1 0.3782947964582597 39.015069517621946 
2.1 -6.254767799668416 39.02203320903102 
2.1 -6.254767799668416 39.021971675428986 
2.1 -6.254767799668416 39.026490471394055 
2.1 2.460590904205329 39.03884546840738 
2.1 -6.254767799668416 39.07310532345037 
2.1 -6.254767799668416 39.02203123351338 
2.1 2.383214758374887 39.02152799039257 
2.1 -6.254767799668416 39.02149010171355 
2.1 -6.254767799668416 39.0215244716645 
2.1 2.1240478654281603 39.0206872691132 
2.1 1.6306999782473781 3.356215694559088 
2.1 -6.135017230000935 39.02250883986735 
2.1 0.03635105332299382 3.31840484485877 
2.1 1.6306835463454625 3.320584950650343 
2.1 1.630709674562901 3.3527862460733733 
2.1 -0.23970654672207736 39.53335483100296 
2.1 -6.624075029324477 39.01436360926292 
2.1 -6.254758027221216 39.01775018336488 
2.1 -6.6382322697488405 39.015648251736586 
2.1 0.034324924306128324 3.321152672845361 
2.1 -6.624075029324477 39.014398161795604 
2.1 -6.4225337607629385 3.6357158650614645 
2.1 1.5896903351024179 39.01648280180797 
2.1 -0.23971475076917237 39.01362435623453 
2.1 -0.23970654672207736 39.01771301763298 
2.1 1.6306588645673905 39.097948920901075 
2.1 1.5890075975626416 3.354276576912317 
2.1 -6.03495730097848 39.029318006933806 
2.1 -6.4225337607629385 3.321792510398201 
2.1 -0.2435063245422242 39.01347540435393 
2.1 -6.422532053710992 3.321912381236991 
2.1 0.8185053683546322 39.01346725055525 
2.1 -6.4225337607629385 3.583163004241652 
0.8 1.0562822040142699 347.2558231672795 
0.8 -0.08372975760272716 298.592255284777 
0.8 -0.05365287354428183 298.5262924242241 
0.8 1.2896554653637722 298.59190314793716 
0.8 -0.05365287354428183 225.5443839665982 
0.8 0.35442325232043714 42.40970985900566 
0.8 3.0753180502907576 6.999827350311535 
0.8 1.2896554653637722 39.020125302381125 
0.8 1.4032405740791667 39.02822853336862 
0.8 3.0753180502907576 6.730242115984586 
0.8 3.0753180502907576 7.001348206202614 
2.5 -6.661518407965847 49.58770395281274 
2.5 -6.661518407965847 40.57809669250948 
2.5 -0.10263907667161476 226.02240598686328 
2.5 -6.840174557800495 39.02729704013832 
2.5 -6.667671508376147 39.02873043455335 
2.5 -0.10263907667161476 41.691716975049275 
2.5 -6.840512044885319 39.02859103956001 
2.5 -6.840174557800495 39.025995704739486 
2.5 -6.840295186816164 39.02963311562912 
2.5 -6.196648238197239 39.02480741088975 
2.5 -6.840174557800495 39.02958561510792 
2.5 -6.840161137556338 39.85369503127797 
2.5 -6.840653632974675 39.02881478983458 
2.5 -6.6120064901811535 39.01643677163379 
2.5 -6.840512044885319 39.0289891523338 
2.5 -6.840323759463528 39.02901773224714 
2.5 -6.8401520597638275 39.07417595616965 
2.5 -6.840604765080823 39.03281106925745 
2.5 -6.6120064901811535 39.01348088231107 
2.5 -6.840152142053453 39.14791052987182 
2.5 -6.840653632974675 39.0727759854845 
2.5 -6.840653632974675 39.02805796170558 
2.5 -6.840323759463528 39.021993972267666 
2.5 -6.8401520597638275 39.0235487330276 
2.5 -6.840154112874236 39.031455437084155 
2.5 -6.840653632974675 39.02777895966984 
2.5 -6.196648877906341 39.01555955349939 
2.5 -6.6120064901811535 39.18899093612959 
2.5 -5.521354049845808 3.366276165620724 
2.5 -6.840323759463528 39.532407291827006 
2.5 -6.840323759463528 39.10825386239171 
2.5 -5.521353632004818 39.01465865594397 
2.5 -6.840653632974675 39.028087261818435 
2.5 0.6763422871075804 226.02211747277195 
2.5 -6.8401520597638275 39.01995510900558 
2.5 -6.840152142053453 3.440284184257642 
2.5 -6.840653632974675 39.029612509358714 
2.5 -6.8401526892181295 39.02851339666597 
2.5 -5.52132892947829 39.01867915365309 
2.5 -6.840653632974675 39.027532321522074 
2.5 -6.840323759463528 39.02238054354416 
2.5 -6.840152142053453 39.017696481574795 
2.5 -6.840323759463528 39.02258947986809 
2.5 -6.840653632974675 39.0250997853521 
2.5 -5.610780283939814 3.37254019195398 
2.5 -6.840152142053453 39.018379071933225 
2.5 -0.10259714456033464 41.680957695453976 
2.5 -5.521354049845808 3.414857773405167 
2.5 -5.521354049845808 39.70769416063015 
2.5 -5.521354049845808 39.02083077558183 
2.5 -6.840323759463528 39.04432042777001 
2.5 -5.521354049845808 39.019126930955444 
2.5 -0.10259714456033464 226.03087507309957 
2.5 -5.521354049845808 39.10496554352906 
2.5 -6.8401520597638275 3.4418466476623997 
2.5 -6.667671508376147 39.01654956949714 
2.5 -6.840152142053453 39.015505858363206 
2.5 -6.680724935573741 39.01593704219966 
2.5 -6.679912821177776 39.93763914584682 
2.5 -5.610780283939814 3.3694777827322953 
2.5 -6.196648501609566 3.399897129531245 
2.5 -6.689322537337469 39.015765906297176 
3.3 -0.1988839591477216 132.87121357779057 
3.3 -7.049676658697253 226.03078757842798 
3.3 -6.556402823262173 184.85473022809364 
3.3 -6.536812240581625 23.67381785413623 
3.3 -6.918132678275427 41.71022218570764 
3.3 -4.71289792949341 39.0341184102028 
3.3 -4.712898330297552 38.37428837086785 
3.3 -5.853592922571757 39.02315604422547 
3.3 -5.4844712167950185 39.021905298518845 
3.3 -6.536812240581625 39.017069061116004 
3.3 -7.049676424112262 226.03078728736105 
3.3 -5.286007583192161 39.04452262225642 
3.3 -6.556402667759089 41.69326708259607 
3.3 -5.814749759429848 40.57595451685622 
3.3 -6.72625062089616 41.71127339881975 
3.3 -5.85358632522977 12.51339854228062 
3.3 -5.4844712167950185 39.022062038285156 
3.3 -5.559693623996612 225.55872186693009 
3.3 -7.049676424112262 226.02149226900923 
3.3 -5.4844711204519 39.0251230071002 
3.3 -5.4844712167950185 3.4179298669134996 
3.3 -5.559693556630043 6.771363294947557 
3.3 -6.580755472311395 41.68305851977009 
3.3 -4.550238709480993 39.029936175521854 
3.3 -5.559693728060214 225.54508412462374 
3.3 -5.412357919054562 39.02476422961972 
3.3 -5.4844712167950185 39.024093708180864 
3.3 -5.4844711204519 39.02164065148949 
3.3 -6.53681656589572 12.513088643418037 
3.3 -7.049676658697253 226.03078758492234 
3.3 -5.4844711204519 39.02069894709986 
3.3 -7.049676424112262 226.02144212795085 
3.3 -6.918132678275427 226.0307958582556 
3.3 -5.882565327224386 39.0234612670662 
3.3 -5.559106519517362 3.7652563580019023 
3.3 -6.556401297416389 226.02257001538248 
3.3 -5.484488627877347 39.07777708037103 
3.3 -7.024836823240177 226.02146064789451 
3.3 -5.559693556630043 225.54509303702676 
3.3 -7.024836823240177 226.02236478649598 
3.3 0.2906844244780995 41.68015026113389 
3.3 -5.811206468431228 39.77629295799637 
3.3 -4.76500976199514 225.54525674501508 
3.3 -5.290113215732143 39.021315492700495 
3.3 -6.918132678275427 226.02150622498414 
3.3 -5.55949006353408 225.55449821431455 
3.3 -4.463704896089016 39.03803671544896 
3.3 -6.556401297416389 226.02230333288722 
3.3 -4.558147486796399 39.0259819421635 
3.3 -5.559693556630043 225.55442315314153 
3.3 -5.598274899559321 225.5448023103796 
3.3 -5.598047828302862 225.54523481329767 
3.3 -6.416797837051384 226.0215200423907 
3.3 -7.049676424112262 226.02164124697703 
3.3 -5.559693623996612 225.55004587559958 
3.3 -6.918131552140935 41.68571377632832 
3.3 -6.144247486841994 226.02125969111367 
3.3 -6.72625062089616 226.02081625320528 
3.3 -5.4844712167950185 39.02210552116314 
3.3 -6.962386526347549 41.73753708991984 
3.3 -7.049676658697253 226.02067040495496 
3.3 -7.049676424112262 226.02236493920947 
3.3 -6.580755530025662 41.740048291024316 
3.3 -7.049676658697253 226.02112853163277 
3.3 -7.049676658697253 226.02089929663362 
3.3 -0.048059753947635286 226.02052873669572 
3.3 -5.8540666071073115 39.01936805772407 
3.3 -5.4844712167950185 39.075029918869305 
3.3 -4.740511149480232 225.54458328883737 
3.3 -6.536816488550848 39.416094610105525 
3.3 -6.726250613236575 41.68802702644194 
3.3 -7.049676658697253 41.75804130779465 
3.3 -5.598274899559321 225.54447689506256 
3.3 -5.4844712167950185 39.01648531092696 
3.3 -5.853939532211392 39.016542324227956 
3.3 -6.536795088582117 39.01718749522588 
3.3 -5.47263438206428 3.378021401325063 
3.3 -5.4844712167950185 39.097771162768794 
0.5 -0.4559555496711152 292.4476458446456 
0.5 0.49443591832785927 41.733254193685106 
3.2 -0.6103264990147892 40.24914766998889 
3.2 -6.764241330401976 38.42365250872637 
3.2 -6.8346354255877735 39.0249902248843 
3.2 -6.805429758830986 39.030082225686826 
3.2 -6.552573543140065 39.079437113391315 
3.2 -6.805461036523253 39.0239281609482 
3.2 -6.630616342873129 39.07950101303067 
3.2 -6.805429979659484 39.02550517133697 
3.2 -6.805429758830986 39.02788477426039 
3.2 -6.805429003635572 39.02129028861289 
3.2 -6.764241481487668 38.36908383893854 
3.2 -6.6306570744802045 39.07734096976358 
3.2 -6.764241481487668 38.36908186428613 
3.2 -6.764241481487668 38.36896528343624 
3.2 -6.761959011055186 3.432629012017693 
3.2 -6.325806863406376 39.027780118321346 
3.2 -6.227777187355567 39.76352084720543 
3.2 -6.325806863406376 38.376816917224204 
3.2 -6.65073851014494 226.02089929663362 
3.2 -6.834636548839022 39.01639187487746 
3.2 -6.805429909355745 39.01342600794048 
-0.8 -3.5406801789804874 39.03114593999321 
-0.8 -3.4696555697278697 41.52179742982511 
-0.8 -3.3655426437958074 39.151812153312086 
-0.8 -3.2988961075826673 39.02134696182906 
-0.8 -2.855682735240581 23.674932445324984 
-0.8 -3.2988961075826673 39.44312567652102 
-0.8 -3.276601674765635 6.7973068629831195 
-0.8 -3.5406801789804874 39.030810978985244 
-0.8 -3.3655426437958074 23.675780968137826 
-0.8 -3.3655426437958074 39.01329606010623 
-0.8 -3.276601674765635 39.03184208549057 
-0.8 -3.7826204028482078 40.93450520740988 
-0.8 -3.3655426437958074 23.67585064721648 
-0.8 -3.3655426437958074 23.67617096569777 
-0.8 -3.276601674765635 39.023768519371764 
-0.8 -3.7826204028482078 40.932584779953466 
-0.8 -3.7826204028482078 40.934240624539356 
-0.8 -3.6159882357595237 39.02530656143165 
-0.8 -3.7819659669993726 40.934464279537785 
-0.8 -3.276601674765635 39.023017009061796 
-0.8 -3.276601674765635 39.03179719040335 
-0.8 -3.276601674765635 6.79775831036418 
-0.8 -3.276601674765635 39.031801324726125 
-0.8 -2.855682735240581 39.01839148680459 
-0.8 -3.6592389680523905 39.019356526581774 
-0.8 -3.6159882357595237 39.03450581394867 
-0.8 -2.855682735240581 39.018440370987626 
-0.8 -2.5370333358750283 3.4173690111399564 
-0.8 -3.3655426437958074 23.675838598878535 
-0.8 -3.3655426437958074 39.10679615310313 
-0.8 -2.855682735240581 6.715397437250525 
-0.8 -3.3655426437958074 23.67601858962972 
-0.8 -3.3655426437958074 23.681121135002165 
-0.8 -3.3655426437958074 40.01341206442893 
-0.8 -3.3655426437958074 39.01589150283732 
-0.8 -3.3655426437958074 39.01335145463699 
-0.8 -3.276601674765635 6.716658762986408 
-0.8 -2.5656287420384736 39.023103980964464 
-0.8 -2.862933337390876 6.717131438005477 
-0.8 -3.6411879083252643 23.67035863908401 
-0.8 -3.952757548115226 40.92883272352445 
-0.8 -3.3655426437958074 39.021129005443164 
-0.8 -3.3655426437958074 39.01644775044503 
-0.8 -3.3655426437958074 3.3637460109680806 
-0.8 -3.276601674765635 3.406708015975984 
-0.8 -3.276601674765635 39.02266071070102 
-0.8 -3.7826204028482078 23.670610065334593 
-0.8 -3.6592389680523905 39.019458469471545 
-0.8 -3.7826204028482078 23.670471333203825 
-0.8 -3.645546086222849 23.670724219544002 
-0.8 -3.7826204028482078 23.669893764079994 
-0.8 -3.6411879083252643 39.01493917179324 
-0.8 -3.3655426437958074 39.16652191682103 
-0.8 -3.645546086222849 23.670611923964362 
-0.8 -3.3655426437958074 39.014847297269554 
-0.8 -3.4502506723639286 23.673471385208103 
-0.8 -3.3655426437958074 39.02261058422309 
-0.8 -3.7826204028482078 39.08270985108386 
-0.8 -3.6159882357595237 23.67373973428959 
-0.8 -3.952757548115226 41.38101180426696 
-0.8 -3.6592389680523905 39.01946263292584 
-0.8 -3.3655426437958074 40.92997802985593 
-0.8 -3.7826204028482078 39.01527338185837 
-0.8 -3.6065529176184796 23.669423573241488 
1.2 1.3332095037755813 281.51721665721345 
1.2 0.7653510769303011 324.90076561094963 
1.2 0.2653796400877919 39.01683969954278 
1.2 0.2653796400877919 39.01684238059619 
1.2 1.9206986617243835 39.02553127461832 
1.2 1.9206986617243835 39.02046713463608 
1.2 1.9121775762112172 12.51729118702261 
1.2 0.7901549134974779 39.02940145164676 
2.7 2.3737644639652125 196.40456980410906 
2.7 -0.329352337866732 10.816734187287292 
2.7 -6.624493130632693 168.874081543247 
2.7 -6.73831957260877 3.5152608250849062 
2.7 -6.522047950197209 39.023433392548526 
2.7 2.080482550788613 39.673384174153654 
2.7 -6.522047950197209 39.023436474395744 
2.7 -6.522047950197209 39.02273569485716 
2.7 -6.73831957260877 39.031784977211885 
2.7 -6.73831957260877 39.047020166690736 
2.7 -6.79975524781689 39.024163591381566 
2.7 -0.724216236328056 39.024593765104584 
2.7 -6.718842656458349 3.417023222004198 
2.7 -6.73831957260877 225.5466590164177 
2.7 -6.5219834257806895 39.03295582121826 
2.7 -6.799506006591081 39.029029641430974 
2.7 -6.738318016228845 3.507273007352656 
2.7 -6.799754373253229 39.02415888335454 
2.7 -0.04765572303829835 10.817267400562523 
2.7 -6.73831957260877 39.03126710211576 
2.7 -6.799754486422872 39.025781624211184 
2.7 -0.012249930121521757 339.55773032600166 
2.7 -5.7457748948969485 3.420912129492238 
2.7 -6.782133582558783 39.024082501672765 
2.7 -5.514788612271554 39.02520565835473 
2.7 -6.799773615075182 39.02417877998992 
2.7 -6.79975524781689 39.024035569196336 
2.7 -6.531830666759962 39.016495212814114 
2.7 -6.718855430182277 39.02418004370678 
2.7 -6.738677747432744 39.02853355299911 
2.7 -6.738318356554782 39.030741278010716 
2.7 -6.738318356554782 3.535251115233325 
2.7 -6.738318016228845 3.43681317985533 
2.7 -6.718842656458349 3.484231708789181 
2.7 -6.7383178906903325 39.02614765704935 
2.7 -6.738317942051594 40.02935932236158 
2.7 -6.718840911854475 38.36750323318431 
2.7 -5.7457748948969485 3.4209141029530867 
2.7 -6.718844667395102 3.4018173294192926 
2.7 -5.7451930164253415 39.02129289521177 
2.7 -6.738318016228845 3.4713328027404886 
2.7 -6.738318016228845 3.4368152951550286 
2.7 -6.799754228700536 3.350375193914501 
2.7 -5.514788665610613 3.4381606401442077 
2.7 -6.602513806568879 3.3642419054259816 
2.7 -6.718840665761535 3.360971893763134 
2.7 -5.745775087895485 3.339115888104433 
2.7 -6.782133488015987 39.01333614501226 
2.7 -6.718840665761535 3.3482699550416712 
2.7 -5.745581237164631 39.016795111287415 
2.7 -6.602513985356712 3.307758844833475 
2.7 -6.718840665761535 3.3564670161888803 
2.7 -5.745775087895485 3.339114703253876 
2.7 -6.782133488015987 39.99202394963117 
2.7 -6.799754228700536 3.3641196580774504 
2.7 -6.602513806568879 3.33637395902216 
2.7 -6.782133488015987 39.014724143891925 
2.7 -6.7997630629500065 3.3356259285598484 
2.7 -6.799801155508682 3.4095238505212824 
1.8 1.825908286323756 195.5836763578008 
0.4 0.6454862420065055 191.71500281575618 
0.4 0.28414968589899736 39.07260177741478 
-0.2 -0.5810575662371562 253.83218848448394 
-0.2 -0.08731264591030019 39.023949705978424 
-0.2 -0.030969174513524322 39.60928812495005 
-0.1 0.9099966054918802 39.02072499966352 
-0.6 -3.306043550406333 39.03117686256345 
-0.6 -2.935869748101977 339.55771737908094 
-0.6 -3.0968952216216827 39.0310647961286 
-0.6 -3.0968952216216827 39.04543010762317 
-0.6 -3.306043550406333 39.05534175646346 
-0.6 -3.6682178257978695 164.10431882574034 
-0.6 -3.0968952216216827 39.02321837942906 
-0.6 -3.6682178257978695 164.10431875001626 
-0.6 -0.4211340592863042 164.10655445183536 
-0.6 -3.0968952216216827 39.02997771769255 
-0.6 -3.0968952216216827 23.674999563429353 
-0.6 -3.306043550406333 39.03260159790337 
-0.6 -2.860052270137066 39.684190718674586 
-0.6 -3.0968952216216827 39.02452930508643 
-0.6 -0.4211340592863042 39.54611261633223 
-0.6 -3.6401093028567235 164.10565200641403 
-0.6 -3.0968952216216827 23.674765175213114 
-0.6 -2.940378329716923 339.5575534846311 
-0.6 -1.6153500983132343 23.671432919046694 
-0.6 -0.41819372084402673 164.1048545921134 
-0.6 -1.6153500983132343 23.669902023164564 
-0.6 -1.6153500983132343 23.671687346810106 
-0.6 -1.6153500983132343 39.01561917690168 
-0.6 -0.4211340592863042 39.02548996833129 
-0.6 -0.4211340592863042 164.10631062171402 
-0.6 -2.924977921841643 39.0143677431035 
-0.6 -2.0795434977844565 39.026253778951634 
-0.6 -3.0968952216216827 12.51224009317808 
-0.6 -0.4211340592863042 39.020750474327514 
-0.6 -0.24880863563516797 39.014442982161675 
-0.6 -2.0795434977844565 39.0185024633884 
-0.6 -3.122336303612176 39.01640847353655 
-0.6 -2.924977921841643 3.3618334347287218 
-0.6 -2.0795434977844565 3.3566453170737227 
-0.6 -2.0795434977844565 3.349827053317898 
3.7 -5.392951689120608 233.73876258730286 
3.7 -5.021653690370709 39.04325236883025 
0.2 1.4529984074099147 168.65659697702992 
2.9 0.9667435497622101 70.17823703227029 
2.9 -6.248958743457429 39.086183986262 
2.9 -6.799886072780639 39.06615189842312 
2.9 -6.807831395833757 70.15299655456454 
2.9 -6.800485772112367 39.06558444694163 
2.9 -6.511136525566037 39.02065909553471 
2.9 -6.249020613154546 70.14445488452075 
2.9 -6.249493547721455 39.02269844504043 
2.9 -6.90746489744914 39.75623406095279 
2.9 -6.3530961894154245 39.76356256912497 
2.9 -6.907493760702881 39.013378255511064 
2.9 -6.085547170479455 39.013202077930316 
2.9 -6.907493760702881 39.02839374606722 
2.9 -6.210718983332249 39.02764394300661 
2.9 -6.268532742058973 39.02224023322206 
2.9 -6.511142325327265 39.02140902547949 
2.9 -6.708690798722378 39.016725056640354 
2.9 -6.907493760702881 39.013336307809695 
2.9 -6.907496757487589 39.014259176375894 
2.9 -6.907493760702881 39.01417610019815 
2.9 -6.268559175880133 39.04612329305132 
2.9 -6.907493760702881 39.01333682150701 
2.9 -6.907493760702881 39.507581221353156 
2.9 -6.907496757487589 39.01544422595177 
2.9 -5.682633748002035 3.399945054485444 
2.9 -6.907493605674015 39.01683414050703 
2.9 -6.51114829429714 39.01715585454107 
2.9 -5.258582516249158 39.018440632454436 
2.9 -6.907998837612038 39.01345939205432 
2.9 -6.907493760702881 39.0137540913518 
2.9 -6.907493605674015 39.01356461692629 
2.9 -6.907494647000366 39.01316861553385 
-0.3 -0.06163055686940666 66.77624176750048 
-0.3 -0.06163055686940666 66.77624176754767 
-0.3 -0.4220911062578345 39.0290189072014 
-0.3 0.23066859971495646 39.027273079251685 
-0.3 -0.4220911062578345 39.0309868650627 
-0.3 0.23066859971495646 39.02714703390363 
-0.3 -0.4220911062578345 39.02817711811319 
1.9 -6.777544854079769 39.02148420935563 
1.9 -6.777544854079769 39.021443414396465 
1.9 -6.777544854079769 39.0221048209876 
1.9 -6.777544854079769 39.02266403578177 
1.9 -6.777544854079769 39.02144340525385 
1.9 -6.777544854079769 39.051648451510125 
1.9 -6.777544854079769 39.02143116952218 
1.9 -6.418191455292773 39.0233566487822 
-0.0 0.0 192.32265837684326 
0.0 0.008222887194389017 140.7378300309896 
0.0 -0.41795858489014925 264.0966727550522 
-0.0 0.0 192.3224921225544 
0.0 0.8251611101908445 39.021117348606715 
-0.0 -0.08132694296278942 39.02661068226811 
-0.0 -0.08132694296278942 39.0266030436735 
0.0 0.8251611101908445 39.021117251321655 
-0.0 0.6410267361175528 39.04022767006387 
0.0 0.8251611101908445 39.02073303800175 
0.0 0.0 39.02013578956197 
0.0 0.8251611101908445 39.01639787381489 
-0.0 0.0 39.019164700845515 
1.1 1.777927323132964 12.520319351690855 
1.1 1.6642435427046216 12.49889725504739 
