-1.0 -3.6782160617037665 3.3231685164837006 
-1.0 -4.054602421694938 3.360147953967406 
-0.7 -4.118964666590138 40.92620992938417 
-0.7 -4.119123848081259 40.927798546819254 
2.3 -6.7928616827891 39.01640749067899 
3.1 -6.920604385688076 39.01678831389425 
2.4 -6.872412460307599 3.3659838219283187 
2.4 -6.730149394959927 3.340073135840579 
2.8 -6.6277344075000535 3.3141482334800596 
2.1 0.03635105332299382 3.31840484485877 
2.1 -6.624075029324477 39.01436360926292 
2.1 -6.6382322697488405 39.015648251736586 
2.1 0.034324924306128324 3.321152672845361 
2.1 -6.4225337607629385 3.321792510398201 
3.3 -6.962386526347549 41.73753708991984 
3.3 -7.049676658697253 41.75804130779465 
2.7 -6.602513985356712 3.307758844833475 
2.7 -6.7997630629500065 3.3356259285598484 
2.9 -6.907998837612038 39.01345939205432 
2.9 -6.907494647000366 39.01316861553385 
1.9 -6.777544854079769 39.02143116952218 
