-1.0 [[17.82458606013552], [2.4537991873917413, 24.202354470270038, 92.13216021821712], [119.39615878169914, 50.76091571470058], [0.20404607247521178, 6.7852239646731585]] 
-1.0 [[16.48888243590135], [2.4999994910479915, 71.41335161398158, 92.13216021821712], [1.589727140644115, 193.8042383227662], [0.44027031365164637, 27.41765067671759]] 
-0.7 [[17.77116851699499], [35.98983345003507, 76.7085568567417, 2.5], [0.5963364532480641, 9.339583298433595], [0.5565783754792825, 28.017805875086072]] 
-0.7 [[19.201279915402317], [35.98983345003507, 122.75863553571631, 2.5], [0.5963364532480641, 9.339583298433595], [0.5565783754792825, 28.02288082801777]] 
2.3 [[8.219270722224046], [2.5, 101.2971134755473, 2.5], [6.059604053757273, 153.91786903822418], [1.0351094411292063, 23.58136553251806]] 
3.1 [[31.418624705379088], [2.4999999992125383, 76.6816626161098, 2.5], [1.2941242704570879, 50.0732357752852], [1.7518557508140606, 9.548115973364988]] 
2.4 [[17.865870227587106], [2.499999479658259, 79.00323960524021, 92.13216021821712], [8.736603052303394, 193.8042383227662], [0.8251695035951395, 28.29722474326801]] 
2.4 [[15.934310190423234], [2.4999998863341375, 79.00323960524021, 92.13216021821712], [8.736603052303394, 193.8042383227662], [0.8251695035951395, 17.4232294378228]] 
2.8 [[5.952204400938361], [2.499994040859545, 31.92888640472221, 92.13216021821712], [1.101243219313102, 141.69396372154677], [2.017018256200946, 10.02372816545466]] 
2.1 [[9.814222676496987], [2.498168116346875, 75.65419346474012, 92.13216021821712], [0.8953859752414561, 151.13097291487998], [2.002691995981496, 10.036259511505142]] 
2.1 [[9.235880641848912], [2.498168116346875, 77.02530442104927, 2.5], [7.845904711608559, 169.93825606918705], [2.0160936986568543, 7.466924170889211]] 
2.1 [[12.229410052840297], [2.498168116346875, 77.02530442104927, 2.5], [7.845904711608559, 228.90832765343322], [3.0405166898917013, 7.466924170889211]] 
2.1 [[9.814222676496987], [2.498624328679152, 75.65419346474012, 92.13216021821712], [0.8953859752414561, 151.13097291487998], [6.252678456368902, 11.239199095939574]] 
2.1 [[8.447655320035032], [2.4999884685272074, 77.23939978731039, 92.13216021821712], [96.81908309927982, 171.90786133190412], [2.002691995981496, 8.028736372699973]] 
3.3 [[20.587716775694105], [41.75354053354267, 483.3543669788233, 2.5], [1.1193212984605068, 171.62659099270934], [0.8235454697096061, 8.929972087615933]] 
3.3 [[17.308435687807076], [41.75354053354267, 128.05680256919015, 2.30073023233507], [1.1190253286583574, 169.97281603785004], [0.8235458635028272, 18.76451198756622]] 
2.7 [[6.151124273682276], [2.5, 23.262588142425663, 92.13216021821712], [4.692952804849612, 70.41019604748513], [0.4216451027653945, 9.529233301148432]] 
2.7 [[9.948448894002755], [2.4999877535528854, 104.22835236330701, 92.13216021821712], [3.562226999278966, 151.29418170527805], [2.0040155880066353, 18.078524735908847]] 
2.9 [[8.007041922206245], [2.5, 17.90151772092968, 2.5], [1.1807791268682695, 67.14979299579231], [4.753356696433745, 8.013981596414206]] 
2.9 [[8.007041922206245], [2.5, 23.631067496188805, 2.5], [0.30201939750857976, 45.87127154668601], [0.4407950101538698, 8.013981596414206]] 
1.9 [[36.43714399701939], [2.5, 72.8216587137748, 2.5], [1.5553154552301287, 148.97396805293192], [0.6613870213980287, 27.200544403113163]] 
