0.7 0.4432388313470632 345.7091888359937 
0.7 105.24248873885598 39.09097212003037 
1.5 0.1676884958081113 14.39247278614113 
1.5 0.7274485558365802 39.02800653293638 
1.5 0.1238716474082091 39.02906508817459 
1.5 0.1238716474082091 7.778460411968909 
1.5 0.3267812049098542 40.8549064422171 
1.5 1.1456618723189664 39.016999633301516 
0.6 0.2664069828029769 39.02419201799741 
0.6 0.19290699292864377 40.27982807177292 
0.6 0.43125005591492327 34.00734178191038 
0.6 0.2664069828029769 39.02497969975321 
0.6 0.6898485905758376 40.56300995865341 
0.6 0.16291872082941738 40.278184122387046 
0.6 0.3660074907912785 40.928804669532205 
0.6 98.63898873885599 39.25096444630101 
0.6 103.09957389464265 39.01751611524009 
0.6 103.87253871208814 1.854188972000242 
0.6 0.22445405967835508 39.01925961320533 
4.3 0.2869015445954157 58.62044409489469 
4.3 0.5469402330917366 126.88038130889461 
4.3 0.3094280869221573 311.2890205588365 
4.3 0.15504348716086325 167.15372146912583 
4.3 0.4501383822497673 39.022422481579326 
4.3 0.4501383822497673 39.02109584345632 
4.3 103.72520428762424 39.04945576544857 
4.3 0.2976506576032971 2.0150022811641737 
4.3 0.45013838224976754 9.339694052293265 
3.0 0.1753501664112691 162.8337092045287 
3.0 0.3456277157490737 27.765273555324512 
3.0 0.3456277157490737 39.597775465888795 
3.0 -0.06041157618585613 26.947197709520832 
3.0 101.41789083621623 39.0358749065128 
3.0 0.44358311992949595 39.03651732380816 
3.0 0.44358311992949595 39.022807617194516 
3.0 0.3853778301150672 72.22587224353838 
3.0 -0.06041157618585613 39.02514071047561 
3.0 -0.06041157618585613 39.028675857975806 
3.0 -0.06041157618585613 39.022553309062346 
3.0 0.44358311992949595 26.951533388139893 
3.0 -0.06041157618585613 39.11747537286711 
3.0 102.56119625134437 26.939425938416196 
-0.4 198.63898873885597 160.30474280736888 
-0.4 198.63898873885597 39.0265670966418 
-0.4 198.63898873885597 39.05493796202617 
-0.4 198.63898873885597 2.3697929484815954 
-0.4 198.63898873885597 39.024701640892914 
-0.4 198.63898873885597 39.027422694735414 
-0.4 198.63898873885597 39.02694629746486 
-0.4 198.63898873885597 39.025731567710125 
-0.4 198.63898873885597 2.470012903821523 
-0.4 198.63898873885597 39.16901067846382 
-0.4 198.63898873885597 2.425008363271461 
-0.4 198.63898873885597 2.546314110623246 
-0.4 198.63898873885597 39.0168462379661 
-0.4 198.63898873885597 40.281150555834195 
-0.4 198.63898873885597 2.3700114445861833 
-0.4 198.63898873885597 2.411015256291948 
-0.4 198.63898873885597 2.361874127791013 
-0.4 198.63898873885597 39.029878494321075 
-0.4 198.63898873885597 2.4097730164415987 
-0.4 198.63898873885597 39.01667645249986 
-0.4 198.63898873885597 2.4396692943271203 
-0.4 198.63898873885597 39.02644004432212 
-0.4 198.63898873885597 2.3551649879339553 
-0.4 198.63898873885597 39.023560301875996 
-0.4 198.63898873885597 2.3839346775576287 
-0.4 198.63898873885597 39.02104386412619 
-0.4 198.63898873885597 39.860260304635446 
-0.4 198.63898873885597 39.01872037086905 
-0.4 198.63898873885597 2.3625305320486953 
-0.4 198.63898873885597 36.03551623997694 
-0.4 198.63898873885597 2.361121841667211 
-0.4 198.63898873885597 2.3804707856075065 
-0.4 198.63898873885597 40.277114215158555 
-0.4 198.63898873885597 39.02455571348377 
-0.4 198.63898873885597 1.8436172539666031 
-0.4 198.63898873885597 39.01664557121833 
-0.4 198.63898873885597 39.02264573407544 
-0.4 198.63898873885597 39.01645782833621 
-0.4 198.63898873885597 1.9122549077675044 
-0.4 198.63898873885597 39.0235619540401 
-0.4 198.63898873885597 1.8462871750137662 
-0.4 198.63898873885597 39.0167064685945 
-0.4 198.63898873885597 1.8506768448426647 
2.2 0.09104070925145336 170.5415960846391 
0.3 0.7320255553967776 39.018154090145174 
0.3 -0.04557906997509553 39.02035651424551 
0.3 -0.04557906997509553 39.02035713078133 
0.3 0.5448447112363506 39.021806562641494 
0.3 -0.04557906997509553 39.054681755875905 
0.3 -0.04905376752221646 39.24610091608253 
0.3 -0.04557906997509553 39.02039733939152 
0.3 -0.04557906997509553 39.01859280718895 
0.3 -0.04398512974072433 39.029564275738174 
0.3 0.15110047865631038 39.03701170772532 
0.3 -0.04557906997509553 39.018532660785006 
0.3 0.06540353507756058 1.8796015976853861 
0.3 103.96175365414041 39.09822191782565 
0.3 -0.2825520324896025 39.25097874236898 
0.3 -0.04905376752221646 39.03982966653106 
0.3 -0.05166381762644279 39.21997611903944 
0.3 0.06540353507756058 39.02496992571615 
0.3 1.0916324085158515 9.367533775931829 
0.3 0.06540353507756058 1.8524684073158146 
0.3 -0.04905376752221646 39.2194522705834 
0.3 -0.05166381762644279 39.02837429842674 
0.3 103.95133018601004 1.8491244954197312 
0.3 103.95116015398456 39.01953292155385 
0.3 0.32798569745089967 40.009086395642306 
0.3 -0.04905376752221646 39.02583155532057 
0.3 -0.01955411914592764 39.02666097223669 
0.3 -0.04557906997509553 39.01870258946702 
0.3 103.95133018601004 1.8527226491023647 
0.3 -0.04905376752221646 39.02583240726988 
0.3 0.5199853739585347 39.02081938324727 
0.3 -0.04557906997509553 39.52181690053557 
0.3 -0.04905376752221646 39.025616921334084 
0.3 103.95116015398456 39.86459943418622 
0.3 -0.01955411914592764 39.018570852542304 
0.3 -0.04557906997509553 39.01885263006614 
0.3 0.7058117479771759 1.8806529789389048 
0.3 -0.04557906997509553 39.0177688312539 
0.3 -0.05166381762644279 39.02773069795917 
0.3 0.5199853739585347 39.03842684985798 
0.3 -0.04557906997509553 9.35143932788643 
0.3 -0.01955411914592764 39.690224130364626 
0.3 103.95116015398456 39.01674119846864 
0.3 -0.04398512974072433 39.25181696326291 
0.3 -0.04557906997509553 9.36963114891049 
0.3 0.5199853739585347 39.02004985471715 
0.3 103.9588853907364 1.857294781747616 
0.3 0.06540353507756058 1.874685021449996 
0.3 103.95133018601004 1.8491255627138852 
0.3 0.06540353507756058 1.8524673419477684 
0.3 -0.2825520324896025 39.25083828701589 
0.3 -0.04905376752221646 39.025720274225876 
0.3 -0.05166381762644279 39.01745563398592 
0.3 -0.04905376752221646 39.025160547570096 
0.3 -0.04557906997509553 39.01839048263296 
0.3 -0.01955411914592764 39.01767173454731 
0.3 -0.04557906997509553 9.350562517208433 
0.3 0.19779680758012197 39.253071131243416 
0.3 0.151897492866919 39.02291546948477 
0.3 -0.2825520324896025 39.01643996898012 
0.3 -0.2825520324896025 39.01627157805465 
0.3 -0.2825520324896025 39.25153464420587 
0.3 -0.04557906997509553 9.352908260784991 
0.3 0.09549051142402054 39.016642381279205 
0.3 -0.04557906997509553 9.359261752686649 
0.3 -0.04557906997509553 39.231960535461155 
0.3 -0.04557906997509553 39.02302256371154 
0.3 0.15322344544241773 39.251232080632164 
0.3 -0.2825520324896025 39.25020283590208 
0.3 -0.04499366422651008 39.25097444885292 
2.3 0.8182541574084978 111.52358545002164 
2.3 0.4568698055692946 21.82902333189781 
2.3 0.015916564194822014 39.0217731040333 
2.3 0.8182541574084978 111.52142448847201 
2.3 0.015916564194822014 39.021781511511605 
2.3 0.015916564194822014 39.156001914951744 
2.3 -0.08860978883095472 39.02609149397816 
2.3 0.4568698055692946 39.01899429436423 
2.3 -0.0930488231971971 9.345935503888825 
3.4 0.4435609211693683 109.32431492322273 
3.4 0.16846794533474374 336.8524735757312 
3.4 0.14428231567121075 277.7034942363086 
3.4 0.3896185712349072 109.31553427916867 
1.0 -0.059415501112559 72.22484522071349 
1.0 0.6730242696904862 321.0625090416779 
1.0 -0.061311766412949664 319.961699838184 
1.0 -0.061318700666001646 39.37155577556306 
1.0 -0.059415501112559 161.90568486684623 
1.0 -0.061311766412949664 39.36685481510677 
1.0 -0.059415501112559 39.02324852701957 
1.0 -0.059415501112559 40.567826853170644 
1.0 -0.27588155635734846 39.022553304952496 
1.0 -0.059415501112559 39.02602284305549 
1.0 -0.059415501112559 39.02364030668478 
1.0 104.6664380801594 39.0253338457685 
1.0 101.35871376773757 39.08110740766841 
1.0 -0.27588155635734846 26.938491721198346 
1.0 101.35850171585194 36.05014791575965 
1.0 -0.10099545334492244 39.022609369569125 
1.0 -0.059415501112559 39.046178348042 
1.0 0.6575845112651653 39.01536516456285 
1.0 -0.27588035659988375 26.938455104634016 
1.0 -0.05946860834028267 39.02806077783983 
1.0 -0.27588155635734846 39.02554853346483 
1.0 -0.05946860834028267 39.02168569128951 
1.0 -0.27588035659988375 39.34205874044748 
1.0 -0.27588155635734846 39.022553787573486 
1.0 -0.27588035659988375 39.022480519337705 
1.0 -0.05946860834028267 39.05069224799816 
1.0 0.2889498881841619 1.9336696894420022 
1.0 -0.059415501112559 39.02781535588038 
1.0 -0.22822258597076273 39.02255932224343 
1.0 -0.27588155635734846 26.938380975851956 
1.0 -0.27588155635734846 39.02242519956314 
1.0 -0.059415501112559 39.01845154750499 
1.0 -0.059415501112559 39.085261623356004 
1.0 103.1404663951406 36.036833066594916 
1.0 -0.27588035659988375 39.02245000537447 
1.0 -0.059415501112559 39.02669535020775 
1.0 -0.27588035659988375 26.944050143149884 
1.0 -0.05946860834028267 2.2625374782119354 
1.0 -0.059415501112559 26.939373192794164 
1.0 -0.05943306642364954 39.03175088688227 
1.0 0.131277192783539 39.027835073922276 
1.0 -0.04705831047778619 39.018454100506766 
1.0 -0.08007804831162146 39.02218305532143 
1.0 -0.10099545334492244 26.937721668418227 
1.0 -0.27588155635734846 26.93839803604158 
1.0 0.6575860894072836 26.929696957586664 
1.0 101.62564853224423 26.941504913402596 
1.0 0.299103222310781 39.37564990319604 
1.0 -0.04705831047778619 26.937242550282324 
1.0 0.299103222310781 26.945716183526105 
1.0 -0.27588155635734846 26.938436262046967 
1.0 -0.27588155635734846 39.02393580757993 
1.0 0.3120566016147779 1.9064399640903187 
1.0 0.159984400234765 26.941392265543413 
1.0 -0.27588155635734846 39.100165780228 
1.0 0.29911857411940646 39.01854005258117 
1.0 -0.27588155635734846 39.022438352736884 
1.0 103.12751284211392 39.02249427465969 
1.0 -0.04705552677666347 26.93680336261321 
1.0 0.2368941470062116 39.02089713216627 
1.0 0.9287539920090402 39.01810087287813 
1.0 -0.05946860834028267 39.22921879008331 
1.0 -0.059415501112559 39.01645751592897 
1.0 -0.05945696936873479 1.9069688816317625 
1.0 -0.05945696936873479 39.052235844933335 
1.0 -0.059415501112559 39.32802433752955 
1.0 -0.05945696936873479 1.9066185776750117 
4.0 0.4303392025556738 169.59271796833022 
4.0 0.31441115866870084 132.01822238055823 
4.0 0.31441115866870084 132.01822514480853 
4.0 98.63898873885599 131.46335092926887 
4.0 98.63898873885599 168.74088752003618 
4.0 0.33488632321053036 131.46361932374234 
0.9 0.23099625331408502 132.27389549243458 
0.9 0.8363499312632583 37.84143164142957 
0.9 -0.01712602102318672 158.18972822076626 
0.9 -0.032719432272583004 39.023904009744385 
0.9 0.5078288611071591 37.809662202430694 
0.9 0.23561793529580966 37.81110405579572 
0.9 -0.01712602102318672 40.49994549355502 
0.9 -0.15239366201944482 39.08057583077602 
0.9 -0.3086090792003886 39.02781381073963 
0.9 -0.03257977499740283 39.02973687339744 
0.9 -0.037938263527669935 39.022732244579394 
0.9 -0.1523936620194437 36.04393840768893 
0.9 -0.15239366201944482 39.01662905217811 
0.9 0.11962672318281764 39.027387314077956 
0.9 -0.03789651912535952 39.03117041117683 
0.9 0.6641088666395971 39.19229918825295 
0.9 -0.15239366201944482 39.883456827350585 
0.9 -0.1523936620194437 39.02311480734777 
0.9 -0.15239366201944482 39.027812659874286 
0.9 -0.15239366201944482 39.06888852347618 
0.9 -0.15239366201944482 36.05562300417247 
0.9 -0.1523936620194437 39.02255073207978 
0.9 -0.15239366201944438 39.0253386876075 
0.9 -0.30860888256416796 39.021799508801955 
0.9 -0.1523936620194437 39.016299458728724 
0.9 -0.1523936620194437 39.016642063555146 
0.9 0.31491286997150225 39.01827215534557 
0.9 -0.15239366201944482 39.03926552962998 
0.9 -0.3086086127676537 36.03830558973433 
0.9 -0.1523936620194437 36.043695501963576 
0.9 -0.30860888256416796 39.021803116090894 
0.9 0.22217490700614273 36.05444029066297 
0.9 -0.15239366201944482 39.022365313497566 
0.9 -0.03797952197376642 39.02022891678138 
0.9 -0.15239366201944482 39.017026754119115 
0.9 -0.3086096779782572 39.01957245491937 
0.9 0.11962672318281764 39.030117079221206 
0.9 -0.037938263527669935 39.029700291546426 
0.9 -0.3086090792003886 39.027901702119436 
0.9 -0.032719432272583004 39.0166908264429 
0.9 -0.03789651912535952 39.03684576092489 
0.9 -0.1523936620194437 39.021059159873076 
0.9 -0.037938263527669935 39.03279625047692 
0.9 -0.032719432272583004 2.344985156668159 
0.9 -0.1523936620194437 26.939945911760443 
0.9 0.22217490700614273 36.03558646883295 
0.9 -0.032719432272583004 39.02230066154153 
0.9 -0.3086096779782572 39.01957235636337 
0.9 -0.032719432272583004 39.02356418774642 
0.9 -0.032719432272583004 2.344170410418624 
0.9 -0.15239366201944482 9.352202118194432 
0.9 0.055552010202965185 39.1699884556197 
0.9 -0.03789651912535952 39.02572317194448 
0.9 -0.03789651912535952 39.02256311141624 
0.9 -0.037938263527669935 39.03090739232822 
0.9 0.2221229043185291 36.03840347820191 
0.9 -0.1523936620194435 39.021841576692616 
0.9 0.22454849786963726 39.02004871658073 
0.9 -0.15239366201944482 9.352204220136011 
0.9 -0.15239366201944438 26.939869136588577 
0.9 -0.032851105270349956 1.907330378963511 
0.9 -0.07415449731912482 9.342472729017992 
0.9 -0.1523936620194435 39.728180225942474 
0.9 -0.3086096779782572 39.01947865449927 
0.9 -0.3086086127676537 36.03830556828626 
0.9 -0.3086086127676537 36.03791585706114 
0.9 -0.15239366201944482 9.352202118978713 
0.9 -0.15239366201944482 9.35171434953511 
0.9 -0.1523936620194437 39.01872560757673 
0.9 -0.3086090792003886 39.01943378411548 
0.9 -0.3086096779782572 39.01783758449191 
0.9 -0.15239366201944482 9.35855753432369 
0.9 0.13545248930907117 40.277153283010875 
0.9 -0.15239366201944482 9.351488483670586 
0.9 -0.3086086127676537 36.038014929306854 
0.9 -0.15239366201944482 9.35834054576561 
0.9 -0.15239366201944482 36.03729506191768 
0.9 -0.15239366201944482 39.01870003931276 
0.9 -0.010968620201887935 39.0193424948715 
0.9 -0.3086086127676537 1.9210930559519008 
0.9 -0.3086090253348115 1.919626099305888 
0.9 -0.07204877202438276 39.020122773854375 
0.9 -0.3086090792003886 39.023626738108106 
0.9 -0.15239366201944482 39.017232035088256 
0.9 -0.03789651912535952 2.3562181412059724 
0.9 0.3219556532496337 39.022631687073215 
0.9 -0.032851105270349956 1.9075373692568602 
0.9 -0.15239366201944482 1.9668825094182147 
0.9 103.18970938614915 1.9121307455030985 
0.9 -0.1523936620194437 1.9157132396981746 
0.9 -0.1523936620194437 39.020312762028574 
0.9 -0.1523936620194437 39.017672778616365 
3.1 -0.05341889534099753 162.83425501729553 
3.1 -0.06788917934800609 319.91926798589867 
3.9 0.028945398987918924 39.022104805615605 
4.7 103.50361987038849 39.01965909412181 
1.3 0.6148653062791403 34.00307527965066 
1.3 0.6148653062791403 39.02292115416805 
1.3 0.45752576521572297 39.07798118233913 
1.3 0.45752576521572297 39.02169613538239 
1.3 0.6148653062791403 33.95071654341752 
1.3 0.18200468060330577 10.260262236009961 
1.3 0.18200468060330577 10.260118841710064 
1.3 0.733005379378735 39.0189354189164 
1.3 0.18200468060330577 10.26013236610848 
1.3 102.7452798669818 39.01868287115628 
1.3 0.7329905118257489 39.02652582196409 
1.3 0.3783348964711448 39.022453378108075 
1.3 98.63898873885599 1.847916343809607 
1.3 105.03421508028212 39.02127559070815 
1.3 0.1036492017357109 39.02097648860229 
1.3 98.63898873885599 39.0166835101192 
1.3 0.37588555981590765 39.017425633589724 
1.3 0.10353189200809698 1.8847850383438196 
1.3 98.63898873885599 39.228790936668325 
1.3 0.9389099645468151 39.02077535651416 
1.3 98.63898873885599 2.003743197901503 
1.3 0.3758900473155524 1.8481739779269217 
1.3 102.7452798669818 39.01525282211547 
1.3 98.63898873885599 1.8790134855968863 
1.3 0.4766444947619739 1.801160976248132 
1.3 105.03421508028212 1.862303922356246 
1.3 0.4766444947619739 1.8014698926364483 
1.3 98.63898873885599 39.016512098510276 
1.3 98.63898873885599 1.849398806264442 
1.3 102.7452798669818 1.8564194211119733 
1.3 0.7329905118257489 1.8009255071245716 
1.3 0.4766444947619739 1.803152957058354 
1.3 102.7452798669818 1.8309641962215435 
1.3 0.6631275383128927 1.843422963599144 
1.3 105.0342426128723 39.01558551687321 
1.3 0.7329905118257489 39.01446312725957 
1.3 0.7329905118257489 1.8010171528736585 
1.3 0.6989011663359883 1.849894525318435 
1.3 0.4766444947619739 1.8016660956718988 
1.3 0.7329905118257489 39.01445008910118 
1.3 0.3857655272551992 1.8182983513365003 
1.3 102.74539185111396 1.8918237565313376 
1.6 0.43624153499876295 336.4876425831884 
1.6 0.3408184824521834 39.02220422829213 
1.6 0.4361195080109641 39.350100616941795 
1.6 0.35616133288884555 1.8084696336552288 
1.6 0.35616133288884555 1.8216831690888067 
1.6 0.35616133288884555 1.8359795869817144 
1.6 0.35616133288884555 1.8045476988830151 
1.6 98.63898873885599 39.020900378909765 
2.4 0.6822704550730267 172.1900195553312 
2.4 -0.010723237681546482 9.348388895553093 
2.4 -0.010723237681546482 9.352977930163108 
2.4 -0.010723237681546482 9.345986351150675 
2.4 102.42549192966689 9.35466398944579 
2.4 -0.012456675633379488 9.347479209343511 
2.4 -0.02397690586131218 39.02044877041346 
2.4 -0.04002211434108793 39.16144773781949 
2.4 98.63898873885599 39.025325878725205 
2.4 0.36918114247368305 9.37796245122663 
2.4 0.23366170797849617 39.01827232863881 
2.4 -0.04002211434108793 39.03411815072241 
2.4 0.06233723176445505 9.346668653858956 
2.4 0.3776044917897776 2.3470195937016385 
0.1 0.3909604284360837 64.12763905260553 
0.1 0.6232288278176761 357.03594846009554 
0.1 0.3909604284360837 39.03405790674584 
0.1 0.2744966745930493 40.2774569883925 
0.8 0.136456924449037 142.02575871851016 
0.8 0.551400131390047 191.73070492925493 
0.8 0.2872752648586001 39.0213775311686 
0.8 0.2872668833220229 141.9650096527784 
0.8 0.2872752648586001 39.03212280110237 
0.8 0.2872429311244531 39.023038907149555 
0.8 0.136456924449037 39.24565082784575 
0.8 102.30947657290982 39.02208509410574 
0.8 0.2872708200845666 39.087853523885 
0.8 103.27299454841433 9.345014806049102 
0.8 0.6505449662639946 39.01553196117777 
0.8 0.2872708200845666 1.9036823160840124 
4.4 0.615324515703664 228.11475904794025 
4.4 -0.18844658355684207 39.194825920624574 
4.4 0.38004612098303125 9.367290282501964 
4.4 0.38004612098303125 39.028005251961275 
4.4 0.38004612098303125 9.369990012994977 
4.4 -0.13183318892736473 39.022927092578165 
4.4 101.63687968975859 39.02306052509583 
4.4 -0.07155324843260491 39.02288256574791 
4.4 0.7997196806892117 39.19492720541945 
4.4 -0.13183318892736473 39.02292707994451 
4.4 1.0698152592567287 39.0221381033264 
4.4 0.38004612098303125 39.022774899392175 
4.4 -0.1708683919889218 39.02127928818308 
4.4 104.60504138333694 9.366908960727583 
4.4 101.71584996270654 39.02146471891247 
4.4 1.2564772275671086 39.02396216514505 
4.4 0.21061243276760222 40.985258890520804 
4.4 0.3499330713062543 39.02137109735107 
4.4 0.3499328484965363 39.0266867545874 
2.5 0.01728156350257004 352.4600034706918 
2.5 0.07576576517118783 26.938469121526012 
4.5 0.21610108875434908 235.49443701554404 
4.5 0.29027107303402366 227.98551666464908 
4.5 -0.07187267853096024 9.351472008172308 
4.5 0.1834425515696203 9.353096820190556 
4.5 -0.22189343557302355 39.02483047004001 
4.5 101.23654079519628 9.373029320928467 
4.5 -0.06084977501301747 39.02043809422365 
4.5 0.43824454749387964 9.349465658127176 
4.5 -0.07192779390980797 39.0176750832412 
4.5 -0.07187267853096024 9.352619140280487 
4.5 -0.07192779390980797 9.351618221514775 
4.5 105.24248873885598 2.3508460785276326 
0.5 0.16542925041249634 10.268657197635049 
0.5 1.2072786569344331 10.821014722456177 
0.5 -0.1206994200555993 128.89763107841577 
0.5 105.24248873885598 39.02309655428629 
0.5 0.28277388028338724 39.03027277484454 
0.5 1.2072786569344331 39.34386205578536 
0.5 0.47491946027078913 39.05413923996162 
0.5 0.09357779734079874 39.02685408018117 
0.5 -0.08775597398495871 39.08954568855751 
0.5 105.24248873885598 39.0228578905097 
0.5 -0.060305066598484336 10.279692286838236 
0.5 -0.1206994200555993 41.08240820985539 
0.5 0.22407551573584672 39.104052474042206 
0.5 0.16542925041249634 40.28232123843206 
0.5 -0.1206994200555993 40.954111110102716 
0.5 0.26786178227426105 40.556752782497846 
0.5 105.24248873885598 39.065655934879615 
0.5 -0.1206994200555993 40.97092218741551 
0.5 105.24248873885598 39.02575773932275 
0.5 -0.060305066598484336 10.27968793033579 
0.5 0.41931841584578367 128.29518176248828 
0.5 -0.06886442870975706 39.029503825373276 
0.5 1.2072786569344331 39.02027996543508 
0.5 105.24248873885598 39.0189235942308 
0.5 0.47388678580629695 39.020733792952214 
0.5 0.01226259666937457 39.021258725437534 
0.5 0.2802717046029981 40.97143951861136 
0.5 0.26787197206621105 10.280573622414295 
0.5 0.264181289970822 40.911605713910596 
0.5 -0.06886442870975706 39.02464358215426 
0.5 -0.06886442870975706 39.02767894171237 
0.5 -0.06886442870975706 39.030071474405226 
0.5 -0.06364421943248133 10.279756426634137 
0.5 -0.1206994200555993 40.97053766326909 
0.5 -0.06109307756237636 39.090026951375286 
0.5 0.2802717046029981 40.92617323887733 
0.5 0.01226259666937457 39.0260920690765 
0.5 -0.06886442870975706 39.02681465159594 
0.5 0.01226259666937457 2.3684108273916205 
0.5 -0.08775597398495871 39.10782745038235 
0.5 0.2704068206291794 39.02652190157963 
0.5 0.022182001702017562 39.015089110125324 
0.5 -0.06886442870975706 39.02738169165657 
0.5 -0.08775597398495871 39.02302023877585 
0.5 -0.07388214896942014 39.991913635444114 
0.5 0.0994732014902513 39.02634803225851 
0.5 105.24248873885598 39.34922815713658 
0.5 -0.09157331983854311 39.026141847351106 
0.5 -0.06886442870975706 39.041957674721864 
0.5 0.22407551573584672 39.02804936174623 
0.5 0.27755340147267393 39.0202340629431 
0.5 0.137580084652126 40.9541541170727 
0.5 -0.08775597398495871 39.02237112347715 
0.5 0.0994732014902513 39.02792985106177 
0.5 -0.08775597398495871 39.09884414582296 
0.5 0.27755340147267393 39.024266038893366 
0.5 102.30141219259878 39.77104223479825 
0.5 0.4009421642308588 10.28164065874234 
0.5 0.23969245671313844 39.023109574147746 
0.5 0.0999088303107023 39.02807656018232 
0.5 -0.06364421943248133 40.283365545144214 
0.5 0.6141724826752903 40.9557575118136 
0.5 98.63898873885599 39.0676253394587 
0.5 0.05191779484603365 40.96772180306283 
0.5 105.24248873885598 39.02326612566985 
3.2 0.5047085294301885 251.08087305028084 
4.2 103.16325880706931 39.01949346054618 
4.2 0.3168941342506737 39.02475473967792 
1.2 0.9742177460833208 27.542645395471194 
1.2 0.9990741657139779 14.072726428794004 
1.2 0.9933374896935909 39.02981681279317 
1.2 0.6595121426095614 34.00451788159709 
1.2 0.6536784894448942 2.012582461770919 
1.2 0.6595121426095614 34.00512281483146 
1.2 0.1727123201666243 2.0338923958674537 
1.2 0.9934834994859756 39.02595441763914 
1.2 0.16052525838597798 39.0232862484059 
1.2 0.4611516054875775 39.02594048462967 
1.2 0.9933374896935909 2.0414705488306106 
1.2 0.9933097279313783 2.0473432606942086 
1.2 0.9933097279313783 1.954510249301403 
1.2 0.7323562836630391 2.2736999499813555 
1.2 0.9933374896935909 2.061717554438938 
1.2 0.9933061245501005 39.0163092672392 
1.2 0.1727123201666243 1.9687186382952766 
1.2 0.9933097279313783 2.047236651797561 
1.2 0.20202633570746786 39.02612644506235 
1.2 0.7664392576785186 39.03825954901354 
1.2 -0.15960782478201185 40.97092422557686 
1.2 0.4281848795630192 26.94251307965556 
1.2 0.9992147584678279 1.9111744606543235 
1.2 1.1710508267823903 39.01973767974702 
1.2 0.6537165144197421 39.021798836009424 
1.2 0.6789006327894693 2.382412307098063 
1.2 1.0703368930334638 1.8679487188491708 
1.2 0.42594753900527027 1.8481739779269217 
1.2 1.0323122931751638 39.01686641469105 
1.2 0.9991760465445223 1.8238872059398559 
1.2 0.9991566052430896 39.01472520206014 
1.2 0.021059259842409306 39.02172281657266 
1.2 0.7663355213547542 1.8935473092455675 
1.2 0.7663355213547542 39.0166727090432 
1.2 0.7663355213547542 1.885858733457126 
1.2 0.42594753900527027 1.8463589958588815 
1.2 0.4260166519551152 1.8419694368211168 
1.2 0.5419151264455284 39.024725056412755 
1.2 0.9933097279313783 39.01951773569891 
1.2 0.4261471837045392 39.016655509892246 
1.2 0.7663355213547542 39.016582330596535 
1.2 0.4260166519551152 1.8420525825640204 
1.2 0.9991899359686744 1.8358710455814564 
1.2 1.0164248664684319 39.01447707670709 
4.1 1.1752212135210534 180.40926076256068 
4.1 104.28281183972095 39.0661879604915 
1.8 -0.04528808166053144 128.90545476544537 
0.4 105.21225794089051 155.0609367711574 
0.4 0.014777003369004449 39.19492539092679 
0.4 0.014777003369004449 39.19432881451905 
0.4 0.09933147926923236 39.56221832919876 
0.4 -0.00692241651490888 39.20026832715799 
0.4 0.05341585644403546 39.2010026120973 
0.4 0.3311868322188616 39.194281129824724 
0.4 0.19979927364037797 39.02971703357243 
0.4 0.14481236823667443 39.02837444003697 
0.4 101.18922033297937 39.211567842639646 
0.4 0.05730709842445969 40.954111110102716 
0.4 104.6253553589843 39.02501264495723 
0.4 -0.09674081546704438 1.962601045320191 
0.4 98.63898873885599 1.91401657473908 
0.4 -0.09674081546704438 1.958533879041187 
0.4 0.39131444863124876 39.02248786153844 
0.4 104.6270666325703 39.01666053575683 
0.4 105.15876259181097 2.028238108844349 
0.4 -0.09674081546704438 39.020537505935806 
0.4 -0.09674081546704438 1.958154251982155 
0.4 -0.09674081546704438 1.9675376132151894 
0.4 -0.09674081546704438 39.441498589197536 
0.4 0.006010505085739082 1.9041523351244862 
0.4 -0.09674081546704438 1.9547167368345768 
0.4 -0.09674081546704438 2.033664109771149 
0.4 -0.09674081546704438 39.01914924342642 
0.4 -0.09674081546704438 1.937799195618108 
0.4 0.022719561642419395 1.8889023128033269 
0.4 104.6253553589843 1.9850900641961393 
0.4 0.006010505085739082 1.907109986203003 
0.4 105.21225794089052 39.02194368559552 
0.4 0.14479691982310894 39.017808931448776 
0.4 0.01946915577131758 1.903574195908853 
0.4 -0.09674081546704438 1.9378018263644383 
0.4 0.4080479388923943 1.939701817443806 
0.4 0.32650702982758206 39.025189148527645 
0.4 -0.02697263013646012 1.8718808785442256 
0.4 104.50055944370715 1.8682599016889883 
0.4 0.006013756127480674 1.8648723710709376 
0.4 0.08500071993995117 1.8105964951902946 
0.4 0.32650702982758206 39.01746367114021 
0.4 0.14481236823667443 39.015716241463515 
0.4 0.19983176138667336 39.021357375589616 
0.4 0.09003373287601413 1.7827762271918381 
0.4 0.08500071993995117 1.7819467058865261 
0.4 -0.09674081546704438 1.9438170200388643 
0.4 0.006010505085739082 1.8645045212100695 
0.4 0.14480864001352933 39.01782577162733 
0.4 -0.09674081546704438 1.9364301480085613 
0.4 0.022719561642419395 1.903712891727056 
-0.2 0.1092270573563221 118.77462174504367 
-0.2 0.08023995579690224 39.029110040685566 
-0.2 0.05510970301643736 118.77434929289113 
-0.2 0.09731755263604991 118.40773341776152 
-0.2 0.20916712906653823 40.12663821940495 
-0.2 0.09731755263604991 39.024652709196424 
-0.2 0.09731755263604991 39.02746507104732 
-0.2 0.12012391704956271 39.02426660815855 
-0.2 0.09731755263604991 39.02466243434383 
-0.2 0.05510970301643736 40.12583585618909 
-0.2 0.05383653941544897 40.56246631346786 
-0.2 0.05638281028755543 356.89755308602906 
-0.2 0.05383653941544897 11.282012586528323 
-0.2 0.1092270573563221 39.21669396588009 
-0.2 0.05383653941544897 40.563075228956 
-0.2 0.07148072436175523 2.4166743665639756 
-0.2 0.07148072436175523 39.03798975839733 
-0.2 0.07543323386067802 39.04040710952326 
-0.2 0.06750634333845884 39.096059210035286 
-0.2 0.03138177550919008 40.2853475330713 
-0.2 0.09731755263604991 39.02528871053094 
-0.2 0.07148072436175523 2.2995693328597837 
-0.2 0.5390277430663122 39.68010940736716 
-0.2 -0.059396337707098734 40.55339959579595 
-0.2 0.2185771954019553 1.9118936763932513 
-0.2 0.2185771954019553 1.9117968356611612 
-0.2 0.08023995579690224 39.03074203286645 
-0.2 0.05383653941544897 40.5630025855409 
-0.2 0.16361517973018214 39.02625005252206 
-0.2 0.09731755263604991 39.01984886688427 
-0.2 -0.059396337707098734 40.553498875246284 
-0.2 0.23578253078919542 1.9352209233898494 
-0.2 0.12012391704956271 1.9322459605364826 
-0.2 0.07148072436175523 39.03103410163149 
-0.2 0.12012391704956271 1.932237137488656 
-0.2 0.2185771954019553 39.01970354853683 
-0.2 0.07903060746929924 1.9536162969169812 
-0.2 0.05383653941544897 11.285511061620426 
-0.2 0.07960298298919288 39.024006822264624 
-0.2 0.1092270573563221 39.020908765429425 
-0.2 0.09731755263604991 39.04054306371079 
-0.2 0.07235479332459649 39.03130702708339 
-0.2 0.05383653941544897 11.281754091361808 
-0.2 0.07148072436175523 39.036622986048435 
-0.2 -0.07348511744695352 40.27793920295555 
-0.2 0.07148072436175523 2.41708778440274 
-0.2 0.012088312198804685 1.8790964216394337 
-0.2 0.23578253078919542 1.885724344807144 
-0.2 0.020875350246073898 39.01877123134181 
-0.2 -0.13681523576704513 40.27712769731712 
-0.2 0.07903060746929924 39.020459024871116 
-0.2 0.020875350246073898 39.01909338851559 
-0.2 0.012088312198804685 39.0166955150613 
-0.2 0.07148072436175523 2.407665609397449 
-0.2 0.00228138719602744 40.30409930474608 
-0.2 -0.059396337707098734 40.27639778267894 
-0.2 0.1092270573563221 9.35099103162437 
-0.2 0.00468690953777684 39.018197967225014 
-0.2 -0.059396337707098734 40.276103927938685 
-0.2 0.00468690953777684 39.01855368644725 
-0.2 0.012088312198804685 1.8440200928297257 
-0.2 0.00468690953777684 39.02045830699046 
-0.2 -0.13681523576704513 40.27779900545859 
-0.2 -0.059396337707098734 40.27640062003878 
-0.2 0.5390277430663084 2.3597311602423803 
-0.2 0.012088312198804685 39.016432763378226 
-0.2 0.04390843709455816 39.0149354913526 
-0.2 -0.13681523576704513 40.27712769736556 
-0.2 0.02981644328306099 39.01863283034195 
-0.2 0.00468690953777684 39.01719517624174 
-0.2 0.019751415664220673 40.277357516984516 
-0.2 -0.059396337707098734 40.27610387945876 
-0.2 0.0724913416455506 39.0142561819754 
-0.2 0.019751415664220673 40.27711019768558 
-0.2 0.012088312198804685 39.01936743300194 
-0.2 -0.13681523576704513 40.277127872696816 
-0.2 -0.13681523576704513 40.32913409878291 
-0.2 0.02737213846125708 39.0158824256375 
-0.2 0.24251431884413455 40.27658581380168 
-0.2 0.056135758367563904 39.022671274926665 
-0.2 0.00468690953777684 39.01726605156695 
-0.2 0.06185754224964102 39.01930401089885 
-0.2 -0.059396337707098734 40.27608885830857 
-0.2 -0.059396337707098734 40.27391453605015 
-0.2 -0.059396337707098734 40.2761038800045 
-0.2 0.1092270573563221 39.0195342199264 
-0.2 -0.059396337707098734 40.27413285291351 
-0.2 0.00468690953777684 39.018454228078426 
-0.2 0.14281818388633094 39.018941802830504 
-0.2 -0.13681523576704513 40.27711360280592 
-0.2 -0.13681523576704513 40.275106219600815 
-0.2 0.1092270573563221 1.8400453867195123 
-0.2 0.02737213846125708 1.8755172585202842 
-0.1 0.48703438521847464 27.288452465088543 
-0.1 0.7074734215676384 39.022673787681384 
-0.1 0.445310814530109 39.02476071815933 
-0.1 0.48703438521847464 1.9342987746765472 
-0.1 0.48703438521847464 39.0212628731607 
-0.1 0.48703438521847464 39.03643110750111 
-0.1 0.48703438521847464 39.020814953472915 
-0.1 0.10692510572032266 1.9257835724005452 
-0.1 0.589107757531883 1.9407767728992218 
-0.1 0.48703438521847464 27.288451868847982 
-0.1 0.0771264532249143 39.46916850271804 
-0.1 0.48703438521847464 39.021697338676304 
-0.1 0.10671699098968346 1.9255580141683601 
-0.1 0.4991145072764305 11.274834183329236 
-0.1 0.48703438521847464 1.9289147086127865 
-0.1 0.0771264532249143 39.03917586654328 
-0.1 0.589107757531883 1.8847503596897537 
-0.1 0.4318464392741801 39.01883914284895 
-0.1 0.589107757531883 39.01596504851767 
-0.1 0.154858244009894 1.9186704491526598 
-0.1 0.7074734215676384 1.9662849720256332 
-0.1 0.09615276973513764 40.277101649385216 
-0.1 0.5276843054416627 1.929771491276854 
-0.1 0.4318464392741801 39.02082887993203 
-0.1 0.4318464392741801 39.01837372140012 
-0.1 0.4991145072764305 39.01653408417418 
3.7 -0.12484355840167227 39.022214864921224 
3.7 0.5402463615002462 39.022947711418155 
3.7 -0.12484179716872235 39.02209851757 
2.0 100.36744629712089 1.84790993358532 
2.0 103.45528520516005 1.852461394843715 
4.6 0.19408938099432382 16.57534457884553 
4.6 0.19408938099432382 16.575291746417477 
4.6 0.13407118407957053 39.02542427256135 
4.6 -0.11439833773961872 39.74508887315516 
4.6 0.2594545497152039 39.169658713653746 
0.2 0.22162892125998468 39.07866702969815 
0.2 0.21743428101626372 39.04376503684402 
0.2 0.01631920053589786 39.0221863885738 
0.2 0.13830173334806117 39.02373528731809 
0.2 0.3365101326408977 1.8524684073158146 
0.2 0.21743428101626372 39.02553094525268 
0.2 0.3365101326408977 39.01785817406641 
2.9 0.5491085577202417 26.947630792208052 
-0.3 0.23346364650911022 325.89069331107913 
-0.3 0.11490458908196466 357.03614595461175 
-0.3 0.1597101793293778 168.581948790801 
-0.3 0.23105600188367958 325.89075371819524 
-0.3 0.3340830129601844 39.023865148271554 
-0.3 0.1284033990583484 39.01424033570914 
-0.3 0.10546847364772383 40.27646558391523 
-0.3 0.13949493572820315 39.023337918076315 
-0.3 0.21992537097735076 40.57186687191185 
-0.3 0.3340830129601844 39.0236736710448 
-0.3 0.19562721664282123 39.76315152766819 
-0.3 0.11490458908196466 40.273162568270884 
-0.3 0.1284033990583484 39.014119302623946 
-0.3 0.1474921418190227 39.0277981574838 
-0.3 0.13949493572820315 39.91125119416918 
-0.3 0.11490458908196466 40.27331238247543 
-0.3 0.1284033990583484 39.01412963830175 
-0.3 0.13949493572820315 39.014545326033286 
-0.3 0.14088110782872731 39.01490026575031 
-0.3 0.1284033990583484 39.021152958025226 
-0.3 0.11490458908196466 40.27316369445631 
-0.3 0.1284033990583484 39.0141970734589 
-0.3 0.13064724208555112 39.044707915781984 
-0.3 0.06197426415660501 40.922672930797866 
-0.3 0.3340830129601844 39.02684188284768 
-0.3 0.13949493572820315 39.01618028433457 
-0.3 0.1284033990583484 39.01858095888441 
-0.3 0.1284033990583484 39.01408684133394 
-0.3 0.11490458908196466 40.279400339612394 
-0.3 0.3340830129601844 39.06460734390756 
-0.3 0.23767878258792274 10.266156588426881 
-0.3 0.09093554317017682 39.091847227453236 
-0.3 0.1284033990583484 39.01861486842909 
-0.3 0.13064724208555112 2.345123422000297 
-0.3 0.13064724208555112 36.063034429628026 
-0.3 -0.014667093849499935 40.923031505108305 
-0.3 -0.014667093849499935 40.92306413243308 
-0.3 -0.07146009452196345 40.277277160759525 
-0.3 0.1284033990583484 39.04114872608842 
-0.3 0.13064724208555112 39.02521468299446 
-0.3 0.13064724208555112 36.04687262386407 
-0.3 0.13819469143145047 39.034813930615535 
-0.3 0.13819469143145047 39.01478635438331 
-0.3 0.13064724208555112 2.3149283599083597 
-0.3 0.13064724208555112 36.03978791578723 
-0.3 -0.07146009452196345 40.279003401411046 
-0.3 0.3340830129601844 39.024487083369415 
-0.3 0.09093554317017682 39.0959215841556 
-0.3 0.1284033990583484 39.01391858617669 
-0.3 0.09093554317017682 39.02032314470334 
-0.3 0.5029536387241045 39.023122799013905 
-0.3 0.1284033990583484 39.019637095991285 
-0.3 0.5029536387241045 39.01909019237634 
-0.3 -0.07146009452196345 40.27727288859419 
-0.3 0.13064724208555112 1.9649183705750195 
-0.3 0.1284033990583484 39.01684138509868 
-0.3 0.09093554317017682 39.022100452757265 
-0.3 0.13064724208555112 1.917268310754412 
-0.3 0.09093554317017682 39.01840497387616 
-0.3 0.1284033990583484 39.015415540289 
-0.3 0.1284033990583484 39.016500200702914 
-0.3 -0.07146009452196345 40.277671850878825 
-0.3 0.5029536387241045 39.03117922799504 
-0.3 0.5029536387241045 39.01433879573605 
-0.3 0.1284033990583484 39.020540773975284 
-0.3 0.1284033990583484 39.01535329504777 
-0.3 0.13064724208555112 1.9639989967960643 
-0.3 0.1284033990583484 39.01500507427125 
-0.3 -0.09163743070994079 40.27745583253403 
-0.3 0.21151504109255592 39.73334080435894 
-0.3 0.09093554317017682 39.018865254004496 
-0.3 0.1284033990583484 39.01391784001665 
-0.3 -0.09163743070994079 40.277546442270726 
-0.3 0.3340830129601844 39.098923428887865 
-0.3 0.04856693245058086 40.277101649385216 
-0.3 -0.07146009452196345 40.278451087768204 
-0.3 0.11477027031474862 39.02410233368426 
-0.3 0.1284033990583484 39.01354472110201 
-0.3 0.0990396361976329 1.8805277713577213 
-0.3 0.1284033990583484 1.8511460819826193 
-0.3 0.1284033990583484 39.013606394093536 
-0.3 0.1284033990583484 39.013544716011616 
-0.3 0.1284033990583484 39.01838429579988 
-0.3 0.1284033990583484 1.8470123869933792 
-0.3 -0.07146009452196345 40.27746629699108 
-0.3 0.04139900632421134 39.024026683416544 
-0.3 0.09093554317017682 39.4625144814027 
-0.3 0.0990396361976329 1.8434444447238365 
-0.3 0.3340830129601844 1.9254516920591724 
-0.3 0.1284033990583484 1.8868405159887813 
-0.3 0.1284033990583484 39.01966408190543 
-0.3 0.30121925262630733 39.01869751512569 
-0.3 0.1284033990583484 39.01859454746663 
-0.3 0.04139900632421134 39.02426470897039 
-0.3 -0.07146009452196345 40.277277111444 
-0.3 0.04139900632421134 39.02379353196822 
-0.3 0.1284033990583484 39.020690346830605 
-0.3 0.13064724208555112 39.017755013250806 
-0.3 0.04123197958134828 39.01819946373696 
-0.3 0.1284033990583484 1.8504744247821592 
-0.3 0.09093554317017682 39.47338908512691 
-0.3 0.04123197958134828 39.018069385491735 
-0.3 0.09093554317017682 39.0167064685945 
-0.3 0.09093554317017682 39.01729513009001 
-0.3 0.09093554317017682 39.01742909074493 
-0.3 -0.09163743070994079 40.277455295381564 
-0.3 0.21927303611636795 39.01949358431007 
-0.3 0.04123197958134828 39.08018453025919 
-0.3 0.3168104283620279 40.27675757170197 
-0.3 0.1284033990583484 1.8630350485318654 
-0.3 0.04856693245058086 40.27737653204039 
-0.3 0.09093554317017682 39.033994945409226 
-0.3 0.04123197958134828 39.01714861811209 
-0.3 0.14888537275260894 40.34395496350216 
-0.3 -0.09163743070994079 40.277240325796626 
-0.3 -0.041883712988799005 40.50195820615774 
-0.3 0.09093554317017682 39.016691036816276 
-0.3 -0.07146009452196345 40.28406806055466 
-0.0 0.06626305077414041 11.309607556919365 
0.0 0.2295116020201018 39.37408551367377 
-0.0 0.0890002439588129 39.03781255173117 
-0.0 0.5774097554327047 39.01533782022991 
-0.0 0.0890002439588129 39.030154787547794 
-0.0 0.5774097554327047 39.686863120268065 
-0.0 0.13460273593994265 39.02811957655218 
-0.0 0.0890002439588129 39.03428921374463 
0.0 0.0890002439588129 39.02290595076148 
-0.0 0.06626305077414041 11.316008213866446 
-0.0 0.06626305077414041 40.56286742482407 
-0.0 0.14439532239357433 39.02871918702991 
-0.0 0.0890002439588129 39.02890924909002 
-0.0 0.0890002439588129 2.275752659320454 
-0.0 0.0890002439588129 2.2602477351989547 
-0.0 0.0890002439588129 2.257391971044741 
-0.0 0.0890002439588129 39.02569983784727 
0.0 0.06489536984427713 39.023710485547795 
-0.0 0.0890002439588129 1.9289481796557306 
0.0 0.018773874647663114 39.02545311576605 
-0.0 0.0890002439588129 39.02745619372259 
0.0 0.0890002439588129 39.02584119479844 
-0.0 0.0890002439588129 1.9289478851498596 
0.0 0.0890002439588129 36.04049670228862 
0.0 0.0890002439588129 39.02562659937608 
0.0 0.1376919757955739 39.02179457634961 
0.0 0.0890002439588129 39.03433914664528 
-0.0 0.5774097554327047 1.9291723404772336 
0.0 0.0890002439588129 39.040549893583574 
-0.0 0.05860057932613083 39.05756730855528 
-0.0 0.0539363551531542 40.55005118922704 
0.0 0.0890002439588129 39.014123628664606 
-0.0 0.0890002439588129 39.0201436051171 
-0.0 0.018773874647663114 1.9599560232835824 
0.0 0.5774097554327047 39.022256955021355 
-0.0 0.02045288861018535 39.021535947462 
-0.0 0.018773874647663114 1.9589574773418958 
-0.0 0.0890002439588129 1.9286489977002983 
-0.0 0.0890002439588129 36.03951462083095 
-0.0 0.5774097554327047 39.0251139398688 
-0.0 0.12437438958767522 39.02145796003376 
-0.0 0.0890002439588129 1.924451885964326 
-0.0 0.0539363551531542 40.5536038642855 
1.4 -0.0283242228999947 234.9350239663796 
1.4 1.021830223398501 224.78376599289518 
1.4 0.3830820302941451 344.70540298889557 
1.4 105.24248873885598 234.6944921430792 
1.4 0.3830820302941451 344.705406862675 
1.4 0.18088171514255014 234.93615319837386 
1.4 0.4609345723015723 224.6073307076575 
1.4 0.25053928790072466 1.9461435807575758 
1.4 0.3720488100367041 1.9246373829152268 
1.4 1.0025346018362122 39.022424613619904 
1.4 0.3720488100367041 1.9919685850624491 
1.4 0.5322406113233025 39.02249580719521 
1.4 0.25053928790072466 1.911439269541644 
1.4 0.5762786746732316 1.943885874753544 
1.4 0.3720488100367041 39.01967764019801 
1.4 1.2781742793816262 39.02298422486416 
1.4 0.5646763562728807 39.02424745295739 
1.4 0.9903499574461798 1.9174428498109979 
1.4 0.24421678759143917 11.268120091011264 
1.4 0.9903499574461798 39.02250587990178 
1.4 1.051711958626817 39.031494859505656 
1.4 103.05236489087798 39.01808012765252 
1.4 0.5646794722415314 39.29905238911319 
1.1 103.69067296568971 160.31824368381933 
1.1 103.69067296568971 160.3080712381526 
1.1 104.53926387146963 39.03453652539627 
1.1 0.23895796801617086 39.02304926924968 
1.1 -0.04923599681010571 39.021530890481735 
1.1 104.65765052564875 39.02513523608251 
