-0.4 198.63898873885597 1.8436172539666031 
0.3 -0.04557906997509553 9.350562517208433 
0.3 -0.2825520324896025 39.01627157805465 
1.0 -0.05945696936873479 1.9066185776750117 
0.9 -0.032851105270349956 1.907330378963511 
0.9 -0.3086096779782572 39.01783758449191 
0.9 -0.3086090253348115 1.919626099305888 
0.9 -0.1523936620194437 1.9157132396981746 
0.4 -0.02697263013646012 1.8718808785442256 
0.4 0.08500071993995117 1.7819467058865261 
0.4 0.006010505085739082 1.8645045212100695 
0.4 -0.09674081546704438 1.9364301480085613 
-0.2 0.012088312198804685 1.8440200928297257 
-0.2 0.00468690953777684 39.01719517624174 
-0.2 -0.059396337707098734 40.27391453605015 
-0.2 -0.13681523576704513 40.275106219600815 
-0.2 0.1092270573563221 1.8400453867195123 
-0.3 0.0990396361976329 1.8434444447238365 
-0.3 0.04123197958134828 39.01714861811209 
-0.3 -0.09163743070994079 40.277240325796626 
-0.3 0.09093554317017682 39.016691036816276 
