-0.4 [[10.635473145113496], [2.4992171469856994, 102.27031006997734, 103.6357579746956], [0.13043270535847112, 15.361094233113583], [1.847709957310898, 27.426837256967914]] 
0.3 [[10.697474314072677], [2.499286921379687, 149.84035885585595, 76.81871445831922], [0.09990262263771321, 88.17080015775576], [2.076132730675769, 25.66513186134397]] 
0.3 [[7.479136169173248], [2.499930045552695, 134.37423719372308, 2.5], [0.6562751009529388, 50.958709454714196], [0.08897144181918781, 19.587138192855615]] 
1.0 [[22.61804033038985], [2.4999993631939925, 6.967896123105838, 103.6357579746956], [0.9613094697510985, 83.765425220118], [0.054785996309461904, 33.87317392006978]] 
0.9 [[22.61804033038985], [2.4999320445946953, 10.48187933031658, 103.6357579746956], [0.04269596062801684, 83.765425220118], [4.899211317669859, 33.92864625503398]] 
0.9 [[10.46874752759972], [2.5, 132.42464076085864, 2.5], [0.48691138552970603, 68.54730103160557], [0.05289525304777276, 27.382939757632986]] 
0.9 [[21.812613143766676], [2.5, 169.6312933784722, 103.6357579746956], [1.0020109584175534, 125.99406683029076], [1.8270221514998637, 16.529908498388085]] 
0.9 [[22.61804033038985], [2.4999320445946953, 10.48187933031658, 103.6357579746956], [0.04269596062801684, 124.64969706220462], [4.899211317669859, 34.12269533072562]] 
0.4 [[12.099515393448073], [2.5, 18.25176342015449, 103.6357579746956], [0.2277718366656023, 10.97695857691047], [0.4884482688764935, 34.29299575246452]] 
0.4 [[10.463880407423396], [2.5, 22.902209965427147, 103.6357579746956], [5.216843239793751, 11.863218558551132], [1.8517247283837046, 13.473744161430549]] 
0.4 [[11.621346619301086], [2.4116125458613813, 99.53892648214074, 103.6357579746956], [0.01886776354188796, 10.972277685988455], [5.072961323182585, 27.410903889902762]] 
0.4 [[27.481673783739275], [2.4116125458613813, 22.9389603453092, 103.6357579746956], [0.08050411108793126, 10.77473656505638], [5.072961323182585, 33.83927096078732]] 
-0.2 [[11.025251972895536], [2.5, 102.14733737267261, 103.6357579746956], [0.13056266610463124, 15.361094233113583], [1.799570348566987, 27.464454750800304]] 
-0.2 [[12.074004612653692], [2.5, 99.9730492952607, 2.5], [0.31354291943322804, 0.994600224055576], [0.05633061068995637, 30.37766414527132]] 
-0.2 [[12.074004612653692], [30.102631532281972, 102.0454694658334, 2.5], [0.27898171248782666, 17.096928562080702], [0.08945276198343251, 18.9351687005967]] 
-0.2 [[7.744042777328106], [30.102631532281972, 108.63996962245582, 2.5], [0.3144489777008501, 0.9828489518186245], [0.05633061068995637, 25.676299849373095]] 
-0.2 [[7.580684845040072], [2.5, 102.14733737267261, 103.6357579746956], [0.04771488504569449, 47.68739544192398], [0.28105909289333364, 27.195431357708138]] 
-0.3 [[10.635473145113496], [2.4992171469856994, 102.02594526968426, 103.6357579746956], [0.13043270535847112, 15.361094233113583], [1.847709957310898, 27.426837256967914]] 
-0.3 [[7.752754161692618], [2.499931700894716, 104.50662182261463, 2.5], [0.13362302624634942, 0.23353955189298858], [6.220009505464412, 29.733935154276754]] 
-0.3 [[12.074437461635041], [30.102631532281972, 102.06936232877315, 2.5], [0.2789526208340612, 76.90146525138549], [1.5780223370274993, 33.805146807564086]] 
-0.3 [[10.732093288641096], [2.4992171469856994, 107.97499588337413, 2.5], [0.1641980910310613, 15.361094233113583], [0.07580926770341423, 27.59892689473701]] 
