0.7 1.3091965619970836 253.95967292445812 
0.7 0.19741923435472586 39.02199977687986 
0.7 1.2386976981315598 39.028129005442835 
0.7 1.2152903456607618 39.89224127869022 
0.7 1.2767461401181919 16.11530835159786 
0.7 1.2152903456607618 39.02778962050787 
0.7 0.1974837686778983 39.02102953457468 
0.7 0.17013227570518552 39.0217964265914 
0.7 0.18863816429100666 39.02282242169637 
0.7 0.1781543537612862 39.0182015890953 
1.5 0.15498707308692872 22.812552376357015 
1.5 0.1525317612943553 39.020355092134864 
1.5 0.19918544066283062 39.013935333653755 
1.5 0.1525317612943553 22.79858105749546 
1.5 0.16901008872868317 39.735910442261115 
1.5 0.21028770780445427 16.089487157084914 
1.5 0.20524269554381647 154.271850439836 
1.5 0.17725964376475645 39.052048332416746 
1.5 -117.11679526519939 39.01744723631977 
1.5 -117.11679526519939 16.07652838145799 
5.1 -116.77809346243592 39.01876917204109 
5.1 -117.19806450580052 39.40609874156367 
5.1 -116.77810217393868 39.02103545047265 
0.6 -0.23050942451492062 66.95948991799918 
0.6 -0.23050942451492062 98.43771437167011 
0.6 -0.27986688252684644 38.300976053491226 
0.6 -0.27986688252684644 39.020698110253534 
0.6 -0.27986688252684644 39.06752621399955 
0.6 -0.27986688252684644 39.06748586498726 
0.6 -0.27986688252684644 39.06763510982964 
0.6 -0.27986688252684644 39.06750468706185 
0.6 -0.20747257497014004 38.25825598477221 
0.6 -0.27986688252684644 39.46130003616188 
0.6 -0.03438363577056691 39.02512751857005 
0.6 -0.03438363577056691 39.021504495290756 
4.3 -117.74894461907259 337.70128990910274 
4.3 -117.74701211968339 337.6982812841992 
5.7 -118.81225476613645 154.96446576932058 
5.7 -118.81225370927227 39.02853647440541 
5.7 -118.81225476613645 154.96423395682672 
5.7 -118.81225370942994 39.03039256300799 
5.7 -118.81225370927227 39.02852263121419 
5.7 -118.81225370570849 39.03141309053093 
5.7 -118.81225450603473 39.02416109619999 
5.7 -118.81225450603473 39.02581760761618 
5.7 -118.81225450603473 39.043493560883206 
5.7 -118.81225370927227 39.02714233148871 
5.7 -118.81225450603473 154.27349440092857 
5.7 -118.81225450603473 39.0247400070754 
5.7 -118.8122536914578 39.02188620770813 
5.7 -118.81225370927227 39.02684696990213 
5.7 -118.79564734345993 39.01876104941949 
5.7 -118.81225370927227 39.0217626381883 
5.7 -118.63444520645015 16.09594069347865 
5.7 -118.81225450603473 26.023926661059466 
3.0 -117.81393436092237 51.590689405326465 
3.0 -117.81740121434196 80.57890860120119 
3.0 -117.82175745007635 51.586971254684286 
3.0 -117.82175745007635 79.74147680249149 
3.0 -117.82175745007635 39.02438686441223 
3.0 -117.82175745007635 51.5869684672855 
3.0 -117.82175745007635 39.02592326584883 
3.0 -117.82175745007635 18.928296264096 
3.0 -117.82175745007635 18.929145072755155 
3.0 -117.82400141725496 3.926035110521607 
3.0 -117.82175745007635 39.02462909845419 
3.0 -117.81247233170762 3.887824235694499 
3.0 -117.82272191563736 3.8814946020915237 
3.0 -117.82400420002864 3.924705573761354 
3.0 -117.82271944474059 3.8828340773107204 
3.0 -117.82271944474059 3.881495269368093 
3.0 -117.82272191563736 39.01875298009967 
3.0 -117.8217552455866 39.02525387153273 
3.0 -117.82272191563736 39.01903507060543 
3.0 -117.82174944002523 39.02006888064849 
3.0 -117.82272267005423 3.8901769592641187 
3.0 -117.82273688819078 39.02350063179847 
3.0 -117.82175745007635 39.01808367170068 
3.0 -117.82175745007635 3.906600470892962 
3.0 -117.82272267005423 3.8901773289531154 
3.0 -117.82171173751753 3.8853135056187442 
3.0 -117.82175745007635 39.89128637884985 
3.0 -117.82401999523199 39.022834418608696 
3.0 -117.81941535417295 28.12164555328345 
-0.4 2.842170943040401e-14 4.0964069228915205 
-0.4 2.842170943040401e-14 39.020962384977054 
-0.4 2.842170943040401e-14 39.02108177938155 
-0.4 2.842170943040401e-14 3.9090483941238694 
-0.4 2.842170943040401e-14 39.04052457746894 
-0.4 2.842170943040401e-14 39.022147763185636 
-0.4 2.842170943040401e-14 3.9210655001004606 
-0.4 2.842170943040401e-14 3.862670144914947 
-0.4 2.842170943040401e-14 3.9120395419850293 
-0.4 2.842170943040401e-14 39.027690958663676 
-0.4 2.842170943040401e-14 3.9268478186633486 
-0.4 2.842170943040401e-14 39.02530048082888 
-0.4 2.842170943040401e-14 39.01834189801885 
-0.4 2.842170943040401e-14 39.01664519274413 
-0.4 2.842170943040401e-14 39.01804567126025 
-0.4 2.842170943040401e-14 3.8461233440956026 
-0.4 2.842170943040401e-14 39.01869653697904 
-0.4 2.842170943040401e-14 39.04258371305851 
-0.4 2.842170943040401e-14 39.334835484445755 
2.2 -0.2659290332357358 146.6429088487062 
2.2 -0.2659290332357358 39.03017155289377 
2.2 -0.265928992438333 39.02377615760439 
2.2 -0.2659290332357358 18.917124782028882 
2.2 -0.2659290332357358 18.92771127720171 
2.2 -0.2659290332357358 18.91799790831907 
2.2 -0.2659290332357358 39.02252070465905 
2.2 -0.2659290332357358 18.916860729406416 
2.2 -0.2659290332357358 39.015912408817805 
2.2 -0.26465038968486 26.039721645756174 
2.2 -0.2659290332357358 18.925812389138567 
2.2 -0.26465058641612416 39.01503036690578 
2.2 -0.2644830384550261 3.9296773280751287 
2.2 -0.2659290332357358 39.02228240547892 
2.2 -0.264482976908198 39.01800283832648 
2.2 -0.264482976908198 3.906103918218474 
2.2 -0.2658054372046621 39.02287484560319 
2.2 -117.91031072017844 3.8734403916052687 
2.2 -0.2659290332357358 39.02238218602696 
3.8 -1.0752224044077536 39.55997938115033 
3.8 -1.0749982872954433 39.0172113848351 
3.8 -1.0753869787059358 39.0155847835302 
0.3 1.313368601614755 175.3478882601192 
0.3 1.313368601614755 39.04000418366883 
0.3 1.313368601614755 39.02043691065685 
0.3 1.313368601614755 39.02179787383077 
0.3 1.313368601614755 22.613734394564986 
0.3 1.1786345571330372 3.863390556566445 
5.8 -118.88113782434132 237.78993280659134 
5.8 -118.8811378263483 182.85141886932288 
5.8 -118.88113782265522 44.403399072954656 
5.8 -118.88113782434132 237.7851308512162 
5.8 -118.88113782265522 44.403396345594395 
5.8 -118.8811378263483 182.8512078236516 
5.8 -118.88119326726871 97.80029328307513 
5.8 -118.88113894684831 39.02148276839376 
5.8 -118.8811465016573 39.021457143599044 
5.8 -118.8811618986162 22.677343578656664 
5.8 -118.88119185494345 97.800213663727 
5.8 -118.88114650167813 39.024499800932176 
5.8 -118.8811548656206 39.02340569614493 
5.8 -118.88133320498108 154.27337327167737 
5.8 -118.88119185494345 97.80004419706407 
5.8 -118.88113894488166 39.02142896645105 
5.8 -118.88133320498108 154.27330191342648 
5.8 -118.88119185494162 97.8001516260025 
5.8 -118.88134042280575 154.27328785118985 
5.8 -118.881296276517 39.11545780652238 
5.8 -118.88127923025688 154.27348597639474 
5.8 -118.88117602740665 39.11120010301254 
5.8 -118.88117602658508 39.021789055887304 
5.8 -118.88123745140648 39.02387295363737 
5.8 -118.88118568329251 39.06140641301727 
5.8 -118.88130096200005 39.09619031532134 
5.8 -118.88129627557697 39.12027624826156 
5.8 -118.88134765565144 154.27358385503732 
5.8 -118.88134036924806 154.2732875722664 
5.8 -118.8811618986162 39.061231773805844 
5.8 -118.88130083865742 39.02289524727963 
5.8 -118.88123745140648 39.02427326539881 
5.8 -119.02528545078502 39.021846330504594 
5.8 -118.88118938452632 26.0239266618088 
5.8 -118.88118938452632 26.024026613760395 
5.8 -118.88121542827072 39.01922803116308 
2.3 0.26272961570124664 39.017255776391956 
2.3 0.26272961570124664 39.01767805965074 
2.3 0.2659534137833077 39.023739166956446 
2.3 0.26363273530874665 39.01987642278579 
2.3 0.26272961570124664 26.015004382209455 
2.3 -117.13174515002132 26.064362796270967 
2.3 -117.13174515002132 39.02491060818566 
2.3 -117.13885640644013 16.090206287857704 
2.3 -117.13471935572589 3.8580821661515454 
2.3 -117.1238648356309 3.8786386485169726 
2.3 -117.1388593141443 24.10985715388903 
2.3 -117.13471935572589 3.858413797986423 
2.3 -117.46275971437969 39.02590497350043 
2.3 -117.47157104919465 3.8621364174501496 
2.3 -117.13471935572589 3.8594173221168195 
2.3 -117.13471935572589 3.858083588075922 
2.3 -117.13471935572589 39.01671970233228 
3.4 -118.04814102652105 267.03319798954675 
3.4 -118.04930063840786 25.93071582044713 
3.4 -118.04757689802365 39.02074074765827 
3.4 -118.04814102652105 267.0301432012991 
3.4 -118.04814102652105 23.133543100450822 
3.4 -118.04846004949448 25.924111137251973 
3.4 -118.04821228202304 267.02927602641495 
3.4 -118.04789625976464 25.933040612783838 
3.4 -118.0486512758285 39.02081852804272 
3.4 -118.04713437180968 39.04086980335432 
3.4 -118.04846004949448 39.01576032857284 
3.4 -118.04939016860692 39.01558248506051 
3.4 -118.04889497575972 25.92741305417093 
3.4 -118.04713437180968 26.02867633065915 
3.4 -118.04900131103524 25.940806535880135 
3.4 -118.04789625976464 39.07528886239742 
3.4 -118.04811847174781 39.020796687201006 
3.4 -118.04889497575972 39.02307610935328 
3.4 -118.04900131103524 39.026989193118155 
3.4 -118.04898824950014 39.014247788236375 
3.4 -118.04931236380645 39.02866059939786 
3.4 -118.04846004949448 39.01923559387324 
3.4 -118.04898824950014 25.930814000353614 
3.4 -118.04931236380645 39.02233692766766 
3.4 -118.04889497575972 39.02632287196238 
3.4 -118.04898824950014 39.16509890946199 
3.4 -118.04757689802365 25.92476265787967 
3.4 -118.04713437180968 39.0191195474175 
3.4 -118.04814102652105 39.01555141519216 
3.4 -118.04900131103524 39.02783949052017 
3.4 -118.04775460163067 39.01992775637686 
3.4 -118.04814102652105 39.29346880356698 
3.4 -118.04757689802365 39.055582584147466 
3.4 -118.04814102652105 39.43725013047923 
3.4 -118.04900131103524 25.92411555724016 
3.4 -118.04757689802365 39.0214935060009 
3.4 -118.04814102652105 39.29210217993071 
3.4 -118.04814102652105 23.133544427540063 
3.4 -118.0486512758285 39.02251004884954 
3.4 -118.04931236380645 39.07001015669904 
3.4 -118.04814102652105 23.133670775497045 
3.4 -118.04713437180968 39.03451783446328 
3.4 -118.04931236380645 39.02220042590587 
3.4 -118.04888092832465 39.010719148762924 
3.4 -118.04939016860692 39.01568752813399 
3.4 -118.04814102652105 39.32776148699092 
3.4 -118.04713437180968 39.74473953332241 
3.4 -118.04930063840786 39.01414985591172 
3.4 -118.04931236380645 39.02226864951914 
3.4 -118.04789625976464 39.05623653579149 
3.4 -118.0484165260835 39.027113436894155 
3.4 -0.9296474181199414 39.01870207066193 
3.4 -0.9023690128638719 39.018234685367176 
3.4 -118.04846004949448 25.92065952269486 
3.4 -118.04814102652105 39.062217967877324 
3.4 -118.0486512758285 25.921605533674224 
3.4 -118.04814102652105 39.29477712292547 
3.4 -118.04914102726751 39.01548581384465 
3.4 -118.04757689802365 39.021370817823026 
3.4 -118.04898824950014 25.914628295175238 
3.4 -118.04930063840786 25.930700929506692 
3.4 -118.04814102652105 23.13357034000729 
3.4 -118.04713437180968 39.016713211934885 
3.4 -118.04814102652105 22.681730200677183 
3.4 -118.04789625976464 22.67676038730901 
3.4 -118.0486512758285 39.010437351467374 
3.4 -118.04900131103524 39.01710232922816 
3.4 -118.04757689802365 39.03080956772856 
3.4 -118.04814102652105 39.32789301981862 
1.0 -0.6228292002948876 307.04726762033755 
1.0 -0.6228292002948876 307.0425858400713 
1.0 -0.3536154453005196 307.04254810065345 
1.0 -0.6228292002948876 307.0433199820458 
1.0 -0.6228292002948876 307.04258583869176 
1.0 -0.33374472752899464 39.046724058940335 
1.0 -0.33374472752899464 39.02566804396269 
1.0 -0.33374472752899464 39.026043506273 
1.0 -0.33374472752899464 39.02588243649637 
1.0 -0.5300852291583027 306.91517259644195 
1.0 -0.33374472752899464 39.344742102988896 
1.0 -0.33374472752899464 24.104607020793157 
1.0 -0.33374472752899464 39.02570065770453 
1.0 -0.33374472752899464 39.032381506151204 
1.0 -0.6270570906003883 306.9154079316045 
1.0 -0.33374472752899464 306.915780209065 
1.0 -0.6228292002948876 307.0425858499631 
1.0 -0.5300852291583027 306.9151041795174 
1.0 -0.5300852291583027 306.91518892451165 
1.0 -0.45663068839745335 39.022689431725794 
1.0 -0.6270570906003883 306.9152008780797 
1.0 -0.5620957834839118 39.022687044295395 
1.0 -0.20185643253098817 39.02369035965937 
1.0 -0.5846939017476274 306.9150873804184 
1.0 -0.33374472752899464 39.024103304508316 
1.0 -0.5036574338170823 39.0240857713354 
1.0 -0.20235113950607797 3.904112628838147 
1.0 -0.6270570906003883 306.91547896049974 
1.0 -0.33374472752899464 39.02448312628175 
1.0 -0.5036574338170823 39.018532243363005 
1.0 -0.6094448408592257 39.020928641152075 
1.0 -0.2027265447937765 39.02076067049591 
1.0 -0.6270570906003883 39.47489505410737 
1.0 -0.6270570906003883 39.47463559897538 
1.0 -0.33374472752899464 39.0181074625155 
1.0 -0.5036574338170823 39.02000325935304 
1.0 -0.33374472752899464 39.47883742867826 
1.0 -0.6270570906003883 39.03277514765382 
1.0 -0.6270570906003883 39.03066803843351 
1.0 -0.6270570906003883 39.03196645940236 
1.0 -0.20185677543325653 39.543145906444394 
1.0 -0.6270570906003883 39.030225285005535 
1.0 -0.6270570906003883 39.161384371105314 
1.0 -0.6228292002948876 39.59778249575074 
1.0 -0.6094448408592257 39.02111514896886 
0.9 -0.1865396946183182 38.2582908186071 
0.9 -0.18653969461836084 39.0423225538568 
0.9 -0.18653969461833242 39.02558183732456 
0.9 -0.18653969461836084 39.02679291618005 
0.9 -0.18653969461836084 306.9152008780797 
0.9 -0.18655770654355308 39.26072648547495 
0.9 -0.18653969461836084 306.91511766286646 
0.9 -0.18653969461833242 306.91495779139046 
0.9 -0.18653969461836084 306.915144752514 
6.7 -118.71037114953427 39.03290107345506 
6.7 -118.71036436250921 26.05060416633459 
6.7 -118.71036876062763 39.789430743684136 
6.7 -118.71036182240768 39.01582419944813 
6.7 -118.71036192598045 25.9273956702888 
6.7 -118.7103711484104 26.041946376444066 
6.7 -118.71037114982214 39.03172418039525 
6.7 -118.71036375661167 39.022096583846995 
6.7 -118.71038758957958 3.882942149428286 
6.7 -118.71038758957958 3.8828999272022813 
6.7 -118.71037114982214 39.076125375185214 
6.7 -118.71036205247205 39.3273229252594 
6.7 -118.71038758957958 3.924824581970383 
6.7 -118.71037114953427 3.9255742276517838 
6.7 -118.71037114953427 39.019174893118105 
6.7 -118.71037114982214 39.01918195375245 
6.7 -118.7103707790548 39.01869798104553 
6.7 -118.71038759001152 3.8830472654526442 
3.1 -117.39623077996963 66.9170144317486 
3.1 -117.39715595621713 3.9092781888527512 
3.1 -117.39715595621713 3.8814278504170043 
2.6 -117.65518161231034 39.035618405742945 
2.6 -117.65519605687332 39.02840384715105 
2.6 -117.65522219894953 39.02230377362789 
2.6 -117.63318292163964 39.02059277406361 
2.6 -117.65519605687332 39.02064715302064 
2.6 -117.65522219894953 39.022570956542175 
2.6 -117.65522219894953 39.03422234296188 
2.6 -117.63318292163964 39.02065683558492 
2.6 -117.65519605687332 39.02175386949744 
2.6 -117.65192004812573 39.02704134940484 
2.6 -117.63058200147367 39.02131031913737 
2.6 -117.65522219894953 39.022374688460495 
2.6 -117.65519605687332 39.022314782114094 
2.6 -117.65192097049513 39.01942958968334 
2.6 -117.64507523945116 39.033304083114956 
2.6 -117.65519605687332 39.022741056245245 
2.6 -117.77982403633851 39.018493419170426 
2.6 -117.65192097049513 39.01949436054748 
2.6 -117.65519605687332 39.02139931405762 
2.6 -117.63650868885331 39.01714362312927 
2.6 -117.6324089179934 28.117495751997343 
2.6 -117.6292812879397 39.01832126834274 
2.6 -117.63240813818042 41.61840048996828 
2.6 -117.58492658649374 41.617188521631974 
5.9 -118.62235761996712 23.13410742831419 
5.9 -118.62235761996712 23.134208639043905 
5.9 -118.62235743295281 39.014149567411366 
5.9 -118.62236065648094 39.06520481022143 
5.9 -118.62236186560514 26.037426436407404 
5.9 -118.62236066056172 39.020348593767686 
5.9 -118.62236066056172 39.11175315903236 
3.6 -117.38503311482332 39.28647328273534 
3.6 -117.41331304338222 39.02577301511258 
3.6 -117.41367207981214 39.02019039006158 
3.6 -117.41367210859495 39.02726717947923 
3.6 -117.4136642259612 39.02138747471244 
3.9 -117.67733195452165 151.61568554196214 
3.9 -117.67733195452165 151.61568478839004 
3.9 -117.67909595783924 52.25610676982071 
4.7 -117.81038652757032 3.911669599146921 
4.7 -117.81038652757032 3.8955627139206728 
1.3 -0.36174324190602647 39.01881252474238 
1.3 -0.18653730573868188 39.023143891894605 
1.3 -0.18653730573865346 39.01556547352292 
6.4 -118.57699557196742 26.02451652848103 
1.6 -0.12639239856032702 21.959586977015633 
1.6 0.000310894525100025 16.131583478148467 
1.6 -117.2086951082722 39.01747860707502 
2.4 -117.18036984780133 39.02059277406361 
2.4 -117.17991994731348 26.02479471493726 
2.4 -117.18036984780133 39.02057773880653 
2.4 -117.19217691493589 26.039391731825134 
2.4 -117.17991994731348 26.026379393619873 
2.4 -117.1921734149721 39.16615585479441 
2.4 -117.17991994731348 39.023968135667566 
2.4 -117.17991994731348 39.01802203577845 
2.4 -117.19611632485959 3.9004925743875893 
2.4 -117.17991994731348 18.91706758348209 
2.4 -117.19798638829808 3.9794434407188657 
2.4 -117.17991994731348 18.92720520319278 
2.4 -117.19798638829808 39.0210675849314 
2.4 -117.19103575534831 39.01990725594098 
2.4 -117.18469853389786 3.918992969854806 
2.4 -117.19798638829808 39.02890558571754 
2.4 -117.19799103125192 39.02178906557109 
2.4 -117.19798081470967 39.02060581692107 
2.4 -117.19799103125192 3.8963963689451213 
2.4 -117.19611632485959 3.900891339520588 
2.4 -117.2403046846688 39.02894370467183 
2.4 -117.3735508622663 39.03400631171729 
2.4 -117.19799103125192 3.896464098852819 
2.4 -117.18309694587079 3.8996674166362943 
2.4 -0.5617338254479023 39.55834243313071 
2.4 -117.19799103125192 3.895973408298571 
2.4 -117.19799103125192 3.8964923042721544 
2.4 -117.3735508622663 3.8953915515878066 
2.4 -117.18669408795908 39.97865273948868 
0.1 0.08955539893115372 38.30121494072202 
0.1 0.08955539893115372 25.924111422321438 
3.5 -117.53793983868024 102.94829984575553 
3.5 -117.5379497109823 23.13353575327273 
3.5 -117.53683120545483 39.16534369245158 
3.5 -117.53771870097098 25.94052510437178 
3.5 -117.5379497109823 39.32428934382417 
3.5 -117.53709619486088 25.924518602219077 
3.5 -117.5373780466627 25.94146588496076 
3.5 -117.53769601176182 25.923850305504565 
2.8 -117.25048188848953 126.21769384884641 
2.8 -117.25765641608729 3.9032594832763134 
2.8 -117.25240724697018 3.934619329134413 
2.8 -117.25765641608729 3.8976768193423967 
2.8 -117.2508763852564 126.16723094384092 
2.8 -117.25765641608729 39.02065729996698 
2.8 -117.25765446306661 3.882992022697159 
2.8 -117.25765641608729 39.02124123069431 
2.8 -117.25087642470504 39.132958952661234 
2.8 -117.25656249543687 18.937605240038803 
2.8 -117.25765446306661 39.01804797773122 
2.8 -117.25765446306661 39.01924072577248 
2.8 -117.25291471279736 18.919601831813086 
2.8 -117.24890929852297 3.9035718033812032 
2.8 -117.25577696164851 3.9496225000369134 
2.8 -117.25765641608729 3.8829934128287147 
2.8 -117.25765641608729 3.8828894569357923 
2.8 -117.25765641608729 3.8828891169204836 
2.8 -117.25765641608729 3.896052121547923 
1.7 -0.2696874159539675 249.283322453924 
1.7 -0.2696874159539675 3.8855071334342823 
1.7 -0.2696874159539675 39.01682994110372 
2.1 -0.26998682287553777 99.9330713770751 
2.1 -0.2699591895558058 123.54402858633941 
2.1 -0.462148889388331 99.64107078789584 
2.1 -0.4486300950965614 99.64114728576864 
2.1 -0.26998682287553777 99.93306562918767 
2.1 -0.44898911346990644 39.03018034092854 
2.1 -0.2696835251286558 99.64211970798345 
2.1 -0.47184483041442604 26.03829702264931 
2.1 -0.462148889388331 99.64108773473448 
2.1 -0.4486300950965614 39.022783107202386 
2.1 -0.4486300950965614 39.02985715797864 
2.1 -0.4910761711860232 26.035290867494197 
2.1 -0.26998393745692795 41.62304701758665 
2.1 -0.26972352870687644 39.02123326111862 
2.1 -0.4910761711860232 26.035351017368015 
2.1 -0.4910761711860232 26.037200165964453 
2.1 -0.4910761711860232 39.031998822944566 
2.1 -0.48314057892999074 3.858070333161611 
2.1 -0.4402640575523975 39.01754787172203 
0.8 -0.19581249751614394 67.06985019731106 
0.8 -0.19581249751614394 39.32518212887913 
0.8 -0.19581249751614394 67.06839585005986 
0.8 -0.19581249751614394 306.9164263069746 
0.8 0.04943948794122832 39.016883786765554 
4.4 -0.04129738280076367 39.02091819533738 
4.4 -118.57759779494342 39.015586429152904 
5.4 -118.75669000824043 39.0700818644776 
5.4 -118.75669000824043 39.025817606641255 
5.4 -118.7567353974311 97.80029328307513 
5.4 -118.75669000824043 39.022240979724984 
5.4 -118.75673540186662 97.80014442908788 
5.4 -118.75673540186662 97.8001688034364 
5.4 -118.75669000824043 39.019193470027524 
5.4 -118.85545837880748 39.01849603053407 
5.4 -118.85547032993611 39.01850188980751 
5.4 -118.85545837880748 39.01848747200721 
5.4 -118.85545837880748 39.079233150142564 
5.4 -118.85513242608964 39.018938050000266 
5.4 -118.85545837880748 39.01817770389341 
5.4 -118.85513143201361 39.11324000138129 
5.4 -118.7566900068016 39.018455257949036 
5.4 -119.1423560059911 39.01895581980557 
5.4 -118.75669000824043 39.01659048323891 
5.4 -118.85545898000778 39.019982598394805 
5.4 -119.14243748260104 39.019091029442265 
5.4 -119.1423560059911 39.019450181540186 
5.4 -119.14242472807567 16.078208571055775 
5.4 -118.75669000824043 39.02302425434663 
5.4 -118.75669000824043 39.020739806940455 
5.4 -118.75669000824043 39.0271645758285 
5.4 -118.75669000824043 39.0218784703079 
5.4 -119.13798405307273 39.01839264993954 
5.4 -119.14243748260104 39.0158308934213 
2.5 -117.56583889468716 28.115207931356757 
2.5 -117.56513087260441 39.02069753214136 
2.5 -117.56557732530948 39.019871069222035 
2.5 -117.56511637305815 39.26204964654944 
2.5 -117.56583889468716 28.114820920173337 
2.5 -117.56384193539868 3.9211013638432775 
2.5 -117.56511637305815 24.103358842114066 
2.5 -117.5571500876194 39.1160446222058 
2.5 -117.56583889468716 28.116402264326055 
2.5 -117.56557732530948 39.02023322032665 
2.5 -117.56583889468716 39.01093229353254 
2.5 -0.38368522410893036 39.02133965012512 
2.5 -117.56511637305815 39.01895413211652 
2.5 -117.56557732530948 39.022064410362866 
2.5 -117.56557732530948 24.103261141958754 
2.5 -117.56511637305815 24.09879867088089 
2.5 -117.56511637305815 24.10418189737333 
2.5 -117.56583889468716 28.113722056281652 
2.5 -117.56315684693455 39.01900222490909 
2.5 -117.562597001685 24.107530912214823 
2.5 -117.56583889468716 41.616002581586564 
2.5 -117.56583889468716 41.61601718337896 
2.5 -117.56221926384944 24.13415989562166 
2.5 -117.56583889468716 28.12083654273801 
2.5 -117.55968522563651 3.882351301508903 
2.5 -117.55710560072797 25.928401234839956 
2.5 -117.56426511337845 39.01816575639152 
2.5 -117.55566304185382 24.10476543518872 
2.5 -117.55968522563651 3.8840875557765733 
2.5 -117.56557732530948 24.100832985622862 
2.5 -117.561687694808 39.01950532124955 
2.5 -117.56513087260441 24.103431662917675 
2.5 -117.55555370844579 3.896762086109617 
2.5 -0.3831033243533426 3.8734350444578927 
6.6 -119.10384278220546 26.065978126317557 
6.6 -119.10384278328365 147.6777108651139 
6.6 -119.10384275471434 268.2260583074216 
6.6 -118.8565503765 53.8620045145406 
6.6 -119.10381049923191 97.80214937940072 
6.6 -119.10356768937524 26.025621479360474 
6.6 -119.10373001528775 147.6691176302588 
6.6 -119.10384278328365 39.06519534412277 
6.6 -119.1035675308292 39.03764669670627 
6.6 -119.10381049923191 39.02125658354075 
6.6 -119.10375998440963 99.64474241223434 
6.6 -119.10387789337082 39.059779955279446 
6.6 -119.10356768937524 26.026325604048896 
6.6 -119.10356768937524 26.02536149946638 
6.6 -119.1035675308292 16.114214786049438 
6.6 -119.10373001528775 39.04539997717867 
6.6 -119.10387789337082 39.05900294838382 
6.6 -119.10373001159803 26.041636118106805 
6.6 -119.10386547672738 39.023598785858304 
6.6 -119.10384276594992 26.048602110804893 
6.6 -119.10387789337082 39.05885924885953 
6.6 -119.10373001528775 39.02194442036247 
6.6 -119.1035675308292 39.02904337055542 
6.6 -119.10384278328365 39.04025675949213 
6.6 -119.10387789337082 39.07357826617721 
6.6 -119.10384278220546 39.05080967099151 
6.6 -119.10384278328365 39.02209795031687 
6.6 -119.1035675308292 39.031872886161935 
6.6 -119.10384269992628 39.7956758832077 
6.6 -119.10373001269356 26.028586213586657 
6.6 -119.10381049923191 16.094867700342746 
6.6 -119.10384278328365 26.051801023041858 
6.6 -119.10373001528775 39.02293878447991 
6.6 -119.10381049923191 39.02259205326262 
6.6 -119.10373001528775 39.026147506645934 
6.6 -119.10384278328365 26.047788941933838 
6.6 -119.10384269992628 39.022505599892156 
6.6 -119.10381049923191 39.02279965436988 
6.6 -119.10381049923191 16.095185080684256 
6.6 -119.1035675308292 39.023620913625166 
6.6 -119.10381049923191 16.093933304720075 
6.6 -119.10384278328365 39.03910833311999 
6.6 -119.10373001528775 39.017452589307474 
6.6 -119.10381049923191 16.093945640553873 
4.5 -118.82591609623513 39.49433961173489 
4.5 -118.82591609623513 39.494352727138626 
4.5 -0.035544286262265246 24.100203151662754 
4.5 -118.82588554141905 39.047471139919445 
4.5 -118.82591650629168 39.01738469393815 
4.5 0.00876368897890245 39.49320428904653 
4.5 -118.82591609623513 39.02018316885756 
4.5 -118.82591650629168 39.017423199501145 
4.5 -0.03553145039951744 39.02117973298027 
4.5 -0.035529221727315985 39.01728614496298 
4.9 -0.1579708222563312 39.02050851851923 
5.2 -118.5545446455265 39.02434811017472 
5.2 -118.55454476648937 39.02178484140978 
5.2 -118.56312576151376 16.077638251460908 
5.2 -118.55454315126154 28.117495751997343 
5.2 -118.58461957340656 39.02743460708764 
3.3 -117.49712656869002 39.0576764636015 
3.3 -117.49661275731354 39.020236917114126 
3.3 -117.49686063780581 39.0278555649581 
3.3 -117.49661273479991 39.026098780752314 
3.3 -117.49678731525893 25.925087903302966 
0.5 -0.07339208454416735 39.09330104312658 
0.5 -0.07339208454416735 26.03159592947491 
0.5 -0.07339208454416735 39.09304445965301 
0.5 -0.07339208454416735 26.030144486362154 
0.5 -0.07339208454416735 39.10816953090146 
0.5 -0.07339208454416735 38.305268667863466 
0.5 -0.07339208454416735 38.300975916277686 
0.5 -0.07339208454416735 3.8860742769105365 
0.5 -0.07339208454416735 39.018096102624476 
3.2 -117.32813414713574 25.924207471866072 
3.2 -117.33050837591165 39.02023170196523 
3.2 -117.32830990647379 23.13354280110363 
4.2 -118.69568365007879 39.01844633435186 
4.2 -118.68831842407533 39.01781842457896 
4.2 -0.5735383233104869 39.02285697275443 
4.2 -118.69568365007879 39.0184776785404 
4.2 -118.45793860418158 39.46755715721363 
4.2 -118.68831842407533 39.01761093415082 
4.2 -118.69566484694492 39.01798628134876 
4.2 -0.573452383628279 39.03189661854137 
4.2 -118.69568365007879 39.018368862639065 
4.2 -0.5735228905773084 39.017488745348885 
4.2 -118.68831842407533 39.01919658304023 
5.6 -118.59900354939927 154.27318188070495 
5.6 -118.59899082403426 39.02996785234943 
5.6 -118.59899082403426 39.037893712807744 
5.6 -118.59898710451252 39.03057230724506 
7.1 -118.75724763038002 154.96423397542435 
1.2 -0.18371659169621068 39.14091109404021 
1.2 -0.18371659169621068 40.01298069528541 
6.8 -118.56625185085683 226.72707630942602 
6.8 -118.56625195888299 25.23133550905473 
6.8 -118.56625175882914 358.57906868008286 
6.8 -118.56624979216612 358.25545136534424 
6.8 -118.5662508259323 39.39556408105876 
6.8 -118.5662517656925 358.5748132000272 
6.8 -118.56625055636592 39.03709692022436 
6.8 -118.56624978866448 39.02335903209093 
6.5 -118.68222433820696 28.119807393053424 
6.5 -118.68220428438079 26.065256832452267 
6.5 -118.68222433820696 39.105058441826046 
6.5 -118.68214707126111 39.028634885655826 
6.5 -118.68222433820696 28.120146081414862 
6.5 -118.68222433820696 41.618243774968825 
6.5 -118.68220428438079 39.03863020551779 
6.5 -118.68218852755356 39.02273392257545 
2.7 -117.26188989613063 306.9948651178252 
2.7 -117.26189053890234 39.03023709754723 
2.7 -117.26189053890234 39.02438510518901 
2.7 -117.2597435468863 39.02034870709497 
2.7 -117.24507477221141 39.058871057296884 
2.7 -117.24761759472945 39.02057093719418 
2.7 -117.25649746206946 39.02155882610093 
2.7 -117.26188843852319 3.8814278504170043 
2.7 -117.26188843852319 3.882525433915657 
2.7 -117.26188843852319 39.01927662775589 
2.7 -117.26189053890234 39.01992468341803 
1.8 -0.27033581288507946 343.7267390401427 
1.8 -0.27024429009155426 343.4646183035629 
1.8 -0.27024429009155426 343.4610518486028 
1.8 -0.27024429009155426 26.017093684111895 
1.8 -0.2714196637170829 41.27334556261563 
1.8 -0.27033581288507946 26.046916354756398 
1.8 -0.27033581288507946 39.038510471149074 
1.8 -0.2702449931160231 26.016507489655076 
1.8 -0.27033581288507946 26.04975400573288 
1.8 -0.2702449931160231 39.01822863383548 
1.8 -0.27033581288507946 26.015008923487922 
1.8 -0.277826839205531 41.66407880885873 
1.8 -0.27033581288507946 26.015809097255254 
1.8 -0.2703357892225142 39.01809042139261 
1.8 -0.27033581288507946 39.018211312721725 
1.8 -0.27033581288507946 26.01535366397701 
1.8 -0.2702434888457361 39.02345053706734 
1.8 -0.2657432646299327 39.430242358760644 
0.4 -0.13464963740713642 193.12616721505495 
0.4 -0.13464963740713642 97.8014348696739 
0.4 -0.25482571224108597 97.80032475658025 
0.4 -0.13464963740713642 97.8032464599904 
0.4 -0.13464963740713642 19.26469063476553 
0.4 -0.13464963740713642 18.92606825312181 
0.4 -0.13464963740713642 18.92606243484169 
0.4 -0.13464963740713642 18.92383169701303 
0.4 -0.13464963740713642 39.01945670967795 
0.4 -0.13464963740713642 39.02379949941619 
0.4 -0.13464963740713642 39.020428994034226 
0.4 -0.13464963740713642 18.9238295831717 
0.4 -0.17655164335354812 39.01885979267023 
0.4 -0.17655164335354812 39.05053291088267 
5.0 -118.62502289958832 39.02411890064754 
5.0 -118.62502289958832 39.025698482595374 
5.0 -118.62502291405563 39.020084061524 
5.0 -118.72950922142223 39.018773885782096 
5.0 -118.62504769311185 3.8863454116283056 
5.0 -118.62493924834449 39.0258116567944 
5.0 -118.62515511473217 39.024614910715286 
5.0 -118.62504769311185 3.8876378563426104 
5.0 -118.72954965993308 39.0210339090793 
5.0 -118.62504769311185 3.886080516698882 
5.0 -118.72950922142223 39.03401336509327 
5.0 -118.62504769311185 3.8860802872963287 
5.0 -118.62504769311185 3.8816373716467725 
5.0 -118.62504769311185 22.604332572678327 
5.0 -118.62500552457344 39.01559302260263 
7.3 -118.27336101047298 185.4812468269488 
7.3 -118.25923372286358 19.26546546714433 
7.3 -118.27336101468498 214.04240671309026 
7.3 -118.25923360372295 39.02426661217152 
7.3 -118.25923511464622 39.083852320039874 
7.3 -118.25924041172723 39.0239278731199 
7.3 -118.25923316992521 39.02718168468594 
-0.2 0.0 39.042111512049594 
-0.2 0.0 26.02264082588763 
-0.2 0.0 39.040904312143425 
-0.2 0.0 26.02190243279012 
-0.2 0.0 26.020917366918198 
-0.2 0.0 39.41169044236983 
-0.2 0.0 26.017658394411907 
-0.2 0.0 39.0189950936184 
-0.2 0.0 26.027161614051078 
-0.2 0.0 39.01748848837817 
-0.2 0.0 39.01899425205627 
-0.2 0.0 39.026632127551345 
-0.2 0.0 39.018826455134636 
-0.2 0.0 39.02059904217175 
-0.2 0.0 39.019766222735136 
-0.2 0.0 39.0190225571502 
-0.2 0.0 39.018479563531294 
-0.2 0.0 24.10412695793437 
-0.2 0.0 39.019850251537946 
-0.2 0.0 24.104979802669703 
6.2 -118.99877738720647 118.61779026793482 
6.2 -118.9987916697412 39.022406259815234 
6.2 -118.99880920599794 39.02439556980916 
6.2 -118.99880920599794 39.024406392997214 
6.2 -118.99883635538967 39.11604462258879 
6.2 -118.9987930544293 39.019373547681525 
6.2 -118.99877759172601 28.11462191024184 
6.2 -118.9987930544293 39.01788192134983 
6.2 -118.9989406965688 39.08810894792332 
6.2 -118.99877846388932 39.25086904626648 
6.2 -118.99877895653164 39.01921875510317 
6.2 -118.99879117892992 39.02096192562922 
6.2 -119.11750341008644 39.019697709647524 
6.2 -118.99894046649746 39.088014760037744 
6.2 -118.99894043154737 39.08819251567566 
6.2 -118.99878115706139 16.116304872540347 
6.2 -118.99879049903899 26.06527400082309 
6.2 -118.99888444042651 39.0244900607501 
6.2 -118.99880920599794 25.9229469051221 
6.2 -119.11800868313992 39.01849603053407 
6.2 -118.99879100212023 39.0241967196473 
6.2 -118.99879184667955 39.023885268549655 
6.2 -118.99878115706139 16.08979596422029 
6.2 -119.11800868313992 39.387869097804334 
6.2 -118.99878114148999 16.116390771609648 
6.2 -118.99879117892992 3.9092438939533607 
6.2 -118.99877895653164 39.018600215280244 
6.2 -118.99878113327495 24.099447329458645 
6.2 -119.1178289223688 39.63866157150982 
6.2 -118.64592361129345 25.926941348514376 
6.2 -119.11795432169636 39.019134205092186 
6.2 -118.64283537494394 39.01937246890762 
6.2 -118.99881257523468 39.025215154514726 
6.2 -118.99879117892992 3.9109611519092455 
6.2 -118.64748841447916 39.01764682688212 
6.2 -118.99879100078691 39.02354441396985 
6.2 -118.99879100078691 3.904662260673036 
6.2 -118.99879184667955 3.882785699413427 
6.2 -118.99879117892992 3.926929757540038 
6.2 -118.99879117892992 3.9094968257988394 
6.0 -118.59247591824291 39.02704729865655 
6.0 -118.59257311970012 16.09495647267235 
-0.1 0.0 93.95289015990288 
-0.1 0.0 26.037161134793802 
-0.1 0.0 26.030144486414308 
-0.1 0.0 39.03014038729954 
-0.1 0.0 39.02280288438159 
-0.1 0.0 26.038576980969903 
-0.1 0.0 39.02108272009975 
-0.1 0.0 39.022024372931185 
5.3 -118.72745633308756 39.02206532929985 
5.3 -118.72745654404011 39.01798784451814 
5.3 -118.72745654404011 39.019409847905635 
5.3 -118.72745654404011 39.021254111191524 
5.3 -118.72745654404011 39.02066373023835 
5.3 -118.72745654404011 39.02081666975641 
5.3 -118.72745633308756 39.01799240274559 
5.3 -118.81791700714732 39.019672941666755 
5.3 -118.72745654404011 39.01798784501067 
5.3 -118.72745654404011 39.01648477348378 
5.3 -118.72746540215387 39.1489437074228 
5.3 -118.81791700714732 39.01967046448663 
5.3 -118.8179488155217 39.015806448374086 
5.3 -118.81791700714732 39.01860866955682 
5.3 -118.81787229598349 39.018940715632965 
5.3 -118.72745654404011 39.060513078972676 
6.9 -118.59254780578041 334.2127313848916 
6.9 -118.59255117552024 358.578955101055 
6.9 -118.59253692018405 167.08341067234272 
6.9 -118.59250734203096 26.03000942883484 
6.9 -118.5925294599722 306.9157329902558 
6.9 -118.59252992086836 39.02065736125891 
6.9 -118.25944325889228 39.01916259785939 
6.9 -118.5925461301072 39.04177196586599 
6.9 -118.59252992086836 39.022493789382445 
2.0 0.04487800118970142 9.149809560749157 
2.0 0.05746570169564791 41.20200689686799 
2.0 0.06600879747811916 26.028198452187556 
2.0 0.04194241063603954 39.89894181777296 
2.0 0.08169775600309492 26.022281382546 
2.0 0.044850806168426516 39.02240042471269 
2.0 0.04194241063603954 39.02045615289735 
7.0 -118.68711598327809 167.08172834490904 
7.0 -118.68678089850843 39.02211392218291 
4.6 -118.81632282343405 39.02184869307873 
4.6 -118.48531758970964 39.24885879658203 
4.6 -118.81632282343405 39.018824266977916 
4.6 -118.82322418484034 3.872405148591562 
4.6 -118.8165829914158 39.141573771807614 
4.6 -118.51407950813785 39.015501575237145 
4.6 -118.82321380955034 39.02088430917941 
4.6 -118.48536709654582 39.02059123814909 
4.6 -118.48542120873691 3.895390010689396 
4.6 -118.82322418511154 3.8618109328489343 
4.6 -118.82322418484034 3.872333830384783 
4.6 -118.59767649708886 39.01690911065118 
4.6 -118.48622559200926 3.870861996241263 
4.6 -118.48542702414524 3.8460093855461555 
4.6 -118.48542702414524 3.8492085999717296 
0.2 -0.3926220474241262 39.028403962270644 
0.2 -0.3926220474241262 39.02670508984985 
0.2 -0.3926220474241262 39.30336376321596 
0.2 -0.3926220474241262 39.02632286613868 
0.2 -0.3926220474241262 22.61559280848165 
0.2 -0.1703947625434381 22.60433086302822 
0.2 -0.1703947625434381 22.607857480059437 
0.2 -0.33861195223775553 3.8860736836999608 
0.2 -0.3926220474241262 22.606622862004603 
0.2 -0.3926220474241262 22.614844766450314 
0.2 -0.33861195223775553 3.8840035928659633 
0.2 -0.3926220474241262 39.020605219354614 
0.2 -0.1703947625434381 22.60646323731588 
0.2 -0.3926220474241262 22.606653440193387 
0.2 -0.3926220474241262 39.018896686120975 
0.2 -0.3926220474241262 24.10412695793437 
0.2 -0.3926220474241262 39.01995584883901 
0.2 -0.33861195223775553 39.02047627505693 
0.2 -0.1703947625434381 3.8995102519944504 
0.2 -0.3926220474241262 39.02018108593632 
0.2 -0.1703947625434381 3.8853708749838685 
0.2 -0.3926220474241262 22.606597593638973 
0.2 -0.3926220474241262 22.609956950591435 
2.9 -117.52023091569295 92.76438816882317 
2.9 -0.897925302658706 3.9836592060328404 
2.9 -117.52093489651983 39.02220697391606 
2.9 -117.52063322734352 3.8814278504170043 
2.9 -117.52150305222594 39.02133274931287 
2.9 -117.52093376982717 39.01947106525552 
2.9 -117.52022498662643 3.882314326473671 
2.9 -117.52023091569295 39.021193588904765 
2.9 -117.52063282636158 3.8859366090692635 
2.9 -117.52062694922637 3.881243305298523 
2.9 -117.52023091569295 39.01902890943375 
2.9 -117.52062694922637 3.8896235630945686 
2.9 -117.52021515704475 39.01911657407066 
2.9 -117.5219991522321 23.122974158069596 
5.5 -118.55992692659598 171.4161436205351 
5.5 -118.55992633854002 40.00981004352558 
5.5 -118.55995865700093 39.04400286992482 
5.5 -118.55992585029911 39.01083938752937 
5.5 -118.55992585029911 39.07186240525542 
5.5 -118.55992585029911 39.01037817166177 
5.5 -118.55992585029911 39.011516757630645 
5.5 -118.55995865700093 39.68557596555858 
5.5 -118.55992640231847 39.02919271998787 
5.5 -118.5599263266944 182.8512352147169 
5.5 -118.55995865700093 39.03049860960052 
5.5 -118.55995865621006 39.026917457045734 
5.5 -118.55994043995159 39.04705355427675 
5.5 -118.55994043952703 39.024883725197114 
5.5 -118.5599586492728 39.03219467678681 
5.5 -118.55993886381104 39.01750285767402 
5.5 -118.55992640231847 39.01330054088071 
5.5 -118.55993886381104 39.02601174792927 
5.5 -118.55995865700093 39.03001060899825 
5.5 -118.55992640231847 39.02336896977662 
-0.3 2.842170943040401e-14 39.060984354602596 
-0.3 2.842170943040401e-14 39.0603583928666 
-0.3 2.842170943040401e-14 3.9508315746450973 
-0.3 2.842170943040401e-14 26.021074843280946 
-0.3 2.842170943040401e-14 3.9540618800319414 
-0.3 2.842170943040401e-14 39.02100298961916 
-0.3 2.842170943040401e-14 39.02156576199745 
-0.3 2.842170943040401e-14 39.018161779333276 
-0.3 2.842170943040401e-14 39.014980117916586 
1.9 0.17622361293331323 254.9220213017596 
1.9 0.1689653755474012 39.05940642446316 
1.4 -0.20295977427866774 21.958678020862177 
1.4 -0.20295977427866774 39.585381096721164 
1.4 -0.20180939442384727 16.116854139183445 
1.4 -0.20295977427866774 41.78895608792958 
1.4 -0.20180939442384727 16.115435480283523 
1.4 -0.20180939442384727 16.116513638319095 
1.4 -0.20295977427866774 26.042612670156128 
1.4 -0.20180939442384727 16.115387151065505 
1.4 -0.20295977427866774 41.783165214259014 
1.4 -0.20078466902096181 16.11468733393894 
1.4 -0.2009788334974445 16.114274094430904 
1.4 -0.20078466902096181 39.03078326719698 
1.4 -0.2009787577621438 39.031070348288324 
1.4 -0.20030339836952749 16.089487040088724 
1.4 -0.20295977427866774 39.022202888467724 
1.4 -0.20030339836952749 16.090866669307154 
1.4 -0.2024573206799971 39.020866270522475 
1.4 -0.20295977427866774 21.94215372229285 
1.4 -0.2028161523461165 26.03987764343378 
1.4 -0.19968608894247097 39.01575592218785 
1.4 -117.47483095363688 16.077732862026398 
1.4 -0.1999648694934848 16.077499661413945 
1.4 -0.19896128115517797 39.019834536493065 
1.4 -117.47483095363688 16.077732558670384 
1.4 -117.48738932172023 39.016358720249116 
1.4 -117.48738906927888 39.01804590908568 
1.4 -117.47483053521938 39.015941084785275 
1.4 -117.48738879167642 16.079179440287053 
1.4 -117.4748316134645 16.07655800942662 
1.4 -117.48738932172023 39.01658022460794 
1.4 -117.47483095363688 39.01642639136813 
1.4 -117.4748316134645 39.01875960750604 
1.4 -0.20295977427866774 39.02574764891464 
1.4 -0.19996460730995125 16.07690182915623 
1.4 -0.20295977427866774 16.09391274604257 
1.4 -0.19965590560846636 39.01667480643287 
1.4 -117.48738879167642 39.01575984684165 
1.4 -117.47483053521938 39.01598498453052 
1.4 -117.48738861871367 39.0163012337886 
1.4 -117.48738812356285 39.02270616553554 
1.4 -117.47483095363688 16.084469124195827 
1.4 -117.48738932172023 39.01650498132015 
1.1 1.2796341484757505 53.861800002735016 
1.1 0.09288411729123425 105.32069149304309 
1.1 1.2796341484757505 42.294028805728516 
1.1 0.09288411729123425 40.272124616870265 
1.1 0.10922678775536099 150.9306239674466 
1.1 1.2796341484757505 42.64580684405783 
1.1 0.14600744028726353 39.019448991610865 
1.1 0.2649211889043954 39.015203852784296 
6.1 -118.81525294336404 122.14708342422772 
6.1 -118.77661255196631 121.43318434528823 
6.1 -118.81525523923737 122.14705887195902 
6.1 -118.77678000358601 39.88907204942141 
6.1 -118.77669658061644 39.027400462382246 
6.1 -118.77669658690014 39.02064375987355 
6.1 -118.7766965859536 39.024698956445654 
6.1 -118.77673947690766 39.10602518950796 
6.1 -118.77674263741063 39.0249359199096 
6.1 -118.7767600005018 26.051801023041858 
6.1 -118.77674263741063 39.020334321865555 
6.1 -118.70192842250924 39.30900396345131 
