1.5 -117.11679526519939 16.07652838145799 
-0.4 2.842170943040401e-14 3.8461233440956026 
2.2 -117.91031072017844 3.8734403916052687 
2.3 -117.13471935572589 3.8580821661515454 
2.3 -117.47157104919465 3.8621364174501496 
3.4 -118.04939016860692 39.01558248506051 
3.4 -118.04900131103524 25.92411555724016 
3.4 -118.04898824950014 25.914628295175238 
3.4 -118.04930063840786 25.930700929506692 
3.4 -118.04814102652105 22.681730200677183 
3.4 -118.04789625976464 22.67676038730901 
1.0 -0.5036574338170823 39.018532243363005 
1.0 -0.6094448408592257 39.020928641152075 
1.0 -0.6270570906003883 39.030225285005535 
2.1 -0.48314057892999074 3.858070333161611 
4.4 -118.57759779494342 39.015586429152904 
5.4 -119.14242472807567 16.078208571055775 
5.4 -119.14243748260104 39.0158308934213 
4.5 -118.82591650629168 39.01738469393815 
4.2 -118.68831842407533 39.01761093415082 
4.2 -118.69566484694492 39.01798628134876 
4.2 -118.69568365007879 39.018368862639065 
-0.2 0.0 24.10412695793437 
6.2 -118.99879184667955 3.882785699413427 
4.6 -118.82322418511154 3.8618109328489343 
4.6 -118.48542702414524 3.8460093855461555 
0.2 -0.33861195223775553 3.8840035928659633 
0.2 -0.3926220474241262 22.606597593638973 
1.4 -117.48738932172023 39.016358720249116 
1.4 -117.48738879167642 16.079179440287053 
1.4 -117.4748316134645 16.07655800942662 
