1.5 [[1.3825349400019504], [2.5, 127.86208252026941, 140.0971603729464], [72.86043737548135, 66.73089072833606], [1.0206916254931135, 14.81830163947504]] 
-0.4 [[2.87686168197777], [2.5, 130.57149899093997, 109.21306901395], [6.925428990567561, 13.156767241776102], [1.9821747332673185, 15.750927039899917]] 
2.2 [[0.874501163429422], [2.5, 166.6273231115495, 109.21306901395], [96.53986236549683, 7.170670057771858], [7.634239953122146, 15.492955902694174]] 
2.3 [[2.9870558505673928], [2.5, 158.6541839793536, 109.21306901395], [6.925428990567561, 48.089784643271514], [2.799325921665007, 6.8242089815412745]] 
2.3 [[0.874501163429422], [2.5, 154.06213383025943, 109.21306901395], [96.53986236549683, 8.986087342107396], [2.9037886270620232, 15.617216332390644]] 
3.4 [[25.54110028113836], [6.718956174141394, 200.0, 2.5], [2.0493433819029416, 66.51408735471395], [0.2358947222822505, 2.272951610161323]] 
3.4 [[16.83116183035077], [2.4996863552744712, 200.0, 164.73175639677874], [1.5126348950132065, 61.234148229273075], [0.2358947222822505, 2.6668423419568543]] 
3.4 [[17.26078715781903], [6.718956174141394, 200.0, 164.73175639677874], [2.0489881024809056, 117.4244700142234], [0.7800959776304319, 2.5343746052940723]] 
3.4 [[16.97809351948444], [6.718956174141394, 289.03378523385516, 164.73175639677874], [0.024439740129936993, 64.39921593520025], [0.2358947222822505, 2.386905451987703]] 
3.4 [[40.772794358507035], [2.22286032615491, 406.3237351605637, 43.57072545558349], [0.025784981177891797, 93.2379387194155], [1.7269842182693702, 14.543319340118153]] 
3.4 [[41.003927065980285], [2.5, 406.3237351605637, 43.57072545558349], [0.025784981177891797, 93.2379387194155], [1.7269842182693702, 14.794325963425276]] 
1.0 [[10.87380431705351], [2.5, 130.6144929042106, 2.5], [0.6489926137618498, 124.25885438046714], [1.9788864910909567, 28.712600573322632]] 
1.0 [[10.720819438777825], [2.5, 194.3040047474854, 2.5], [0.6489926137618498, 26.332154773861504], [1.9970900944171237, 20.637158450088997]] 
1.0 [[10.632670259416031], [1.5687270530703774, 174.33652686275553, 2.5], [5.020704312634344, 130.3188625054994], [1.7122855711182845, 13.056858570564316]] 
2.1 [[2.9870558505673928], [2.5, 158.6541839793536, 109.21306901395], [6.925428990567561, 47.680493358875125], [2.799325921665007, 6.8242089815412745]] 
4.4 [[1.382509118775356], [2.4996845703502846, 128.34204426644038, 2.5], [97.12136187459716, 60.711918163383096], [0.7714548114266344, 15.116569271844698]] 
5.4 [[1.3825349400019504], [2.4999976328689155, 127.86208252026941, 140.0971603729464], [72.86043737548135, 127.89508771504362], [0.07726161228932682, 16.7238150006828]] 
5.4 [[2.1314308232395147], [2.4209815853055803, 127.47673213028028, 2.5], [70.72761086189942, 71.17026494092262], [1.7515890021415825, 3.3070845966468507]] 
4.5 [[2.870120982923593], [2.497622316695811, 157.44781613805702, 2.5], [94.21425575229887, 107.02388120596962], [0.9837769035426027, 12.846598550647233]] 
4.2 [[2.469378779403589], [2.4999931523092633, 167.78546457222043, 2.5], [97.00002464628318, 71.74461195669224], [0.7714548114266344, 8.309519868682905]] 
4.2 [[2.469378779403589], [2.4999931523092633, 171.4077904985669, 2.5], [124.87368009637122, 71.74461195669224], [1.0129454344377764, 8.780261436115914]] 
4.2 [[0.9307063992412814], [2.4999931523092633, 167.64152554777132, 2.5], [65.58488887724309, 71.74461195669224], [0.32446746287089034, 17.797506004670627]] 
-0.2 [[18.99368927056005], [2.5, 175.64696333898056, 39.818569661343005], [0.9208850636093568, 13.928256816124698], [2.050693092763713, 15.695086944080694]] 
6.2 [[1.912953539080009], [2.420997051660995, 167.47155299461312, 109.21306901395], [2.0850805513574286, 117.29143785074271], [0.7691032388525074, 15.505540527866932]] 
4.6 [[1.387507313122522], [2.4996845703502846, 128.34204426644038, 109.21306901395], [97.12136187459716, 61.276408905922594], [0.7714548114266344, 24.84087215283479]] 
4.6 [[1.387507313122522], [2.4996845703502846, 128.34204426644038, 109.21306901395], [3.3830884935569543, 62.38030726246847], [0.7322212581173614, 15.569909806261823]] 
0.2 [[4.401213282633802], [2.4999908506849593, 182.3810199214415, 109.21306901395], [2.071736718458434, 94.63492002823054], [0.7338324182127007, 15.480203302354006]] 
0.2 [[10.829103443778001], [2.5, 195.7491001825703, 43.57072545558349], [5.883261281713562, 52.957940994777985], [1.7122855711182845, 13.105141980610096]] 
1.4 [[1.3825349400019504], [2.5, 127.86208252026941, 2.5], [91.35346713750958, 50.91876448321976], [1.9292585543760081, 21.294100388272856]] 
1.4 [[1.3825349400019504], [2.5, 127.86208252026941, 140.0971603729464], [124.69731006111111, 127.50987024245326], [1.014780696346184, 18.792813420002396]] 
1.4 [[2.125570836078369], [2.5, 127.86208252026941, 140.0971603729464], [72.85926626896129, 69.3966689400732], [1.7249386157224649, 14.973000220726014]] 
