0.7 0.33554490219641764 39.022689436903015 
0.7 0.33554490219641764 39.02381280969297 
0.7 0.3390148603116927 39.022833543996306 
0.7 0.33554490219641764 32.13176040654775 
0.7 0.33554490219641764 7.449539872692585 
0.7 0.33554490219641764 39.02113884129904 
0.7 0.33554490219641764 39.02118098940322 
0.7 0.33554490219641764 39.02397465379116 
0.7 0.3390148603116927 39.02098567555453 
0.7 0.33554490219641764 39.015867273075116 
0.7 0.33554490219641764 7.395407156949749 
0.7 0.3390148603116927 39.02010783521153 
0.7 -11.765918650758664 39.02554991877182 
1.5 0.5621620990661143 180.18370000379412 
1.5 -11.765918650758664 40.41093365365694 
1.5 -11.765918650758664 39.95494067671384 
0.6 0.3375812422358848 52.982916978436656 
0.6 0.3375812422358848 39.01708548240109 
4.3 2.2099748413660194 334.15842835787566 
4.3 2.209974844715873 39.026567434168975 
4.3 2.209974841366005 334.15908982784504 
3.0 0.4405079746339169 326.1784748234308 
3.0 0.262377070896207 148.68768008132818 
3.0 0.4405079746339169 148.13047746578545 
3.0 1.6223734225940944 190.34413334712505 
3.0 0.4405079746339169 5.7480655812029475 
3.0 0.4405079746339169 39.01554542929521 
3.0 0.4405079746339169 5.754799357962 
3.0 0.4405079746339169 5.748092920938884 
3.0 0.4405079746339169 39.02428949299 
3.0 0.4405079746339169 5.767903619968221 
3.0 0.4405079746339169 5.7480717253758815 
3.0 0.6078186277114526 5.803756331166989 
3.0 0.4405079746339169 5.74807742411677 
3.0 0.4405079746339169 5.790120833933604 
3.0 0.4405079746339169 5.75019149978267 
3.0 0.44059538637428375 39.02253707965697 
3.0 0.4405079746339169 5.74790960630067 
3.0 0.4405079746339169 5.748397909760988 
3.0 0.4405079746339169 5.748208424889258 
3.0 0.4405079746339169 5.748434632386271 
3.0 0.4405079746339169 5.747299136691264 
3.0 0.4405079746339169 5.750468022571916 
3.0 0.4405079746339169 5.7434370142836775 
3.0 0.4405079746339169 5.747393696505931 
3.0 0.4405079746339169 5.7480655851483125 
3.0 0.4405079746339169 5.744570061224049 
3.0 0.4405079746339169 5.746979430223446 
3.0 0.4405117428196945 39.01527737604268 
3.0 0.4405079746339169 5.756667336264345 
3.0 0.4405079746339169 5.739646302497254 
3.8 1.7721645861194446 39.02680659032565 
3.8 1.772168872474765 5.754216187006944 
3.8 1.7721629419377791 5.783079490720764 
3.8 1.772168872474765 5.753078365117999 
0.3 0.14106625974157794 176.1965006578746 
0.3 0.14106625974157794 176.04263496977768 
0.3 0.14106625974157794 39.70952137369095 
0.3 0.14106625974157794 176.19610126174595 
0.3 0.14106625974157794 37.86498694716505 
0.3 0.14106625974157794 39.70712975020631 
0.3 0.14106625974157794 39.032707397544335 
0.3 0.14106625974157794 37.86088056234847 
0.3 0.14106625974157794 39.01353670934747 
0.3 0.14106625974157794 39.01850845858134 
0.3 0.14106625974157794 39.017130344930976 
0.3 0.14106625974157794 39.016094425757615 
0.3 0.14106625974157794 39.0171044352394 
2.3 -0.029019950836044472 39.03251762319436 
2.3 -0.029019950836044472 32.13102224810386 
3.4 1.32903993397872 160.39532920679198 
3.4 0.6219496493546899 350.3503888656467 
3.4 1.6224058459508655 228.2564670498818 
3.4 0.6219496493546899 45.97777575667694 
3.4 0.6077714176889941 227.61560735454492 
3.4 0.6219496493546899 39.04487776486625 
3.4 0.6219496493546899 39.02971833292875 
3.4 0.6219496493546899 5.80038697743543 
3.4 0.6219537752030249 5.754304893596552 
3.4 0.6219537752030249 5.754376919146785 
3.4 0.6219537752030249 39.02211042848156 
3.4 0.6219496493546899 5.799227009617953 
3.4 0.6219537752030249 5.754220132809605 
3.4 0.6219496493546899 39.03037935313491 
3.4 0.6219496493546899 5.818626720009521 
3.4 0.6219496493546899 5.817760660844346 
3.4 0.6219537752030249 39.01636795771838 
3.4 0.6219537752030249 39.02093498435191 
3.4 0.6219496493546899 39.02305624222794 
3.4 0.6219535263176539 6.107276388141976 
3.4 0.623005493407419 5.751325558598807 
3.4 0.6219537752030249 5.759359253907814 
3.4 0.6219537752030249 5.755035760485787 
3.4 0.6219537752030249 5.748152573308025 
3.4 0.6219496493546899 5.748376968724675 
1.0 -11.765918650758664 148.20698584295334 
1.0 -11.765918650758664 148.20696000153123 
1.0 -11.765918650758664 39.028434417319374 
1.0 -11.765918650758664 39.019102804942165 
1.0 -11.765918650758664 39.02422338126303 
1.0 -11.765918650758664 39.02789168707294 
1.0 -11.765918650758664 39.01929755546928 
1.0 -11.765918650758664 39.01911231630195 
1.0 -11.765918650758664 39.019581678816884 
1.0 -11.765918650758664 39.113286177653514 
1.0 -0.7762771028980353 6.505501667441528 
0.9 0.5333837382283377 180.99848425875007 
0.9 -11.765918650758664 127.98526134522974 
0.9 0.5356069412104887 64.88116797650832 
0.9 0.5333837382283377 146.3675260115398 
0.9 0.5333837382283377 41.52437803536819 
0.9 0.5333837382283377 41.52240453670474 
0.9 0.5333837382283377 40.94535192451282 
0.9 0.5356069412104887 64.88116815607938 
0.9 -11.765918650758664 39.017516232453495 
0.9 -11.765918650758664 39.02963482992269 
0.9 0.5333837382283377 41.52699132699037 
0.9 -11.765918650758664 39.01747817209335 
0.9 -11.765918650758664 39.023193401945946 
0.9 -11.765918650758664 39.01757716304884 
0.9 -11.765918650758664 39.018074571408086 
0.9 0.5333837382283377 39.022870746276304 
0.9 -11.765918650758664 39.01691811404668 
0.9 -11.765918650758664 39.0174348650984 
0.9 -11.765918650758664 39.02308161760537 
0.9 -11.765918650758664 39.02515220328102 
0.9 -11.765918650758664 39.01768354571998 
0.9 -11.765918650758664 39.02183279872989 
0.9 -11.765918650758664 39.018321346556604 
0.9 -11.765918650758664 39.017616025444525 
0.9 -11.765918650758664 39.01620086895702 
0.9 -11.765918650758664 39.01781990678574 
0.9 -11.765918650758664 39.01809162547259 
0.9 -11.765918650758664 39.0194742865339 
0.9 -11.765918650758664 39.01861618510691 
3.1 1.6223815978971317 225.64504971097583 
3.1 0.44585543398950733 39.086269686531104 
3.1 1.622381553734229 322.70930620372576 
3.1 0.4406236057628661 39.02232575680795 
3.1 0.44056910902338586 5.764963585329001 
3.1 0.44056910902338586 5.747463179393602 
3.1 0.44056910902338586 5.751767447525435 
2.6 -0.09172178954941046 39.015214991188955 
2.6 0.12452950278699859 39.015785259651295 
3.6 1.8138823982162364 39.02329167629122 
3.6 1.8138823982162364 6.328257196361745 
3.6 0.786631118748133 39.02487811583813 
3.6 1.8138824044562796 39.031990754134185 
3.6 1.8138823982162364 6.291018218486895 
3.6 0.786631118748133 5.812400944781273 
3.6 0.7866311175854435 39.026165146368676 
3.6 1.8138823982162364 6.3278791856891745 
3.6 1.8138815671894832 5.79459507757063 
3.6 0.786631118748133 5.80655967189281 
3.6 0.7866377985752564 5.820069452360322 
3.6 0.786631118748133 5.812241358363761 
3.6 0.786631118748133 5.80689426557012 
3.6 0.786631118748133 39.07991430696686 
3.6 0.786631118748133 5.805240558037873 
3.6 1.8138823982162364 39.02237811187404 
3.6 0.786631118748133 39.01970123867833 
3.6 0.786625772879944 39.02467840936817 
3.6 0.786631118748133 39.02397234989347 
3.6 1.8138823982162364 39.015805791123576 
3.6 0.7866377985752564 39.024643992392356 
3.6 0.786631118748133 5.755945437405016 
3.6 0.7866219369444991 39.02492291058807 
4.7 -0.5319126921603754 39.70998091523902 
1.3 -11.765918650758664 39.95536399715605 
1.3 -11.765918650758664 39.030861635701775 
1.3 -0.6605653340790525 6.502446131003177 
1.3 -11.765918650758664 6.525074576338271 
1.3 -0.6605653340790525 39.02490713839371 
1.3 -11.765918650758664 39.02380603574067 
1.3 -11.765918650758664 6.529301780778489 
1.3 -11.765918650758664 6.509345163215805 
1.3 -11.765918650758664 39.027215845416805 
1.3 -11.765918650758664 6.502799667471087 
1.3 -11.765918650758664 39.02629626534565 
1.3 -11.765918650758664 39.017491258215145 
1.3 -11.765918650758664 39.02530540171308 
1.3 -11.765918650758664 6.528893225917137 
1.3 -11.765918650758664 6.524993189319063 
1.3 -11.765918650758664 39.020005290623736 
1.3 -11.765918650758664 6.501847304371594 
1.3 -11.765918650758664 6.509345027429486 
1.3 -11.765918650758664 39.01756702601799 
1.3 -11.765918650758664 39.02458817509342 
1.3 -11.765918650758664 39.02336762831739 
1.3 -11.765918650758664 39.02616307644861 
1.3 -11.765918650758664 6.496343847156816 
1.3 -11.765918650758664 6.503083166739053 
1.3 -11.765918650758664 6.5044392099226025 
1.3 -11.765918650758664 6.501850687316878 
1.3 -11.765918650758664 6.502224496066073 
1.3 -11.765918650758664 39.02705940827953 
1.3 -11.765918650758664 39.024626522456145 
2.4 0.041491914366005744 36.299191723360096 
2.4 0.041491914366005744 42.51551929179294 
2.4 -0.0289847294741179 39.026499126152444 
2.4 -0.0289847294741179 39.02648994294263 
2.4 -0.02899387868681913 11.022981707377214 
2.4 0.041491914366005744 36.302342633613634 
0.1 0.14859410752141855 253.88856339421974 
0.1 0.14859410752141855 39.0208099763633 
0.1 0.14859410752141855 148.13172513583635 
0.1 0.14859410752141855 39.023832241130506 
0.1 0.14859410752141855 39.01937237576829 
0.1 0.14859410752141855 253.8885633575705 
0.1 0.14859410752141855 87.37075717177062 
0.1 0.14859410752141855 39.04121011049832 
0.1 0.14859410752141855 39.032487210741145 
0.1 0.14859410752141855 39.02140843767733 
0.1 0.14859410752141855 39.035838787199324 
0.1 0.14859410752141855 39.040460277365945 
0.1 0.14859410752141855 39.02442021424839 
0.1 0.14859410752141855 39.064209874629775 
0.1 0.14859410752141855 39.01398641474679 
0.1 0.14859410752141855 6.51510620676676 
0.1 0.14859410752141855 39.013637236363735 
0.1 0.14859410752141855 39.07291965045245 
0.1 0.14859410752141855 39.017652977489085 
0.1 0.14859410752141855 5.754982063103146 
0.1 0.14859410752141855 5.758174789219229 
3.5 1.576625761384122 6.380454642173215 
3.5 1.8138709570239513 39.022532465205806 
3.5 1.5766336237073517 39.0331754985085 
3.5 1.576625761384122 6.380743505205857 
3.5 1.5766437565296911 39.03161702865672 
3.5 1.8138709570239797 5.8444008502076485 
3.5 1.5766437565296911 39.452094874371184 
3.5 1.5766437565296911 39.01707053532641 
3.5 1.5718816572689747 39.01899566541864 
3.5 1.5766437565296911 5.793457666108314 
3.5 1.5766437565296911 39.020083489949556 
3.5 1.5766435114657043 39.01605568553754 
3.5 1.5766437565296911 5.792096171871267 
3.5 1.5718816572689747 39.02247793767879 
3.5 1.5766437565296911 39.02240709421632 
3.5 1.5766406172128882 39.01723732405585 
3.5 1.5766153032157604 7.457911394773937 
3.5 1.5766437565296911 5.7917007102161815 
3.5 1.5766437565296911 39.02275958859919 
3.5 1.5766437565296911 5.7921821729375615 
3.5 1.5766437565296911 39.022441591713225 
3.5 1.5766437565296911 5.754905515354996 
3.5 1.5766437565296911 5.7935833581629295 
3.5 1.5978777279690917 39.024093691558406 
3.5 1.5766448032545952 6.136429033787823 
3.5 1.5766437565296911 5.790776516680627 
3.5 0.7727832342737315 5.75527911239487 
3.5 1.5766437565296911 5.7588177721878875 
3.5 1.5766437565296911 5.791645986285353 
3.5 1.5766437565296911 5.7527896211906135 
3.5 1.5766437565296911 5.759298979752302 
3.5 1.5766437565296911 5.752254095947708 
3.5 0.7727832342737315 5.75581815776728 
2.8 0.28121734474459004 308.67506090118314 
2.8 0.28121734474459004 308.47276641555055 
2.8 0.28121734474459004 5.748065651722982 
2.8 0.28121734474459004 5.749745300771751 
2.8 0.28121734474459004 5.74932290767356 
2.8 0.28121734474459004 39.01687217288574 
2.8 0.28120072926901685 39.61614173508469 
2.8 0.28121734474459004 5.750651186743046 
2.8 0.28121734474459004 5.7483697402551295 
2.8 0.28120072926901685 5.753637586415888 
2.1 1.5622598409412092 132.0165558960953 
2.1 1.562254455615573 243.7826613228919 
2.1 1.327023424999652 39.077439402978094 
2.1 1.3270099567964877 39.03733229825932 
0.8 0.5378394027686397 139.07336073770546 
0.8 0.5350793354878078 303.1111889810378 
0.8 -11.765918650758664 39.020083521039645 
0.8 0.5378394027686397 41.437420191327995 
0.8 0.5350793354878078 39.48344798896219 
0.8 -11.765918650758664 64.74226982592337 
0.8 0.5378394027686397 41.442654179953706 
0.8 -11.765918650758664 39.04181190833354 
0.8 -11.765918650758664 39.016948610721755 
0.8 -11.765918650758664 39.02008178513194 
0.8 -11.765918650758664 39.01877853148023 
0.8 -11.765918650758664 39.02285829333111 
0.8 0.5350793354878078 39.03635001344047 
0.8 -11.765918650758664 39.01950138863475 
0.8 -11.765918650758664 39.01877027808223 
0.8 -11.765918650758664 39.018218856342344 
0.8 -11.765918650758664 39.048985425472225 
0.8 -11.765918650758664 39.018505902108664 
0.8 -0.3339795116372244 39.06657699559372 
0.8 -11.765918650758664 39.01915536093572 
0.8 0.5350793354878078 39.013401108943405 
0.8 -11.765918650758664 39.019549917738736 
0.8 -11.765918650758664 39.0258036088402 
0.8 -11.765918650758664 39.01843610047667 
0.8 -11.765918650758664 39.016922280997655 
0.8 -11.765918650758664 37.86498750105264 
0.8 -11.765918650758664 39.017061704910674 
0.8 -11.765918650758664 39.019412537463715 
0.8 0.5350793354878078 42.519907058593226 
0.8 -11.765918650758664 39.02446928682474 
0.8 -11.765918650758664 39.01815397171119 
0.8 -11.765918650758664 39.074656429057036 
0.8 -11.765918650758664 39.019005221920246 
0.8 0.5350793354878078 39.02038142913074 
0.8 -11.765918650758664 39.11649119153789 
0.8 0.5350793354878078 7.460473566701495 
0.8 -11.765918650758664 39.03586817510026 
0.8 -11.765918650758664 39.023480768838525 
0.8 -11.765918650758664 39.018583596672045 
0.8 -11.765918650758664 39.03037952139473 
0.8 -11.765918650758664 39.01836214754907 
0.8 -11.765918650758664 39.02021441360471 
0.8 -11.765918650758664 39.01766155085649 
0.8 -11.765918650758664 37.861323690144786 
0.8 -11.765918650758664 39.06393189163712 
0.8 -11.765918650758664 39.01971263697458 
0.8 -11.765918650758664 39.02423233086452 
0.8 -11.765918650758664 39.017113785565286 
0.8 -11.765918650758664 39.02281342392922 
0.8 -11.765918650758664 39.019437977477615 
0.8 -11.765918650758664 37.861333325042835 
0.8 0.5350793354878078 6.380399501451128 
0.8 -11.765918650758664 39.01860451869567 
0.8 0.5350793354878078 6.504843470274474 
0.8 -11.765918650758664 39.031706544484855 
0.8 -11.765918650758664 37.87262930084381 
0.8 -11.765918650758664 39.028603619630886 
0.8 -11.765918650758664 37.856553888217945 
0.8 -11.765918650758664 37.861672537211966 
0.8 -11.765918650758664 37.86133866663964 
0.8 -11.765918650758664 37.86132992253103 
0.8 -11.765918650758664 37.856552757234155 
0.8 -11.765918650758664 39.0216332283875 
0.8 -11.765918650758664 37.86133341947243 
0.8 -11.765918650758664 37.85658015868343 
0.8 -11.765918650758664 37.85079115374067 
0.8 -11.765918650758664 37.85711808420091 
0.8 -11.765918650758664 37.85874146186476 
2.5 0.12452192264001383 190.3458258876609 
2.5 0.12452192264001383 148.13038267032147 
2.5 0.12452192264001383 148.1302649731885 
2.5 0.12452192264001383 6.698842049345849 
3.3 0.6219466324244394 17.291714682802365 
3.3 0.6219466324244394 17.272822715796757 
3.3 0.6219466324244394 39.03129214911075 
3.3 0.6219573547459589 39.029300273335885 
3.3 0.6219466324244394 17.27038842481756 
3.3 0.621961025941971 17.279349008290346 
3.3 0.6219466324244394 39.02231722357702 
3.3 0.6219544879049153 7.44621764963301 
3.3 0.6219544879049153 7.403082416854101 
0.5 0.33987639489448895 71.86691756064808 
0.5 0.33987639489448895 83.80844675395997 
0.5 0.33987639489448895 39.034819318863185 
0.5 0.33987639489448895 39.017517005902306 
3.2 1.3850006359847669 5.800326495040147 
3.2 1.3850006359847669 5.743437025254819 
4.2 2.209961007800473 40.35078166928577 
4.2 2.209961007800459 40.260049295948704 
1.2 0.36490110120463726 12.060818612595245 
1.2 0.35757927466413264 126.46406634154805 
1.2 0.35757927466413264 218.40304883440106 
1.2 0.35757927466413264 218.40322750038126 
1.2 0.36490110120463726 40.318082902201134 
1.2 0.36490110120463726 42.89451779161231 
1.2 0.35757927466413264 6.523448748446946 
1.2 0.36490110120463726 39.022302854804174 
1.2 0.36490110120463726 39.027843903131895 
1.2 0.36490110120463726 6.515400876038175 
1.2 0.36490110120463726 6.625981125175015 
1.2 0.36490110120463726 39.02096438006923 
1.2 0.36490110120463726 40.31736725119361 
1.2 0.36490110120463726 12.070227049859051 
1.2 0.36490110120463726 39.01724744044642 
1.2 0.35757927466413264 39.022385423524504 
1.2 0.35757927466413264 39.02085820012337 
1.2 0.36490110120463726 39.01734128463502 
1.2 0.35757927466413264 6.524528076022505 
1.2 0.36490110120463726 39.02117785400323 
1.2 0.36490110120463726 39.02256937716485 
1.2 0.35757927466413264 39.01696747990576 
1.2 0.35757927466413264 6.494848094217366 
1.2 0.35757927466413264 6.500331698293638 
2.7 0.15076524485390053 63.387021979801155 
2.7 0.2810397900260142 102.996545249309 
2.7 0.2810397900260142 102.9772401926925 
2.7 0.2810397900260142 39.072370721978956 
2.7 0.2810397900260142 39.13197467946155 
2.7 0.2810397900260142 39.17456259028589 
2.7 0.2810397900260142 39.123914255422136 
2.7 0.2810397900260142 39.025237120229235 
2.7 0.2810397900260142 5.750470795654837 
2.7 0.2810397900260142 5.7379326778384 
2.7 0.2810397900260142 5.741575384889618 
2.7 0.2810397900260142 5.737778846569279 
4.1 2.2099571643885696 86.48239055656879 
4.1 2.2099568652377855 31.31103268282461 
4.1 2.2099568652377855 233.07929090820056 
4.1 2.2099571643885696 39.820523770464426 
4.1 2.209956864471664 39.049755491698754 
4.1 2.209956864526646 39.02282942135945 
1.8 0.9597075220765987 39.034777474928724 
1.8 0.9597075220765987 39.034712351654875 
0.4 0.14062097745414803 176.04256239184056 
0.4 0.14062097745414803 39.02071845303844 
0.4 0.14062097745414803 39.03220855293367 
0.4 0.14062097745414803 39.02028431913128 
0.4 0.14062097745414803 39.03425730965642 
0.4 0.14608246159113492 39.02090950646885 
0.4 0.14062097745414803 5.780050710878916 
0.4 -0.45227177753555736 39.0261504534665 
-0.2 -0.7295297001841732 39.11629841364419 
-0.2 -0.7295297001841732 7.6351071261680685 
-0.2 -0.7295297001841732 39.02158681238841 
-0.2 -0.7295297001841732 39.11548519303913 
-0.2 -0.7182948029689129 39.115816876975884 
-0.2 -0.7295297001841732 7.690379980574313 
-0.2 -0.7295297001841732 39.018307101171196 
-0.2 -0.7295297001841732 39.02034395564146 
-0.2 -0.7295297001841732 39.025620440356825 
-0.2 -0.7295297001841732 39.025342374166506 
-0.2 -0.7295297001841732 39.02621490059324 
-0.2 -0.7295297001841732 39.01748937094628 
-0.2 -0.7295297001841732 39.531237126104834 
-0.2 -0.7295297001841732 39.59699576669773 
-0.2 -0.7295297001841732 7.459718697571238 
-0.2 -0.7295297001841732 39.01729048568765 
-0.2 -0.7295297001841732 39.05989404139038 
-0.2 -0.7295297001841732 39.02647575918759 
-0.2 -0.7295297001841732 7.689592329285927 
-0.2 -0.7295297001841732 39.025118586812056 
-0.2 -0.7295297001841732 39.025699139382574 
-0.2 -0.7295297001841732 7.459433209180489 
-0.2 -0.7295297001841732 39.019101848179346 
-0.2 -0.7295297001841732 39.03010241061324 
-0.2 -0.7295297001841732 7.634334992784188 
-0.2 -0.7295297001841732 39.0338404873109 
-0.2 -0.7295297001841732 7.442244977515147 
-0.2 -0.7295297001841732 39.02606028569957 
-0.2 -0.7295297001841732 39.0293763243665 
-0.2 -0.7295297001841732 7.455162877163873 
-0.2 -0.7295297001841732 39.06238405833154 
-0.2 -0.7295297001841732 5.793611512139037 
-0.2 -0.7295297001841732 7.459925378268516 
-0.2 -0.7295297001841732 39.025146612705726 
-0.2 -0.7295297001841732 39.02333525711214 
-0.2 -0.7295297001841732 7.441519480425312 
-0.2 -0.7295297001841732 39.02970275873693 
-0.2 -0.7295297001841732 7.44794579147144 
-0.2 -0.7295297001841732 7.497425482910624 
-0.2 -0.7295297001841732 39.02549212541369 
-0.2 -0.6572723418229884 39.17615601969015 
-0.2 -0.7295297001841732 5.7932339213017965 
-0.2 -0.6572723418229884 39.024498244888306 
-0.2 -0.7295297001841732 5.793675278108849 
-0.2 -0.7295297001841732 39.02449071876846 
-0.2 -0.7295297001841732 39.02062945019072 
-0.2 -0.7295297001841732 5.755949957541851 
-0.2 -0.7295297001841732 39.02352967285839 
-0.2 -0.7295297001841732 5.778684926103409 
-0.2 -0.7295297001841732 7.483692078021614 
-0.2 -0.7295297001841732 5.786198554660883 
-0.2 -0.7295297001841732 5.752779881285947 
-0.2 -0.6572723418229884 39.0230019102614 
-0.2 -0.7295297001841732 5.805707891437727 
-0.2 -0.6572723418229884 39.025520512103135 
-0.2 -0.7295297001841732 5.800707121069438 
-0.2 -0.7295297001841732 39.020009894932656 
-0.2 -0.7295297001841732 5.80029384504045 
-0.2 -0.7295297001841732 5.777295175143939 
-0.2 -0.7295297001841732 5.787556463779992 
-0.2 -0.6572723418229884 5.750311192001317 
-0.2 -0.6572723418229884 39.01622545816608 
-0.2 -0.7295297001841732 5.75521406470633 
-0.2 -0.7295297001841732 5.767613787336304 
-0.2 -0.7295297001841732 6.148799492454488 
-0.2 -0.7295297001841732 39.016190713030774 
-0.2 -0.7295297001841732 5.753860572764257 
-0.2 -0.7295297001841732 5.755285560942555 
-0.2 -0.6572723418229884 5.750395724140129 
-0.2 -0.7295297001841732 5.781311671380987 
-0.2 -0.6572723418229884 39.016273625806505 
-0.2 -0.7295297001841732 5.766952921762456 
-0.2 -0.7295297001841732 5.7562497553646255 
-0.2 -0.7295297001841732 5.751433003722382 
-0.2 -0.7295297001841732 5.75143384185625 
-0.2 -0.6572723418229884 5.75031946088072 
-0.2 -0.7295297001841732 5.761071290752607 
-0.2 -0.7295297001841732 5.750117516675693 
-0.2 -0.6081127418337786 5.753968593321484 
-0.2 -0.7295297001841732 39.018002009441396 
-0.2 -0.6572723418229884 39.015631692932125 
-0.2 -0.6572723418229884 39.015798176332204 
-0.2 -0.7295297001841732 5.75149198002567 
-0.2 -0.7295297001841732 5.755951886377222 
-0.2 -0.6572723418229884 5.751402354285149 
-0.2 -0.7295297001841732 5.748818646212737 
-0.2 -0.7295297001841732 5.745270572016114 
-0.2 -0.7295297001841732 5.75051623814737 
-0.2 -0.6572723418229884 39.04761685033761 
-0.2 -0.7182948029689129 39.065538974054164 
-0.2 -0.6572723418229884 5.757084011184296 
-0.2 -0.7295297001841732 5.750064298990221 
-0.2 -0.6572723418229884 5.750307781594982 
-0.2 -0.7295297001841732 5.738017580137344 
-0.2 -0.7295297001841732 5.751244978800448 
-0.2 -0.7295297001841732 39.016119311050886 
-0.2 -0.6572723418229884 5.744633459007655 
-0.1 -0.7415882997842687 6.408484358293966 
-0.1 -0.7415882997842687 220.11247388934768 
-0.1 -0.7415882997842687 19.35971946263475 
-0.1 -0.7415882997842687 39.04429600710092 
-0.1 -0.7415882997842687 220.1124147365861 
-0.1 -0.7415882997842687 42.92057691233327 
-0.1 -0.6677086635878169 6.4099454387024295 
-0.1 -0.7415882997842687 39.9027311796768 
-0.1 -0.7415882997842687 39.042892461300745 
-0.1 -0.7415882997842687 39.17913863362295 
-0.1 -0.7415882997842687 42.88797548526898 
-0.1 -0.7415882997842687 220.10953553506985 
-0.1 -0.7415882997842687 7.443771375486879 
-0.1 -0.7415882997842687 7.44968002308077 
-0.1 -0.7415882997842687 220.10772737116892 
-0.1 -0.7415882997842687 7.445141055162928 
-0.1 -0.7415882997842687 39.08359051340678 
-0.1 -0.7415882997842687 39.017947891286816 
-0.1 -0.7415882997842687 6.481984119556513 
-0.1 -0.7415882997842687 39.04297181304249 
-0.1 -0.6733893410556959 39.016554624502156 
-0.1 -0.7415882997842687 6.411721181305736 
-0.1 -0.7415882997842687 6.5102244589057765 
-0.1 -0.7415882997842687 39.02294494172818 
-0.1 -0.7415882997842687 7.448951001417904 
-0.1 -0.7415882997842687 19.360772658867077 
-0.1 -0.7415882997842687 39.01736372852364 
-0.1 -0.7415882997842687 6.164261981039893 
-0.1 -0.7415882997842687 6.480869054274663 
-0.1 -0.7415882997842687 39.01803686774452 
-0.1 -0.7415882997842687 39.02097679802133 
-0.1 -0.6733893410556959 39.066423935818534 
-0.1 -0.7415882997842687 39.113135012564115 
-0.1 -0.7415882997842687 6.1713044510102755 
-0.1 -0.7415882997842687 40.008805672884506 
-0.1 -0.7415882997842687 6.198329379734449 
-0.1 -0.7415882997842687 6.515849897186316 
-0.1 -0.7415882997842687 6.129463238152991 
-0.1 -0.7415882997842687 39.10393582039781 
-0.1 -0.7415882997842687 39.34607998990125 
-0.1 -0.7415882997842687 6.542774299328509 
-0.1 -0.7415882997842687 39.03264681015811 
-0.1 -0.7415882997842687 39.01843258082437 
-0.1 -0.7415882997842687 6.121389651974602 
-0.1 -0.7415882997842687 6.198887676986763 
-0.1 -0.7415882997842687 6.121428705589648 
-0.1 -0.7415882997842687 39.031601074552086 
-0.1 -0.7415882997842687 6.198416545689716 
-0.1 -0.7415882997842687 39.01318662613919 
-0.1 -0.7415882997842687 6.181870083783277 
-0.1 -0.7415882997842687 6.171931412736832 
-0.1 -0.7415882997842687 39.602184489731634 
-0.1 -0.7415882997842687 6.415827850237575 
-0.1 -0.7415882997842687 6.182131910680327 
-0.1 -0.7415882997842687 39.027099260184826 
-0.1 -0.7415882997842687 6.124118577339227 
-0.1 -0.7415882997842687 6.125092172975726 
-0.1 -0.7415882997842687 5.820993183147715 
-0.1 -0.7415882997842687 39.62467273140481 
-0.1 -0.7415882997842687 6.124008088315398 
-0.1 -0.7415882997842687 39.02249058222419 
-0.1 -0.7415882997842687 6.121605947415049 
-0.1 -0.7415882997842687 6.121101502018341 
-0.1 -0.7415882997842687 6.121148720432384 
-0.1 -0.7415882997842687 39.02179542278248 
-0.1 -0.7415882997842687 6.162195915504972 
-0.1 -0.7415882997842687 5.822125877806263 
-0.1 -0.7415882997842687 39.01660089047932 
-0.1 -0.7415882997842687 6.116549857265642 
-0.1 -0.7415882997842687 39.01472665164048 
-0.1 -0.7415882997842687 39.023849843674164 
-0.1 -0.7415882997842687 39.02661254680834 
-0.1 -0.7415882997842687 39.09926996135607 
-0.1 -0.7415882997842687 6.1784713657715 
-0.1 -0.7415882997842687 5.778684926103409 
-0.1 -0.7415882997842687 5.78538051845054 
-0.1 -0.7415882997842687 6.132654025567042 
-0.1 -0.7415882997842687 5.812521780853559 
-0.1 -0.7415882997842687 5.829495348972191 
-0.1 -0.7415882997842687 39.02361789149292 
-0.1 -0.7415882997842687 5.800505565866375 
-0.1 -0.7415882997842687 39.364778355265365 
-0.1 -0.7415882997842687 5.798933734070918 
-0.1 -0.7415882997842687 39.01903611054239 
-0.1 -0.7415882997842687 39.03327310983847 
-0.1 -0.7415882997842687 5.778757271547272 
-0.1 -0.7415882997842687 5.792775753886086 
-0.1 -0.7415882997842687 5.777131805353332 
-0.1 -0.7415882997842687 5.797833887957273 
-0.1 -0.7415882997842687 5.7586947833178295 
-0.1 -0.7415882997842687 39.01738163318133 
-0.1 -0.7415882997842687 5.822894208391174 
-0.1 -0.7415882997842687 5.772993391435593 
-0.1 -0.7415882997842687 5.7577961400581295 
-0.1 -0.7415882997842687 39.01713688427519 
-0.1 -0.7415882997842687 5.784770901458757 
-0.1 -0.7415882997842687 39.01912729017872 
-0.1 -0.7415882997842687 39.01753718029125 
-0.1 -0.7415882997842687 5.7577840140595935 
-0.1 -0.7415882997842687 5.775539992818434 
-0.1 -0.7415882997842687 5.758296703196555 
-0.1 -0.7415882997842687 5.757758021741002 
-0.1 -0.7415882997842687 5.757879420293283 
-0.1 -0.7415882997842687 5.758462362899279 
-0.1 -0.7415882997842687 39.01753626446592 
-0.1 -0.7415882997842687 5.751272994214586 
-0.1 -0.7415882997842687 39.01714907740104 
-0.1 -0.7415882997842687 5.758415112788285 
-0.1 -0.7415882997842687 5.7494673611397005 
-0.1 -0.7415882997842687 5.7606968064703725 
-0.1 -0.7415882997842687 5.75595189711359 
-0.1 -0.7415882997842687 5.757766862598753 
-0.1 -0.6733893410556959 5.750582403050829 
-0.1 -0.7415882997842687 5.751294399405737 
-0.1 -0.7415882997842687 39.015649263475616 
-0.1 -0.7415882997842687 5.7521506311475115 
-0.1 -0.6733893410556959 5.7464872060921985 
-0.1 -0.7415882997842687 5.7538895724782835 
-0.1 -0.6733893410556959 39.01703677434641 
-0.1 -0.7415882997842687 39.01570425237643 
-0.1 -0.6733893410556959 5.749503417429818 
-0.1 -0.7415882997842687 5.747948923680336 
-0.1 -0.7415882997842687 5.7537386120589185 
-0.1 -0.6733893410556959 39.01552383554844 
-0.1 -0.6733893410556959 5.7494791026165295 
-0.1 -0.6733893410556959 39.015438449190675 
-0.1 -0.7415882997842687 5.752247224477379 
-0.1 -0.7415882997842687 5.7482095947722645 
-0.1 -0.6733893410556959 39.01570431667772 
-0.1 -0.7415882997842687 5.750860724968165 
-0.1 -0.7415882997842687 5.74863031257335 
-0.1 -0.7415882997842687 5.747659902357194 
3.7 0.7933824744205253 24.4111103323771 
3.7 0.7935007593587926 137.7942426107017 
3.7 0.7866355068552053 39.09915948401651 
3.7 0.8256768832536636 39.01583797259268 
3.7 0.7866378430066305 39.01620729849505 
2.0 0.34455138953063624 11.022981707377214 
2.0 1.327009102981279 39.034837296870045 
2.0 0.34455138953063624 39.02896254911569 
2.0 0.34455138953063624 39.963541712332926 
2.0 0.34455138953063624 40.318358507776054 
2.0 0.34455138953063624 39.08016978320618 
4.6 -0.37450616218379196 40.91344114897947 
4.6 -0.37450616218379196 40.91344757733995 
0.2 0.14473834311642975 160.14773293384266 
0.2 0.14473834311642975 323.0185095501481 
0.2 0.14473834311642975 87.3707531300811 
0.2 0.14473834311642975 87.3707531950626 
0.2 0.14473834311642975 87.28748296157032 
0.2 0.14473834311642975 87.29735291168467 
0.2 0.14473834311642975 39.212798637053055 
0.2 0.14473834311642975 39.024379329160084 
0.2 0.14473834311642975 39.01724729737004 
0.2 0.14473834311642975 7.457529436596109 
2.9 0.2805579758416741 39.01680025131668 
-0.3 -0.028744447836686504 39.021990507837955 
-0.3 -0.028744447836686504 39.02199011711079 
-0.3 -0.028744447836686504 7.448920466795223 
-0.3 -0.028744447836686504 7.634055894863495 
-0.3 -0.028744447836686504 39.022013385512565 
-0.3 -0.028744447836686504 7.452593747611124 
-0.3 -0.028744447836686504 39.018420256028804 
-0.3 -0.028744447836686504 39.02193177380042 
-0.3 -0.641127127373565 39.02493175656566 
-0.3 -0.028744447836686504 7.445863625755553 
-0.3 -0.028744447836686504 7.480668914247561 
-0.3 -0.028744447836686504 7.485535266071962 
-0.3 -0.028744447836686504 39.56269012768489 
-0.3 -0.028744447836686504 7.485264064704348 
-0.3 -0.028744447836686504 6.1082089753485205 
-0.3 -0.028744447836686504 7.4782400151367305 
-0.3 -0.028744447836686504 39.024836396986196 
-0.3 -0.028744447836686504 39.02433540672747 
-0.3 -0.028744447836686504 39.03000355423643 
-0.3 -0.641127127373565 39.024058867916125 
-0.3 -0.028744447836686504 7.485655930921751 
-0.3 -0.641127127373565 39.025707389455384 
-0.3 -0.641127127373565 39.031800344458766 
-0.3 -0.028744447836686504 39.023164009898274 
-0.3 -0.028744447836686504 39.05977597318566 
-0.3 -0.641127127373565 39.38235888580814 
-0.3 -0.641127127373565 39.04121258953922 
-0.3 -0.5932924537710846 39.37171848267978 
-0.3 -0.028744447836686504 39.03069430758821 
-0.3 -0.028744447836686504 39.02459067710372 
-0.3 -0.028744447836686504 39.016450844523966 
-0.3 -0.641127127373565 39.02557396102567 
-0.3 -0.028744447836686504 39.02378731360643 
-0.3 -0.028744447836686504 39.02227969361119 
-0.3 -0.028744447836686504 7.452593749553132 
-0.3 -0.641127127373565 39.02405856381435 
-0.3 -0.028744447836686504 39.02252881101005 
-0.3 -0.028744447836686504 39.023705439957986 
-0.3 -0.028744447836686504 39.01541797307483 
-0.3 -0.028744447836686504 7.445315676123745 
-0.3 -0.028744447836686504 7.445999363521738 
-0.3 -0.641127127373565 39.024943612886354 
-0.3 -0.641127127373565 39.01668596741031 
-0.3 -0.028744447836686504 39.02451796433986 
-0.3 -0.028744447836686504 39.01712487462785 
-0.3 -0.028744447836686504 5.775809813374069 
-0.3 -0.028744447836686504 7.437959230262567 
-0.3 -0.028744447836686504 6.096635751675471 
-0.3 -0.641127127373565 39.02533208405012 
-0.3 -0.028744447836686504 5.755723463068715 
-0.3 -0.028744447836686504 39.015468817081185 
-0.3 -0.028744447836686504 6.150039639023295 
-0.3 -0.7175646384048093 39.016674315627455 
-0.3 -0.028744447836686504 39.145520709670365 
-0.3 -0.641127127373565 39.11901200548912 
-0.3 -0.6566507065185476 39.0261504534665 
-0.3 -0.028744447836686504 7.448977818126373 
-0.3 -0.028744447836686504 7.447114308428784 
-0.3 -0.028744447836686504 7.449212314114101 
-0.3 -0.6566507065185476 39.0252153195651 
-0.3 -0.7123398884020276 39.14166839334673 
-0.3 -0.7175646384048093 39.01659271565893 
-0.3 -0.028744447836686504 5.750694708536454 
-0.3 -0.028744447836686504 6.120013744229686 
-0.3 -0.028744447836686504 6.143506123874634 
-0.3 -0.028744447836686504 5.776963565621694 
-0.3 -0.7175646384048093 39.0164955474505 
-0.3 -0.641127127373565 39.02616684664889 
-0.3 -0.028744447836686504 39.023829728369364 
-0.3 -0.028744447836686504 39.01813296990082 
-0.3 -0.6566507065185476 39.026320589420926 
-0.3 -0.641127127373565 39.0164809728803 
-0.3 -0.641127127373565 39.02402430304235 
-0.3 -0.028744447836686504 5.781138074683921 
-0.3 -0.5932924537710846 5.75575652010557 
-0.3 -0.028744447836686504 5.790984741410627 
-0.3 -0.641127127373565 39.01796470309954 
-0.3 -0.028744447836686504 5.7506130169090515 
-0.3 -0.028744447836686504 5.755724061359359 
-0.3 -0.028744447836686504 5.771264248888626 
-0.3 -0.028744447836686504 6.10001086957183 
-0.3 -0.028744447836686504 5.782431394672628 
-0.3 -0.5932924537710846 5.754562688865368 
-0.3 -0.7175646384048093 39.016584920539344 
-0.3 -0.641127127373565 39.01667889745172 
-0.3 -0.5932924537710846 39.017106275582506 
-0.3 -0.7123398884020276 39.14239291704262 
-0.3 -0.028744447836686504 5.770017129759323 
-0.3 -0.641127127373565 39.71340508880056 
-0.3 -0.028744447836686504 39.01633226753703 
-0.3 -0.028744447836686504 39.02015764402426 
-0.3 -0.7175646384048093 39.015810936977516 
-0.3 -0.7175646384048093 39.01648158465156 
-0.3 -0.7123398884020276 39.01539246821537 
-0.3 -0.028744447836686504 5.755920630439979 
-0.3 -0.028744447836686504 39.01587236610662 
-0.3 -0.028744447836686504 5.755017093518053 
-0.3 -0.7175646384048093 39.01565311778783 
-0.3 -0.028744447836686504 39.01602948110225 
-0.3 -0.028744447836686504 5.750455962447699 
-0.3 -0.028744447836686504 39.20189815130324 
-0.3 -0.7123398884020276 39.34598346186933 
-0.3 -0.028744447836686504 5.755435701962497 
-0.3 -0.7175646384048093 39.01615170318662 
-0.3 -0.028744447836686504 5.763877424398843 
-0.3 -0.028744447836686504 5.748791049585317 
-0.3 -0.7175646384048093 39.01569187736593 
-0.3 -0.028744447836686504 5.749353235589283 
-0.3 -0.641127127373565 5.752200504851885 
-0.3 -0.028744447836686504 5.75565775435405 
-0.3 -0.7175646384048093 39.01563669084549 
-0.3 -0.641127127373565 5.760660277019342 
-0.3 -0.028744447836686504 5.759254143423243 
-0.3 -0.7175646384048093 39.01629598651933 
-0.3 -0.7175646384048093 39.016348381041816 
-0.3 -0.7175646384048093 39.49686189507374 
-0.3 -0.7175646384048093 39.01538260485678 
-0.3 -0.7123398884020276 39.01588788107379 
-0.3 -0.028744447836686504 5.750216593863299 
-0.3 -0.7175646384048093 39.01590807664058 
-0.3 -0.7175646384048093 39.01569135683029 
-0.3 -0.028744447836686504 39.015586869264574 
-0.3 -0.7175646384048093 5.756615706031567 
-0.3 -0.7123398884020276 39.1470794181286 
-0.3 -0.028744447836686504 5.746015424322329 
-0.3 -0.028744447836686504 5.749367865898944 
-0.3 -0.7175646384048093 39.01584459536279 
-0.3 -0.641127127373565 5.762299103941231 
-0.3 -0.028744447836686504 5.754706591677174 
1.9 1.4839979244471238 308.486886206389 
1.9 0.3451436924989224 155.59659374027038 
1.9 0.3451436924989224 155.45951675217614 
-0.0 0.0 39.94652391768181 
0.0 -11.765918650758664 39.11629841364419 
-0.0 -11.765918650758664 39.02097679802133 
-0.0 0.0 39.96115693648041 
0.0 -11.765918650758664 39.116056038402355 
-0.0 -11.765918650758664 39.60835099316664 
-0.0 -0.4921164961587863 6.475892050262102 
0.0 -11.765918650758664 39.11545580692389 
0.0 -11.765918650758664 39.113192838933315 
-0.0 -11.765918650758664 39.17412501005777 
0.0 -11.765918650758664 39.114905066691456 
0.0 -11.765918650758664 39.0564089513784 
-0.0 -11.765918650758664 39.669531052112575 
-0.0 -0.4921164961587863 39.019525887047024 
0.0 -11.765918650758664 39.01716260455559 
-0.0 -11.765918650758664 39.02901106161437 
0.0 -11.765918650758664 39.02022822363424 
-0.0 -0.48716996569625337 6.4099454387024295 
0.0 -11.765918650758664 39.02373623154092 
0.0 -0.5484080647070328 6.427928582195213 
0.0 -11.765918650758664 39.10171468343984 
0.0 -11.765918650758664 39.11828132826238 
0.0 -11.765918650758664 39.02674209564588 
-0.0 -11.765918650758664 39.028869184074594 
0.0 -11.765918650758664 39.017485686857995 
0.0 -11.765918650758664 39.01715077288228 
0.0 -11.765918650758664 39.02295409155081 
0.0 -11.765918650758664 39.115729676656066 
0.0 -11.765918650758664 39.08373549069368 
0.0 -11.765918650758664 39.01924545675919 
0.0 -11.765918650758664 39.02702825177894 
0.0 -11.765918650758664 39.01634760681566 
0.0 -11.765918650758664 39.060647932569026 
-0.0 -11.765918650758664 39.020298841377 
-0.0 -11.765918650758664 39.02677524808593 
0.0 -11.765918650758664 39.02744740811438 
-0.0 -11.765918650758664 39.07798212992966 
-0.0 -11.765918650758664 39.02450493459003 
-0.0 -11.765918650758664 39.03379226985423 
0.0 -11.765918650758664 39.025303598866486 
0.0 -11.765918650758664 39.01328138014826 
0.0 -11.765918650758664 7.69482875263976 
0.0 -11.765918650758664 39.02017906959551 
0.0 -11.765918650758664 39.02084933718777 
0.0 -11.765918650758664 39.014600840171326 
0.0 -11.765918650758664 39.021473307981516 
0.0 -1.1191833152836637 39.02164143741903 
0.0 -11.765918650758664 39.02073667065073 
0.0 -11.765918650758664 39.02792098330621 
0.0 -11.765918650758664 39.013666430292275 
0.0 -11.765918650758664 39.019888044048976 
0.0 -11.765918650758664 39.01460485217102 
0.0 -11.765918650758664 39.014647610601735 
0.0 -11.765918650758664 39.026076104336134 
0.0 -11.765918650758664 39.01376015725825 
0.0 -11.765918650758664 39.0135790841297 
0.0 -11.765918650758664 7.504796197300645 
-0.0 -11.765918650758664 6.149725291222068 
0.0 -11.765918650758664 39.02040001751637 
0.0 -11.765918650758664 39.03307623364218 
0.0 -11.765918650758664 7.463786893905239 
-0.0 0.0 39.023726856501455 
0.0 -11.765918650758664 7.501848551086151 
0.0 -11.765918650758664 39.02703462720514 
-0.0 -11.765918650758664 7.497776042141217 
0.0 -11.765918650758664 7.463261204392678 
0.0 -11.765918650758664 7.50184081747547 
0.0 -11.765918650758664 7.46755458477221 
0.0 -11.765918650758664 7.470874216810377 
-0.0 -11.765918650758664 6.149725298874185 
-0.0 -11.765918650758664 39.02714986921759 
0.0 -11.765918650758664 6.21290864163421 
-0.0 -11.765918650758664 7.452519663072736 
-0.0 -11.765918650758664 5.789812106774461 
0.0 -11.765918650758664 39.02670334643399 
-0.0 -11.765918650758664 39.02477851767484 
-0.0 -11.765918650758664 6.183628981678193 
-0.0 -11.765918650758664 39.031242481603435 
-0.0 -11.765918650758664 39.017450555931305 
-0.0 -11.765918650758664 6.159892967064372 
-0.0 -11.765918650758664 5.799273371963253 
-0.0 -11.765918650758664 39.02170311907579 
-0.0 -11.765918650758664 6.1491300935818485 
-0.0 -11.765918650758664 39.023076860550276 
-0.0 -11.765918650758664 39.02479249553201 
-0.0 -11.765918650758664 6.207201445573677 
-0.0 -11.765918650758664 39.02486010533851 
-0.0 -11.765918650758664 6.183959453699136 
-0.0 -11.765918650758664 6.149415829057655 
-0.0 -11.765918650758664 39.03778739265145 
-0.0 -11.765918650758664 6.141714236191818 
-0.0 -11.765918650758664 6.108238932894411 
-0.0 -11.765918650758664 39.024814523816374 
-0.0 -11.765918650758664 6.158121395146304 
-0.0 -11.765918650758664 6.1429765763771345 
-0.0 -11.765918650758664 5.75281659486149 
-0.0 -11.765918650758664 39.05641850244094 
-0.0 -11.765918650758664 5.78971933218619 
-0.0 -11.765918650758664 5.756348169842162 
-0.0 -11.765918650758664 5.7921605520291015 
-0.0 -11.765918650758664 6.148437705623847 
-0.0 -11.765918650758664 6.107340396468294 
-0.0 -11.765918650758664 39.01704098377196 
-0.0 -11.765918650758664 39.02306548700238 
0.0 -11.765918650758664 39.024550892351954 
-0.0 -11.765918650758664 39.01816339220343 
-0.0 -11.765918650758664 5.799374612413209 
-0.0 -11.765918650758664 5.789990387582931 
-0.0 -11.765918650758664 5.757541581232304 
-0.0 -11.765918650758664 5.753122315488827 
-0.0 -11.765918650758664 5.754141985542097 
-0.0 -11.765918650758664 39.016207716183466 
-0.0 -11.765918650758664 39.04675657440919 
-0.0 -11.765918650758664 5.756121086541821 
-0.0 -11.765918650758664 5.754558111848668 
-0.0 -11.765918650758664 5.752849967205644 
-0.0 -11.765918650758664 5.756048684256506 
-0.0 -11.765918650758664 5.752125075738857 
-0.0 -11.765918650758664 5.753315538823552 
-0.0 -11.765918650758664 39.01595466393928 
-0.0 -11.765918650758664 5.769963895618391 
-0.0 -11.765918650758664 5.752164514861048 
-0.0 -11.765918650758664 5.752886938365991 
-0.0 -11.765918650758664 39.016666799939486 
-0.0 -11.765918650758664 5.753533188569534 
-0.0 -11.765918650758664 39.015267003444116 
-0.0 -11.765918650758664 39.016217378333295 
-0.0 -11.765918650758664 5.752806917569274 
-0.0 -11.765918650758664 39.015946524248385 
-0.0 -11.765918650758664 5.75137423386429 
-0.0 -11.765918650758664 5.752418337864437 
-0.0 -11.765918650758664 5.751514526550259 
-0.0 -11.765918650758664 5.752619772724247 
1.4 0.560890771075492 218.88840846350593 
1.4 0.5643464389435735 39.01687073517489 
1.4 0.560890771075492 6.4977885213057744 
1.4 0.560890771075492 39.02431124212587 
1.1 0.36243261543222616 219.24657381002325 
1.1 0.36243261543222616 40.980263532580985 
1.1 0.36243261543222616 12.060818612595245 
1.1 0.36243261543222616 6.511900736369274 
1.1 -11.765918650758664 39.54718046655978 
1.1 0.3527151234132617 6.515262429477634 
1.1 0.3527151234132617 39.02995215376602 
1.1 0.36243261543222616 6.519097184523173 
