0.7 -0.024714584641948978 20.020393752779167 
1.5 0.697015450711489 39.08125945192838 
0.6 0.12068893463125252 42.62579948985549 
0.6 -0.04376852827340105 23.184638167299077 
0.6 -0.04376852827340105 40.13727215430975 
0.6 0.1691540001742149 39.02048676378841 
0.6 -0.04376852827340105 40.13410967703871 
0.6 0.3959454486385594 39.01752663148895 
0.6 0.1691540001742149 39.01923947385268 
0.6 0.08115311630962863 40.14195802297051 
0.6 0.16891481238750372 39.02692274306226 
0.6 -0.04376852827340105 23.18465542266137 
4.3 0.23581855657424455 233.07009727275204 
4.3 0.23581855657424455 233.0716067300863 
4.3 0.23581856062957973 39.00866012795566 
4.3 0.2257994442111404 28.876019728742147 
3.0 0.07732654039380038 39.02596825255565 
-0.4 0.17213950892760943 11.502233162125723 
-0.4 0.17213950892760943 283.4729418102361 
-0.4 0.17213950892760943 39.01967360022881 
-0.4 0.17213950892760943 11.501601003496452 
-0.4 0.17213950892760943 39.0459773306154 
-0.4 0.17213950892760943 39.02619282635605 
-0.4 0.17213950892760943 11.504248663415732 
-0.4 0.17213950892760943 39.022805038506306 
-0.4 0.17213950892760943 39.68628187853644 
-0.4 0.17213950892760943 8.965430186630321 
-0.4 0.17213950892760943 39.01515472604167 
-0.4 0.17213950892760943 39.0220196077319 
-0.4 0.17213950892760943 11.504248507527958 
-0.4 0.17213950892760943 8.985076072773643 
-0.4 0.17213950892760943 39.08953142437758 
-0.4 0.17213950892760943 8.954747831260757 
-0.4 0.17213950892760943 30.240156234713012 
-0.4 0.17213950892760943 8.954740093406398 
-0.4 0.17213950892760943 8.984960719322657 
-0.4 0.17213950892760943 8.955883097180806 
-0.4 0.17213950892760943 8.965033441277555 
-0.4 0.17213950892760943 39.07418361077069 
-0.4 0.17213950892760943 8.953983515076327 
-0.4 0.17213950892760943 8.95466333702891 
-0.4 0.17213950892760943 8.963785310243065 
-0.4 0.17213950892760943 39.153887259006254 
-0.4 0.17213950892760943 39.04319923355031 
-0.4 0.17213950892760943 8.964444543579717 
-0.4 0.17213950892760943 8.9818783581485 
-0.4 0.17213950892760943 8.954828353619114 
-0.4 0.17213950892760943 8.954987297532115 
-0.4 0.17213950892760943 8.955569450297816 
-0.4 0.17213950892760943 8.955454318384643 
-0.4 0.17213950892760943 20.02561589980373 
-0.4 0.17213950892760943 39.241742138751654 
-0.4 0.17213950892760943 39.01391505723033 
-0.4 0.17213950892760943 39.02132287462207 
-0.4 0.17213950892760943 8.960951782234135 
-0.4 0.17213950892760943 39.01322304437845 
-0.4 0.17213950892760943 8.953983056847028 
-0.4 0.17213950892760943 39.36562038113855 
-0.4 0.17213950892760943 8.95961741894001 
-0.4 0.17213950892760943 8.95455589573907 
-0.4 0.17213950892760943 20.019519775119505 
-0.4 0.17213950892760943 39.01459594022719 
-0.4 0.17213950892760943 39.553311832559814 
-0.4 0.17213950892760943 8.954007786138067 
-0.4 0.17213950892760943 8.951377504445567 
-0.4 0.17213950892760943 39.01335378942928 
-0.4 0.17213950892760943 8.951300310611234 
-0.4 0.17213950892760943 8.952079923097797 
-0.4 0.17213950892760943 39.0130247905019 
-0.4 0.17213950892760943 39.01978444119526 
-0.4 0.17213950892760943 39.01317564628658 
-0.4 0.17213950892760943 39.01565809939735 
-0.4 0.17213950892760943 39.01975274302305 
-0.4 0.17213950892760943 8.951751967411452 
-0.4 0.17213950892760943 8.951381321807807 
-0.4 0.17213950892760943 8.952956228703039 
-0.4 0.17213950892760943 39.02053861892552 
-0.4 0.17213950892760943 8.951151165376297 
-0.4 0.17213950892760943 8.954179042261647 
-0.4 0.17213950892760943 8.951266078646416 
-0.4 0.17213950892760943 8.951227669396136 
-0.4 0.17213950892760943 39.0155079939586 
-0.4 0.17213950892760943 8.952070007303137 
-0.4 0.17213950892760943 8.959087125390466 
-0.4 0.17213950892760943 39.01611174324455 
-0.4 0.17213950892760943 8.951163401953758 
-0.4 0.17213950892760943 8.956135148933823 
-0.4 0.17213950892760943 8.970654525741576 
2.2 0.5916568293007933 182.3268476135327 
2.2 0.3646074358012248 39.03562826370233 
2.2 0.591656832690655 282.46440277403366 
3.8 0.20811135442301687 39.01883087794805 
0.3 -0.03600296136861192 20.07169247747961 
0.3 -0.03600296136861192 20.034551614437362 
0.3 -0.03600296136861192 39.022852477235716 
0.3 -0.03600296136861192 39.04239961491755 
0.3 -0.1064667502965817 39.01752663148895 
0.3 -0.03600296136861192 20.071915056125697 
0.3 -0.1064667502965817 20.076750776674857 
0.3 -0.06724814857315753 42.62813365923094 
0.3 -0.08947331588312757 20.03384158883179 
0.3 -0.08947973877561854 271.42167712217554 
0.3 -0.1064667502965817 39.017498020986345 
0.3 -0.1064667502965817 39.01752626470168 
0.3 -0.1064667502965817 39.02363302765172 
0.3 -0.05803840057944565 34.2680299783685 
0.3 -0.03600296136861192 39.02285147653121 
0.3 0.026470761364078665 39.017987575051585 
0.3 -0.1064667502965817 39.02649663729541 
0.3 -0.03600296136861192 20.07166744448997 
0.3 -0.03600296136861192 20.071682998833793 
0.3 -0.03600296136861192 20.083625574513302 
0.3 -0.03600296136861192 39.043306259880865 
0.3 -0.08947331588312757 20.033841588606283 
0.3 -0.10645309607137121 40.00232555346911 
0.3 -0.05803840057944565 34.26765682926187 
0.3 -0.04365687341901592 20.031986274604478 
0.3 -0.1064667502965817 39.02710798608673 
0.3 -0.07307419566887008 39.15820217358482 
0.3 -0.10645309607137121 39.01765663840264 
0.3 -0.0698024716957697 20.035029901179907 
0.3 -0.1064667502965817 39.01714501284491 
0.3 -0.08947973877561854 39.018218605476534 
0.3 -0.08947331588312757 39.147561900184826 
0.3 -0.1064667502965817 39.021458403168175 
0.3 -0.04734135870076539 39.02946822251045 
0.3 -0.08947973877561854 39.41918115698641 
0.3 -0.10645309607137121 20.076160695458427 
0.3 -0.05948205108245053 20.034127376251437 
0.3 -0.07689283486018095 30.236566248784854 
0.3 -0.10645309607137121 20.051022846016448 
0.3 -0.03600296136861192 39.02248784519549 
0.3 -0.0698024716957697 20.02604916198216 
0.3 -0.08947973877561854 39.027450395567556 
0.3 -0.10110119992350008 30.24014025955571 
0.3 -0.03600296136861192 39.01520357834779 
0.3 -0.08947331588312757 20.033827539969753 
0.3 -0.1064667502965817 20.07709745114206 
0.3 -0.10645309607137121 39.02928973973498 
0.3 -0.10645309607137121 20.074495781043215 
0.3 -0.10645309607137121 39.04477798533878 
0.3 -0.08947331588312757 20.035118757153672 
0.3 -0.08947331588312757 39.04113286379665 
0.3 -0.10645309607137121 20.039603208766227 
0.3 -0.1064667502965817 39.0237240679846 
0.3 -0.08947331588312757 20.033841588601796 
0.3 -0.08947331588312757 20.033841588836285 
0.3 -0.1064667502965817 8.98942971141219 
0.3 -0.08947973877561854 39.022487734157934 
0.3 -0.04365687341901592 20.031986770815738 
0.3 -0.1064667502965817 39.40029222000232 
0.3 -0.1064667502965817 20.076347517216696 
0.3 -0.10645309607137121 39.0276848002849 
0.3 -0.10645309607137121 39.02308393751664 
0.3 -0.1064667502965817 39.028317781638584 
0.3 -0.08947973877561854 39.013821178870245 
0.3 0.024420031150627075 39.0297168118402 
0.3 -0.07307419566887008 20.07701271016977 
0.3 -0.10645309607137121 20.03856645159763 
0.3 -0.1064667502965817 20.074497630865487 
0.3 -0.1064667502965817 39.835689986534994 
0.3 -0.0698024716957697 20.026632983187618 
0.3 -0.1064667502965817 20.076265097090417 
0.3 -0.08947331588312757 20.034237061756617 
0.3 -0.1064667502965817 39.605633576976814 
0.3 -0.10645309607137121 20.04911202352884 
0.3 -0.02130761558885408 20.032393925273784 
0.3 -0.03600296136861192 39.03562794952848 
0.3 -0.1064667502965817 20.08120953701412 
0.3 -0.1064667502965817 39.02553336880981 
0.3 -0.07307419566887008 20.0634167551935 
0.3 -0.07689283486018095 20.01718634095086 
0.3 -0.08947973877561854 20.021564351071508 
0.3 -0.1064667502965817 39.04242312819539 
0.3 -0.1064667502965817 20.04057401615515 
0.3 -0.03600296136861192 39.03083455126063 
0.3 -0.07307419566887008 39.036082109368266 
0.3 -0.10645309607137121 20.03405017747046 
0.3 -0.0698024716957697 20.02828196085362 
0.3 -0.07307419566887008 20.032302692547926 
0.3 -0.10645309607137121 39.12595568947998 
0.3 -0.1064667502965817 20.034143161733518 
0.3 0.024420031150627075 20.021073205947253 
0.3 -0.10645309607137121 39.02257390921968 
0.3 -0.07689283486018095 20.016837415647842 
0.3 -0.04734135870076539 39.01515808457218 
0.3 -0.1064667502965817 39.022764194307314 
0.3 -0.10645309607137121 8.990393881874004 
0.3 -0.07307419566887008 39.01337214006521 
0.3 -0.1064667502965817 39.025194141113154 
0.3 -0.0768882739541712 39.01807051439306 
0.3 -0.05803840057944565 39.016963995943485 
0.3 -0.036007525412457664 39.014192260386416 
0.3 -0.10645309607137121 39.023523305384586 
0.3 -0.07307419566887008 20.020458349603008 
0.3 -0.08701914805415756 8.985292661564994 
0.3 -0.10645309607137121 8.990392785756152 
0.3 -0.1064667502965817 8.988924568495625 
0.3 -0.10645309607137121 39.01544194535554 
0.3 -0.10645309607137121 9.006857204008673 
0.3 -0.1064667502965817 8.957233158742229 
0.3 -0.1064667502965817 39.021778894394956 
0.3 -0.1064667502965817 39.30887005156017 
0.3 -0.1064667502965817 39.01448072257455 
0.3 -0.08947973877561854 8.98336018116707 
0.3 0.026470761364078665 8.957747308256705 
0.3 0.06227775458122298 39.01349301333699 
0.3 -0.11325008942196857 39.01648378776204 
2.3 0.026915781992025156 184.83968762651602 
3.4 0.2285579229725414 256.9190783169265 
3.4 0.22858020085226816 277.1017703541326 
3.4 0.22855781546791976 36.054973553880885 
1.0 -0.06664474803519749 123.79418546171631 
1.0 -0.07192504394864052 327.6459501957864 
1.0 -0.06664474803519749 133.08841515227226 
1.0 -0.1345247410842363 91.00189051247229 
1.0 -0.06664474803519749 133.068606639451 
1.0 -0.06664474803519749 39.025372213308344 
1.0 -0.1345247410842363 90.98603645518246 
1.0 -0.06664474803519749 133.08837215564895 
1.0 -0.1345247410842363 123.79397584426827 
1.0 -0.06664474803519749 39.04308852838181 
1.0 -0.06664474803519749 39.02981708693798 
1.0 -0.1345247410842363 39.02453551730323 
1.0 -0.06664474803519749 39.02781067593877 
1.0 -0.1345247410842363 90.98602618954928 
1.0 -0.06664474803519749 39.022337724213415 
1.0 -0.1345247410842363 39.06134198564448 
1.0 0.5892315630196387 39.018903721939274 
1.0 -0.06664474803519749 39.02520377064132 
1.0 -0.1345247410842363 39.02168740718606 
1.0 -0.013374619742067884 39.022915593991186 
1.0 0.5892315630196387 39.032044515178626 
1.0 -0.1345247410842363 39.019012576657865 
1.0 -0.1345247410842363 39.021131516044285 
4.0 0.25762859594230014 313.3523398070131 
0.9 0.10742131581607617 39.075455898592104 
0.9 0.13049612043896208 39.03036300221576 
3.1 0.3503788990605583 27.6684193533611 
3.1 0.02749330288705365 39.12220924823696 
3.1 0.3503788990605583 27.66869507087975 
2.6 0.14827024192718286 282.4924563584445 
2.6 0.6480592302588581 282.4924536378499 
2.6 0.13818211270291814 22.249981607754215 
2.6 0.13818338427420773 39.03154936003959 
3.9 0.34255225900572217 258.5194758576822 
3.9 0.342614602504161 28.877590821880656 
3.9 0.34257463192282267 302.71550444727427 
3.9 0.342553696349289 290.0565589021608 
3.9 0.3425522615242169 103.9862170861157 
3.9 0.342614602504161 28.864835198962666 
3.9 0.34255225900572217 258.51947887989394 
3.9 0.34257463192282267 302.71548873512387 
1.3 0.04558110380386782 39.08316956878941 
1.3 0.14528013639285353 30.240899960501174 
1.6 0.04975631382664458 274.6589307573249 
1.6 -0.04394317046307328 125.44707295629298 
1.6 0.0381828701099991 38.87747407804344 
1.6 0.0381828701099991 39.760025083497105 
2.4 0.10491862052314138 39.06151812197577 
2.4 0.44858721856456607 39.66487637369972 
0.1 0.10770608198830245 39.02422427713019 
0.1 0.10770613067100787 41.624890814301715 
0.1 -0.09311142028910702 39.68474570197266 
0.1 0.10770613067100787 20.031942442298824 
0.1 0.10770608198830245 39.02389546708068 
0.1 -0.05165605267928064 39.18204166625546 
0.1 0.10770613067100787 39.01762973225897 
0.1 0.10770613067100787 39.02153487321193 
0.1 0.10770613067100787 20.031942413181927 
0.1 -0.10275427257593073 20.023281971838625 
0.1 -0.03217621374598112 20.018553603373277 
0.1 -0.16283834990081392 39.017604707585704 
0.1 -0.10275427257593073 20.02328227408717 
0.1 0.10770613067100787 20.03920744152801 
0.1 0.10770608198830245 20.023863233242135 
0.1 -0.041486771790379295 39.01750185517396 
0.1 -0.16283834990081392 39.01749645553063 
0.1 -0.05806679691025862 39.016972781242906 
0.1 0.10770608198830245 39.02290623693541 
0.1 -0.05165605267928064 8.966844498249229 
0.1 -0.16283834990081392 39.017848100219595 
0.1 -0.03217621374598112 39.015415693304426 
0.1 -0.04781914302091517 8.969655456042016 
0.1 -0.09310190569298538 20.019673968371094 
0.1 -0.16283834990081392 39.12139430518071 
0.1 -0.16283834990081392 39.02350114606626 
0.1 -0.16283834990081392 39.0167690352264 
0.1 -0.08564781155127532 39.017515692001204 
0.1 -0.16283834990081392 39.017628969468504 
0.1 0.10770608198830245 39.26149810805012 
0.1 -0.05624642342078068 39.13194302767129 
0.1 -0.08564781155127532 39.01774296396506 
0.1 -0.042891410254009 8.969216050302801 
0.1 -0.16283416438402676 39.05598244314579 
0.1 -0.16283834990081392 39.019925165027615 
0.1 -0.16283834990081392 39.01611932969017 
0.1 -0.10713755846615625 39.01373055544774 
0.1 -0.04148394604332628 8.967781905697572 
0.1 -0.16283416438402676 39.01759414800058 
0.1 -0.041486771790379295 39.016158118516714 
0.1 -0.16283834990081392 39.85054756944687 
0.1 -0.046789804596115925 39.01437331756872 
0.1 -0.09311142028910702 39.01365630226611 
0.1 -0.12479693627378463 8.956114390974658 
0.1 -0.05175178784205081 8.991248924725669 
0.1 -0.12479693627378463 8.955746792912276 
0.1 0.10770608198830245 39.017357225953425 
0.1 -0.09311142028910702 8.951148090986932 
0.1 -0.16283834990081392 39.0160555859298 
0.1 -0.07386777828029123 39.016167808915704 
0.1 -0.0321790548663905 39.0980902913633 
0.1 0.10770613067100787 39.09238242065436 
2.1 0.04756253097362517 182.725311804533 
2.1 0.2625251174852561 27.810244620035828 
2.1 0.2625251174852561 262.0693910519468 
2.1 0.2625301197408092 39.021015222005 
2.1 0.2625251174852561 219.49145351524652 
2.1 0.03934765003800367 39.02340349891917 
2.1 0.2625261578649487 28.877893901911012 
0.8 -0.014173020873160302 39.02589833805159 
2.5 0.2552599728305729 28.074317644807497 
2.5 0.17458006241947954 39.02615607697944 
2.5 0.17458006241947954 39.02943311172271 
2.5 0.09270994572961633 39.02599504055938 
4.5 109.57867373100937 163.83262790402705 
4.5 109.57867373100937 39.06545370993621 
4.5 109.57867373200473 39.06545988971368 
3.3 0.2300640549698434 36.054973553880885 
3.3 0.23006414837918232 230.3677410865425 
3.3 0.23006426974805905 39.098172105092296 
3.3 0.2300640549698434 36.05500509669007 
3.3 0.2300640549698434 36.05517525929217 
3.3 0.2302689227309449 39.04241382416339 
0.5 -0.08528317509993255 123.34694629794777 
0.5 0.0231898619057338 123.34693536174167 
0.5 -0.0942446811824369 20.07424089286813 
0.5 -0.11206425795201436 20.020432898605005 
3.2 0.15688168292004612 53.45923405800121 
3.2 0.15688168292004612 53.45899130875647 
4.2 0.25894574444130125 219.49037981599523 
4.2 0.2591073815250504 27.762977401827804 
4.2 0.25894574444130125 27.811769602739222 
1.2 -0.05790639799779074 32.096303475079885 
1.2 -0.05790639799779074 39.02223354386027 
1.2 -0.05790639799779074 39.65464742493487 
1.2 -0.05790639799779074 39.02192369311588 
1.2 -0.06380472732134068 31.257837755308355 
1.2 -0.06380472732134068 39.03631800532673 
1.2 -0.06380472732134068 31.253709822205632 
1.2 -0.06420437408994983 39.64422340164416 
1.2 -0.05790639799779074 39.021649600490626 
1.2 -0.06380472732134068 31.25590165671125 
1.2 -0.05790639799779074 32.039003400385724 
1.2 -0.0858299299446248 34.26881335121209 
1.2 -0.06380472732134068 39.016117119446314 
2.7 0.14855107703655257 217.45188087448153 
1.8 0.07066367813287444 145.30147501057775 
1.8 0.07060333264122054 125.29593491900481 
1.8 0.03225280552983967 124.95475119613667 
1.8 0.03234898455322832 39.0258572964019 
0.4 -0.12994133461948332 298.8422169381843 
0.4 -0.17219816345567662 39.02360158143392 
0.4 -0.0004580199020083331 39.01581958849389 
0.4 -0.012783119564550693 39.01353796415727 
0.4 -0.012783119564550693 39.019154991976784 
0.4 -0.0004580199020083331 39.017712750996004 
0.4 -0.17219816345567662 39.02363302765172 
0.4 -0.026450228227226535 90.98134866932968 
0.4 -0.0004580199020083331 30.24045501572847 
0.4 -0.17219816345567662 39.025135740034564 
0.4 -0.17219816345567662 39.02391196809523 
0.4 -0.17219816345567662 39.02400153629123 
0.4 -0.17219816345567662 39.03040727394575 
0.4 -0.17219816345567662 39.02377822308509 
0.4 -0.172213443041497 39.0276848002849 
0.4 -0.0004580199020083331 39.01812994383813 
0.4 -0.17221006659017357 39.02619095688796 
0.4 -0.17219816345567662 39.02446634472312 
0.4 -0.17219816345567662 39.022354482092986 
0.4 -0.17219816345567662 39.02363960103775 
0.4 -0.17219816345567662 39.03480839267501 
0.4 -0.0004580199020083331 39.025661046863256 
0.4 -0.17219816345567662 39.02332487058961 
0.4 -0.17219816345567662 39.743752507247144 
0.4 -0.172213443041497 39.02966164383105 
0.4 -0.0004580199020083331 39.0271751336034 
0.4 -0.17219816345567662 39.02235448209957 
0.4 -0.0004580199020083331 39.01570112985445 
0.4 -0.12495388441254418 39.983914091310474 
0.4 -0.17221006659017357 39.06161789928556 
0.4 -0.17219816345567662 39.028063001939 
0.4 -0.172213443041497 39.02203250480327 
0.4 -0.0004580199020083331 39.01780519125258 
0.4 -0.17219816345567662 39.02639567301704 
0.4 -0.172213443041497 39.0276762270846 
0.4 -0.17219816345567662 39.02542409837635 
0.4 -0.010500331102245353 39.044836141585726 
0.4 -0.172213443041497 39.020781507091016 
0.4 -0.17219816345567662 39.02136715934767 
0.4 -0.17219816345567662 39.04319704785856 
0.4 -0.172213443041497 39.03150659386922 
0.4 -0.17221006659017357 39.031035893425894 
0.4 -0.172213443041497 39.02932727798265 
0.4 -0.010500331102245353 20.072132110666168 
0.4 -0.01188411418293267 39.020226044965376 
0.4 -0.17219816345567662 39.02188417835107 
0.4 -0.0004772743035890148 39.01698321946634 
0.4 -0.0004772743035890148 39.016075884501284 
0.4 -0.009916068134725453 39.03637449344925 
0.4 -0.010500331102245353 20.061425928176924 
0.4 -0.172213443041497 39.02784520570031 
0.4 -0.172213443041497 39.01964459163702 
0.4 -0.172213443041497 39.026478992675756 
0.4 -0.17221006659017357 39.02170345304394 
0.4 -0.172213443041497 39.01964386504242 
0.4 -0.17219816345567662 39.02421326360064 
0.4 -0.172213443041497 39.01969317991293 
0.4 -0.17221006659017357 39.02169286722089 
0.4 -0.172213443041497 39.02204412426681 
0.4 -0.172213443041497 39.028208225670916 
0.4 -0.172213443041497 39.02403885706979 
0.4 -0.12496867404991563 39.014963001154435 
0.4 -0.172213443041497 39.02696962310054 
0.4 -0.172213443041497 39.01973529265977 
0.4 -0.172213443041497 39.019258509677975 
0.4 -0.17219816345567662 20.034933798403465 
0.4 -0.172213443041497 39.0202739177754 
0.4 -0.17219816345567662 39.01437912340742 
0.4 -0.172213443041497 39.02215721933796 
0.4 -0.022877217438357356 39.018724800900216 
0.4 -0.012783119564550693 39.02522965840695 
0.4 -0.0004580199020083331 20.01957795028996 
0.4 -0.012797164844544406 39.018297501193935 
0.4 -0.17219816345567662 20.03991489151538 
0.4 -0.17221006659017357 20.03135469998586 
0.4 -0.011881298017732078 39.55517721917929 
0.4 -0.172213443041497 39.02026231075913 
0.4 -0.17221006659017357 20.030197514050766 
0.4 -0.17221006659017357 39.021653057320535 
0.4 -0.012783119564550693 8.959964595051582 
0.4 -0.010500331102245353 39.019336776633665 
0.4 -0.172213443041497 39.019527207919836 
0.4 -0.17219816345567662 20.045123706362638 
0.4 -0.012797164844544406 39.29266052297819 
0.4 -0.172213443041497 39.015284521539606 
0.4 -0.17221006659017357 20.020395435464888 
0.4 -0.17219816345567662 20.031843383075536 
0.4 -0.17219816345567662 39.15604054300489 
0.4 -0.12496867404991563 39.02221707263994 
0.4 -0.02282282340692232 39.21874342006494 
0.4 0.02674754293247239 39.01969971239884 
0.4 -0.17221006659017357 39.02102353365104 
0.4 -0.12496867404991563 39.01394979079025 
0.4 -0.12494799385737054 39.01635469461236 
0.4 -0.172213443041497 20.03030964293697 
0.4 -0.172213443041497 39.01408234840677 
0.4 -0.17221006659017357 20.020460273458312 
0.4 -0.17221006659017357 20.03066512824823 
0.4 -0.17219816345567662 20.029447339419868 
0.4 -0.010451021945089956 39.013451095817615 
0.4 -0.172213443041497 39.015639559533156 
0.4 -0.010451021945089956 39.01365694539173 
0.4 -0.172213443041497 39.02061818508479 
0.4 -0.17219816345567662 8.95899082783283 
0.4 -0.022877217438357356 20.020492057281817 
0.4 -0.1302371470247179 20.015900640322535 
0.4 -0.17221006659017357 39.015740862901644 
0.4 -0.02851686312351287 39.01396320547823 
0.4 -0.172213443041497 39.58097387338536 
0.4 0.25244752356884526 39.020699109243225 
0.4 -0.172213443041497 39.01805049534586 
-0.2 198.54660325872445 341.40982013068015 
-0.2 198.54660325872445 39.04532505077088 
-0.2 198.54660325872445 39.0232841627908 
-0.2 198.54660325872445 34.26776267931105 
-0.2 198.54660325872445 39.02360157072328 
-0.2 198.54660325872445 39.028721153835924 
-0.2 198.54660325872445 39.04415960652079 
-0.2 198.54660325872445 20.04253100986009 
-0.2 198.54660325872445 39.703030647220054 
-0.2 198.54660325872445 39.55369267431597 
-0.2 198.54660325872445 39.5678399021001 
-0.2 198.54660325872445 8.961559926575978 
-0.2 198.54660325872445 39.01305117489997 
-0.1 -0.057068904140644694 39.553789443192215 
-0.1 0.035915061389920844 20.038228779829943 
-0.1 -0.057068904140644694 39.55393537624578 
-0.1 -0.05073015843832529 39.554770637791165 
-0.1 0.06844450846742678 39.01604367544093 
-0.1 -0.042682173503052034 8.959109286944946 
-0.1 -0.05073015843832529 39.55255663434006 
-0.1 0.035915061389920844 39.49558118989689 
-0.1 0.06844450846742678 39.019705417344895 
-0.1 -0.021065163968503553 20.032113113586803 
-0.1 -0.021065163968503553 39.01537022760131 
-0.1 -0.07816841076926839 39.02163082213924 
-0.1 -0.021065163968503553 39.01894727426999 
-0.1 -0.057068904140644694 39.55376667399366 
-0.1 -0.05073015843832529 39.55338526725648 
-0.1 -0.05073015843832529 39.445829452515085 
-0.1 -0.057068904140644694 39.55283128742327 
-0.1 0.035915061389920844 20.036425086899047 
-0.1 -0.042682173503052034 39.014800621256256 
-0.1 0.035915061389920844 8.963550322683435 
-0.1 0.035915061389920844 39.02052274862179 
-0.1 0.035915061389920844 39.54516734705972 
-0.1 -0.057068904140644694 39.55325563143694 
-0.1 -0.021065163968503553 8.951781865938397 
-0.1 -0.07816841076926839 39.019883525579495 
-0.1 0.09561943518276639 20.02249607725642 
-0.1 -0.021065163968503553 8.983390337331272 
-0.1 -0.06645671879765924 8.963661266608081 
-0.1 -0.057068904140644694 39.55363046727085 
-0.1 -0.021065163968503553 39.01339569562813 
-0.1 -0.042682173503052034 39.018831606493706 
-0.1 0.035915061389920844 20.019663474444883 
-0.1 -0.07816841076926839 39.01972381703925 
-0.1 0.035915061389920844 39.01683330217746 
-0.1 0.035915061389920844 8.983869084650697 
-0.1 -0.07816841076926839 39.44126868688378 
-0.1 0.035915061389920844 8.957352654542307 
-0.1 -0.05073015843832529 8.963286254904988 
-0.1 0.035915061389920844 39.01315557869245 
-0.1 0.035915061389920844 8.95836276042684 
-0.1 -0.021065163968503553 8.951470336254069 
-0.1 0.035915061389920844 8.956913000001167 
-0.1 0.035915061389920844 8.990843051000674 
-0.1 -0.042682173503052034 8.959004084687308 
-0.1 -0.07816841076926839 39.01988361521087 
-0.1 -0.042682173503052034 39.01482554108313 
-0.1 0.04677886251370311 8.95686940749196 
-0.1 0.035915061389920844 8.95791450747597 
-0.1 -0.07816841076926839 39.01975104739444 
-0.1 -0.0690506203257466 8.958497521241533 
-0.1 -0.021065163968503553 39.01986471405809 
-0.1 -0.021065163968503553 8.956631082490627 
-0.1 0.035915061389920844 39.01571971591602 
-0.1 -0.05073015843832529 39.01547024260905 
-0.1 -0.05073015843832529 39.01578492447765 
-0.1 -0.05073015843832529 8.962689084771268 
-0.1 -0.07816841076926839 39.01917573087469 
-0.1 -0.0690506203257466 39.01307064693101 
-0.1 -0.021065163968503553 8.953208828828124 
-0.1 -0.021065163968503553 39.013071771730424 
-0.1 -0.05073015843832529 8.959068007047224 
-0.1 0.035915061389920844 39.766140349426294 
-0.1 0.035915061389920844 39.02027204288816 
-0.1 0.035915061389920844 20.020348148937945 
-0.1 -0.0690506203257466 39.014464047979104 
-0.1 0.035915061389920844 39.02054287907624 
-0.1 0.035915061389920844 39.015999067969176 
-0.1 -0.021065163968503553 8.956526942522128 
-0.1 -0.05073015843832529 8.95988779013552 
-0.1 -0.05322599157649499 39.013968350471934 
-0.1 -0.021065163968503553 8.951681104926287 
-0.1 -0.05073015843832529 8.962931587218494 
-0.1 -0.021065163968503553 8.966927568905643 
-0.1 0.035915061389920844 8.955615614731075 
-0.1 -0.07816841076926839 39.019796388829214 
-0.1 -0.021065163968503553 39.01914429926151 
-0.1 0.035915061389920844 39.013031498744965 
-0.1 0.06807341701784786 39.01373555072533 
-0.1 -0.021065163968503553 8.958855554233407 
-0.1 -0.05073015843832529 8.951594992347477 
-0.1 0.035915061389920844 39.03985886140102 
-0.1 0.03242469858337382 39.10497036552652 
-0.1 0.035915061389920844 39.01453820297701 
-0.1 -0.07816841076926839 39.019542943159344 
-0.1 0.04677886251370311 39.013033009484346 
-0.1 -0.0690506203257466 8.955992176530776 
-0.1 -0.10108241791146866 39.02005195049244 
-0.1 -0.07816841076926839 39.019723722199316 
-0.1 0.035915061389920844 20.029814218917192 
-0.1 -0.021065163968503553 8.951091462152588 
-0.1 0.06807341701784786 39.019535670347345 
-0.1 0.035915061389920844 8.9585293335779 
-0.1 -0.07816841076926839 39.01918837688558 
-0.1 -0.020158543966781073 39.01999297514653 
-0.1 -0.10108241791146866 39.0194008055591 
-0.1 0.035915061389920844 39.015156070964416 
-0.1 0.035915061389920844 39.014138325497655 
-0.1 0.035915061389920844 8.978813686501137 
-0.1 0.03242469858337382 8.951524045449474 
3.7 0.15783133369852775 302.1324623717105 
3.7 0.15783133369852775 91.68953378721694 
3.7 0.15783131294143304 39.00971216448287 
2.0 0.8103410532416189 39.03644467362583 
4.6 0.3162972613300685 86.0019866602319 
4.6 0.36072282134818345 39.04228833813537 
0.2 0.1908234779097775 91.3048968609121 
0.2 -0.05844936716742888 39.02287085790133 
0.2 -0.1591237706100619 39.0230788516321 
0.2 -0.05844936716742888 39.01429261317434 
0.2 -0.1591237706100619 39.02550713189951 
0.2 -0.1591237706100619 39.022978189943274 
0.2 -0.1591237706100619 39.02489892662205 
0.2 -0.15882488569945719 39.023990416833605 
0.2 0.051626770582298365 39.08624968009086 
0.2 -0.1591237706100619 39.02645083952878 
0.2 -0.06706574778221452 39.01389116005332 
0.2 -0.15882488569945719 39.02288377771232 
0.2 -0.15882488569945719 39.22766524535556 
0.2 -0.1591237706100619 39.020102597899786 
0.2 -0.15882488569945719 39.023704161619925 
0.2 -0.15882488569945719 20.03385125902227 
0.2 -0.1591237706100619 39.10720505059194 
0.2 -0.05844936716742888 39.02140158613876 
0.2 -0.1591237706100619 39.02286081875891 
0.2 -0.15882488569945719 39.0226170007246 
0.2 -0.05844936716742888 39.02204729396568 
0.2 -0.15882488569945719 20.033850928493905 
0.2 -0.1591237706100619 39.02063778354428 
0.2 -0.05893578607793315 20.01788903747764 
0.2 -0.15882488569945719 20.03832871238478 
0.2 -0.1591237706100619 20.03426063609598 
0.2 -0.1591237706100619 39.020776466873826 
0.2 -0.1591237706100619 39.21154832312586 
0.2 -0.15882488569945719 20.033838028886443 
0.2 -0.15882488569945719 39.02095583371452 
0.2 -0.1591237706100619 20.03644304137826 
0.2 -0.1591237706100619 8.991515958234322 
0.2 -0.06706140102804725 39.01339304337413 
0.2 -0.1591237706100619 39.842447968407434 
0.2 -0.1591237706100619 39.02387437185317 
0.2 -0.07641135979472358 20.026034264826915 
0.2 -0.06706574778221452 39.01703916978378 
0.2 -0.05893578607793315 8.959184261981772 
0.2 -0.06706574778221452 8.958935417323936 
0.2 -0.1591237706100619 20.03424090609743 
0.2 -0.06706574778221452 39.015589267273235 
0.2 -0.1591237706100619 39.02227994380789 
0.2 -0.12748039988984972 9.012001195034866 
0.2 -0.15882488569945719 8.990560463389867 
0.2 -0.060816693682485656 39.02278267756051 
0.2 -0.15882488569945719 39.022143750695726 
0.2 -0.1591237706100619 8.990925676805869 
0.2 -0.1591237706100619 8.991461747306639 
0.2 -0.1591237706100619 39.02296349790331 
0.2 -0.15882488569945719 8.989858075841655 
0.2 -0.1591237706100619 8.990782805760563 
0.2 -0.15882488569945719 8.990807051880719 
2.9 0.8992414903385795 42.89760137872712 
-0.3 0.05356916564750791 34.268067489372996 
-0.3 0.05356916564750791 30.241870864573176 
-0.3 0.05356916564750791 41.62146639426036 
-0.3 0.05356916564750791 39.021970959111236 
-0.3 0.05356916564750791 298.66449787630347 
-0.3 0.05356916564750791 39.67617596276313 
-0.3 0.05356916564750791 39.025282111598095 
-0.3 0.05356916564750791 39.03056763577704 
-0.3 0.05356916564750791 39.01801638313184 
-0.3 0.05356916564750791 39.015041110208195 
-0.3 0.05356916564750791 39.01759318708481 
-0.3 0.05356916564750791 39.0420461397668 
-0.3 0.05356916564750791 34.268067489380186 
-0.3 0.05356916564750791 30.24187086456532 
-0.3 0.05356916564750791 39.67868104701862 
-0.3 0.05356916564750791 39.01418112762281 
-0.3 0.05356916564750791 31.253710638048787 
-0.3 0.05356916564750791 30.243152091228687 
-0.3 0.05356916564750791 39.06064112437889 
-0.3 0.05356916564750791 20.049296156049046 
-0.3 0.05356916564750791 30.24227981235273 
-0.3 0.05356916564750791 30.241870864565115 
-0.3 0.05356916564750791 20.034380456436658 
-0.3 0.05356916564750791 31.24768846285923 
-0.3 0.05356916564750791 31.260400375846938 
-0.3 0.05356916564750791 30.243295651099363 
-0.3 0.0497659172741205 20.04344713890757 
-0.3 0.05356916564750791 30.241401964966936 
-0.3 0.05356916564750791 39.02732706485864 
-0.3 0.15100789394481007 20.031496837491293 
-0.3 0.05356916564750791 39.03609674059706 
-0.3 0.05039452174712711 39.553340570068016 
-0.3 0.0497659172741205 20.040095511066745 
-0.3 0.05356916564750791 20.031870471309375 
-0.3 0.05356916564750791 20.066143654223136 
-0.3 0.15100789394481007 20.035077707389423 
-0.3 0.05356916564750791 39.55129083296218 
-0.3 0.15100789394481007 39.01463311874915 
-0.3 0.05039452174712711 20.04336554162307 
-0.3 0.05356916564750791 20.027230029288585 
-0.3 0.05356916564750791 39.01458927540633 
-0.3 0.05039452174712711 20.037103633209252 
-0.3 0.05356916564750791 39.02182326920801 
-0.3 0.05356916564750791 20.051473278988908 
-0.3 0.05356916564750791 20.034857882954 
-0.3 0.05356916564750791 20.035858751313338 
-0.3 0.05356916564750791 20.03659833686495 
-0.3 0.05356916564750791 20.02151985333495 
-0.3 0.15100789394481007 39.01314620206267 
-0.3 0.029940461899027326 20.041095257969303 
-0.3 0.05356916564750791 20.03552561311048 
-0.3 0.05039452174712711 39.56309507823296 
-0.3 0.05039452174712711 39.0193003183972 
-0.3 0.0497659172741205 20.032572104435083 
-0.3 0.05356916564750791 20.025395574897793 
-0.3 0.05356916564750791 20.033242201897696 
-0.3 0.05356916564750791 20.03427772705952 
-0.3 0.0497659172741205 20.032113113586803 
-0.3 0.05356916564750791 39.01751419279444 
-0.3 0.05356916564750791 39.82010429199205 
-0.3 0.0497659172741205 20.037784134279004 
-0.3 0.05356916564750791 20.02110102218481 
-0.3 0.05356916564750791 20.021789108752323 
-0.3 0.0497659172741205 20.040354456581518 
-0.3 0.05356916564750791 20.021482986602948 
-0.3 0.05356916564750791 39.01674856564665 
-0.3 0.05039452174712711 39.51962232850743 
-0.3 0.05356916564750791 39.0161697525542 
-0.3 0.05356916564750791 39.02048253790418 
-0.3 0.05039452174712711 20.036899254421684 
-0.3 0.05356916564750791 20.027382873877194 
-0.3 0.05356916564750791 39.331476649715285 
-0.3 0.05356916564750791 20.038999438888858 
-0.3 0.05356916564750791 20.02155330826017 
-0.3 0.05356916564750791 20.031576104566874 
-0.3 0.05356916564750791 20.019544176548767 
-0.3 0.05356916564750791 39.28765201230458 
-0.3 0.05356916564750791 39.02268147443334 
-0.3 0.05356916564750791 20.036816377753468 
-0.3 0.15100789394481007 39.015124506546634 
-0.3 0.05356916564750791 20.02435416752862 
-0.3 0.05356916564750791 39.01825544318434 
-0.3 0.05356916564750791 8.961440261053237 
-0.3 0.05356916564750791 20.038476717120588 
-0.3 0.05356916564750791 20.035209547137175 
-0.3 0.029940461899027326 20.043546715066064 
-0.3 0.029940461899027326 20.04109534657322 
-0.3 0.05356916564750791 20.03615185480814 
-0.3 0.05356916564750791 8.987744813846026 
-0.3 0.05356916564750791 39.03126849800546 
-0.3 0.05356916564750791 20.035778253455597 
-0.3 0.0497659172741205 20.030499721183567 
-0.3 0.05356916564750791 8.95128854495532 
-0.3 0.0497659172741205 20.030208838508585 
-0.3 0.05356916564750791 39.02262450918477 
-0.3 0.05356916564750791 39.01985864060976 
-0.3 0.05356916564750791 20.04107394107786 
-0.3 0.05356916564750791 39.02015796688577 
-0.3 0.05356916564750791 39.02336484710438 
-0.3 0.029940461899027326 39.054387269114336 
-0.3 0.05356916564750791 39.01494750251206 
-0.3 0.029940461899027326 39.026234317298936 
-0.3 0.05039452174712711 20.041486095103394 
-0.3 0.05356916564750791 39.01772770271109 
-0.3 0.029940461899027326 20.041095344109358 
-0.3 0.05356916564750791 8.951370554164201 
-0.3 0.05039452174712711 20.031280671284982 
-0.3 0.15100789394481007 39.020723212852545 
-0.3 0.05356916564750791 20.041059049471304 
-0.3 0.0497659172741205 39.02091339077704 
-0.3 0.029940461899027326 20.041095348424534 
-0.3 0.029940461899027326 20.0380982692158 
-0.3 0.05356916564750791 39.013541329311195 
-0.3 0.05039452174712711 20.039069030254193 
-0.3 0.029940461899027326 20.02987001895988 
-0.3 0.05356916564750791 39.027409732487634 
-0.3 0.05356916564750791 8.951418607237647 
-0.3 0.05356916564750791 8.951367353606676 
-0.3 0.05356916564750791 20.040913237086745 
-0.3 0.05356916564750791 20.03402672822186 
-0.3 0.05356916564750791 8.954760106661737 
-0.3 0.05356916564750791 8.951128134349473 
-0.3 0.15100789394481007 20.022013918734917 
-0.3 0.15100789394481007 39.02065184111916 
-0.3 0.029940461899027326 20.02987139728127 
-0.3 0.05356916564750791 39.07500929320511 
-0.3 0.05356916564750791 39.02356092303468 
-0.3 0.05356916564750791 20.0283561452096 
-0.3 0.05356916564750791 39.01308627476006 
-0.3 0.15100789394481007 20.029924156273953 
-0.3 0.05356916564750791 8.952269546798341 
-0.3 0.05356916564750791 8.95371847681034 
-0.3 0.05356916564750791 39.01307330819818 
-0.3 0.05356916564750791 8.951368206552745 
-0.3 0.05356916564750791 8.954989068383753 
-0.3 0.05356916564750791 39.115552812049586 
-0.3 0.05356916564750791 20.034514485919974 
-0.3 0.029940461899027326 39.020471022607474 
-0.3 0.029940461899027326 20.02987386078689 
-0.3 0.05356916564750791 39.02212342295512 
-0.0 -0.07961311046846964 69.0295082822829 
-0.0 -0.0770535039613256 271.8077595003485 
-0.0 -0.0770535039613256 271.8077579233907 
0.0 -0.0770535039613256 41.785129877811784 
-0.0 -0.13117043802588602 271.4218562377117 
-0.0 -0.14828554039385677 39.01493454269415 
-0.0 -0.07961311046846964 39.02946512326279 
0.0 -0.06312532399035486 39.963068267701665 
-0.0 -0.06312532399035486 271.42190749606766 
-0.0 -0.06312532399035486 39.02006288701418 
0.0 -0.06312532399035486 39.024642905241656 
0.0 -0.14828554039385677 39.1968622227624 
-0.0 -0.14828554039385677 39.01432408916921 
0.0 -0.14828554039385677 39.19578928565374 
0.0 -0.14828554039385677 39.19201658344966 
-0.0 -0.06312532399035486 39.02185866302661 
0.0 -0.0831652755174308 39.194149026693 
0.0 -0.14828554039385677 39.19599540246353 
-0.0 -0.14828554039385677 39.01576727859164 
-0.0 -0.08031119821688804 39.014433311610176 
0.0 -0.14828554039385677 39.187178219487315 
-0.0 -0.03944142731037892 20.033736541243417 
-0.0 -0.14828554039385677 39.03596354318541 
-0.0 -0.07961311046846964 69.02968723502156 
-0.0 -0.06312532399035486 39.01997226595125 
0.0 -0.06312532399035486 39.02107827456323 
-0.0 -0.14828554039385677 39.03018927464839 
-0.0 -0.03944142731037892 20.033799483995736 
-0.0 -0.09824114290268038 20.025244914673674 
-0.0 -0.0831652755174308 39.02165813740148 
0.0 -0.08372864899171306 39.17495394802268 
-0.0 -0.0831652755174308 39.025691771935556 
-0.0 -0.13117043802588602 39.57013428596711 
0.0 -0.14828554039385677 39.01576740129907 
-0.0 -0.03944142731037892 20.033595368357908 
0.0 -0.06312532399035486 39.066102417001716 
-0.0 -0.007607590250933383 20.03387155395067 
-0.0 -0.06312532399035486 39.014212084810964 
-0.0 -0.08286043779260699 39.016630883853516 
-0.0 -0.03944142731037892 20.03379974572516 
-0.0 -0.03944142731037892 20.033736280096083 
0.0 -0.06312532399035486 39.01647509790969 
-0.0 -0.14828554039385677 20.040491381063536 
-0.0 -0.08712477665295326 39.01459836887488 
0.0 -0.09711548498002265 39.02809499963859 
-0.0 -0.14828554039385677 39.01614027133582 
-0.0 -0.14828554039385677 39.02779285135258 
-0.0 -0.14828554039385677 39.0143322874431 
-0.0 -0.012486905971444084 39.01532888404473 
-0.0 -0.14828554039385677 39.95980639338935 
-0.0 -0.09824114290268038 20.021023255186872 
-0.0 -0.09824114290268038 39.015708383018165 
-0.0 -0.09824114290268038 39.01534449793929 
-0.0 -0.09824114290268038 20.02732509128386 
-0.0 -0.06312532399035486 39.338777602542095 
-0.0 -0.03770131694249268 20.023226652543947 
-0.0 -0.09824114290268038 39.01350743368793 
-0.0 -0.06312532399035486 8.961445811152995 
-0.0 -0.14828554039385677 39.02343508927383 
-0.0 -0.09824114290268038 20.020726116384104 
-0.0 -0.0767716484603711 39.12797014747739 
-0.0 -0.09824114290268038 20.024236343112584 
-0.0 -0.08286043779260699 39.023196879123205 
0.0 -0.14828554039385677 39.117289611672064 
-0.0 -0.09824114290268038 20.031548750339756 
-0.0 -0.14828554039385677 20.040995129003477 
-0.0 -0.08286147988536108 39.017348786042085 
-0.0 -0.08286043779260699 20.02207400161611 
-0.0 -0.14828554039385677 20.035147088934625 
-0.0 -0.09824114290268038 20.020518852646212 
-0.0 -0.09824114290268038 39.015778087399795 
-0.0 -0.14828554039385677 39.02314520435561 
-0.0 -0.09824114290268038 20.021448193779538 
-0.0 -0.08286043779260699 20.021337096692637 
-0.0 -0.09824114290268038 39.40945653766505 
-0.0 -0.03770131694249268 20.025202314211185 
-0.0 -0.14828554039385677 20.03911636599318 
-0.0 -0.06312532399035486 8.963304081392042 
-0.0 -0.06312532399035486 8.961543777009593 
-0.0 -0.14828554039385677 20.04282287111382 
-0.0 -0.0767716484603711 39.01943788359868 
-0.0 -0.14828554039385677 39.02299091182732 
-0.0 -0.06312532399035486 8.9566294903297 
-0.0 -0.14828554039385677 39.01982281473711 
-0.0 -0.09824114290268038 20.02051912752529 
-0.0 -0.06312532399035486 39.01614659085021 
-0.0 -0.06312532399035486 39.015565089444365 
-0.0 -0.09824114290268038 20.02023003990909 
-0.0 -0.14828554039385677 20.035266271060163 
-0.0 -0.09548153439742912 20.016080891093694 
-0.0 -0.14828554039385677 20.029506599727345 
-0.0 -0.14828554039385677 20.04092084702691 
-0.0 -0.08286043779260699 39.01771189273659 
-0.0 -0.14828554039385677 20.039037669032503 
-0.0 -0.14828554039385677 39.02256458656416 
-0.0 -0.08286043779260699 20.034375050083515 
-0.0 -0.09824114290268038 20.03356199633472 
-0.0 -0.10422622996886743 20.016610091068134 
-0.0 0.016820941724171368 20.041571708035335 
-0.0 -0.06312532399035486 39.01532504304528 
-0.0 -0.02680247225012944 20.0207539780989 
-0.0 -0.14828554039385677 39.014167287027696 
-0.0 -0.09548153439742912 20.015999405831092 
-0.0 -0.10422622996886743 20.016690231816707 
-0.0 -0.09824114290268038 39.018686027911436 
-0.0 -0.09824114290268038 39.01544145345667 
-0.0 -0.14828554039385677 20.025519743867918 
-0.0 -0.006313683633631717 20.029567573095488 
-0.0 -0.08031119821688804 20.01752076691765 
-0.0 -0.06523760198881945 39.01482447008671 
-0.0 -0.06312532399035486 20.01674498220074 
-0.0 -0.03770131694249268 20.025021391051943 
-0.0 -0.09824114290268038 20.03082549444824 
-0.0 -0.09824114290268038 39.02164943307281 
-0.0 -0.06312532399035486 8.957590033033501 
-0.0 -0.10422622996886743 20.01766487113754 
-0.0 -0.08286043779260699 39.01606625208509 
-0.0 -0.09548153439742912 20.015943524840146 
-0.0 -0.14828554039385677 20.026169946644846 
-0.0 -0.06312532399035486 39.01864582443057 
-0.0 -0.09548153439742912 20.0159280817355 
-0.0 -0.004044270120374449 39.01557681601615 
-0.0 -0.14828554039385677 20.025395271694492 
-0.0 -0.10422622996886743 20.015313009215205 
-0.0 -0.06312532399035486 8.956631430301792 
-0.0 -0.08031119821688804 8.976531476430424 
-0.0 -0.06312532399035486 8.95663142694246 
-0.0 -0.14828554039385677 39.01467893806949 
-0.0 -0.14828554039385677 20.02568976171062 
-0.0 -0.06312532399035486 39.01461546380049 
-0.0 -0.14828554039385677 20.03549432707315 
-0.0 -0.14828554039385677 8.95573145809857 
-0.0 -0.14828554039385677 8.994437162529618 
-0.0 -0.06312532399035486 39.01301625601928 
-0.0 -0.06312532399035486 8.959000423511922 
-0.0 -0.06312532399035486 8.957591063547468 
-0.0 -0.06312532399035486 8.962156347810877 
-0.0 -0.08031119821688804 8.955466397893256 
-0.0 -0.14828554039385677 8.960448970341405 
-0.0 -0.06312532399035486 8.95774767621385 
-0.0 -0.008520669257612967 39.285728674103225 
-0.0 -0.08031119821688804 8.956394556034484 
-0.0 -0.14828554039385677 8.95951537864553 
-0.0 -0.14828554039385677 8.959158977544744 
-0.0 -0.007607590250933383 39.01691769316673 
-0.0 -0.06312532399035486 8.961406812343027 
-0.0 -0.07407720897323755 39.015049950214504 
-0.0 -0.06294688136950555 8.952525323253466 
-0.0 -0.08031119821688804 8.955538427113217 
-0.0 -0.14828554039385677 39.01574776781927 
-0.0 -0.08031119821688804 8.956943276126069 
-0.0 -0.14828554039385677 39.015289961032984 
-0.0 -0.012486905971444084 39.01632359312803 
-0.0 -0.14828554039385677 39.013624136128975 
-0.0 -0.0831652755174308 39.014183954527766 
-0.0 -0.14828554039385677 39.02319725019145 
-0.0 0.04347147452521671 8.95514108837412 
-0.0 -0.06294688136950555 39.01296572681382 
1.4 0.030905177568092856 223.38003168950772 
1.4 0.030905177568092856 192.67700064999224 
1.1 -0.07505617499715367 39.026394296771116 
1.1 -0.1287585996598768 39.01986103378796 
