-0.4 0.17213950892760943 8.951151165376297 
0.1 -0.09311142028910702 8.951148090986932 
0.1 -0.16283834990081392 39.0160555859298 
0.4 -0.17221006659017357 20.020395435464888 
0.4 -0.172213443041497 20.03030964293697 
0.4 -0.17219816345567662 8.95899082783283 
-0.1 -0.07816841076926839 39.01917573087469 
-0.1 -0.05073015843832529 8.951594992347477 
-0.1 -0.0690506203257466 8.955992176530776 
-0.1 -0.021065163968503553 8.951091462152588 
-0.1 -0.10108241791146866 39.0194008055591 
0.2 -0.15882488569945719 8.989858075841655 
0.2 -0.1591237706100619 8.990782805760563 
-0.3 0.029940461899027326 20.02987001895988 
-0.3 0.05356916564750791 8.951128134349473 
-0.0 -0.14828554039385677 8.95573145809857 
-0.0 -0.08031119821688804 8.955466397893256 
-0.0 -0.06294688136950555 8.952525323253466 
