-0.4 [[7.50351927132958], [2.4977083642172158, 34.62070148905443, 77.76418609339441], [1.8548672661459582, 35.10645619550044], [2.4306719436825155, 3.4124071078033165]] 
0.1 [[7.358412850631312], [2.497165048727151, 30.6168228428458, 77.76418609339441], [1.821010815384767, 18.967263271892442], [0.7189467907587859, 4.670403663596982]] 
0.1 [[14.690998807498737], [2.4977661019885216, 27.09784785277583, 2.5], [1.8223878465980792, 21.948276430531237], [0.9350768971933565, 27.356278891927722]] 
0.4 [[27.206713985868884], [2.4998033158694803, 75.71790399917631, 50.02509791466081], [1.8628041347765218, 35.00027334675178], [2.43255634888582, 3.4643318126125964]] 
0.4 [[43.74420686660785], [2.499804993012607, 30.391781836376502, 50.02509791466081], [1.8628041347765218, 35.00027334675178], [3.2412438008254005, 4.566703121584968]] 
0.4 [[24.166734456908927], [2.4996556537328942, 34.75672192386072, 77.76418609339441], [0.4927428893529977, 30.7931490410353], [0.5879364795038012, 3.46067119975639]] 
-0.1 [[5.277073020613074], [2.498465124011167, 190.5131228905517, 2.5], [2.4701455325346515, 11.887327999343107], [0.04377411729927627, 3.473495594988626]] 
-0.1 [[9.481958421345286], [2.4997896301885376, 28.941483381518044, 77.76418609339441], [1.8546021102063395, 35.10645619550044], [2.3786982847042295, 4.860860943974773]] 
-0.1 [[18.817414459649406], [2.499691480397881, 20.435380860560812, 77.76418609339441], [13.736988085594465, 13.408653565864192], [2.455421741619245, 4.9632551174827935]] 
-0.1 [[7.459422907359175], [2.4977083642172158, 34.62070148905443, 77.76418609339441], [1.9179911185263165, 35.10645619550044], [2.4402698117413113, 4.842593856618018]] 
-0.1 [[8.894603630457459], [2.498481610684566, 192.28503849148757, 2.5], [0.697344152120327, 25.694066968133193], [0.10396543251327546, 5.481520884524269]] 
0.2 [[45.231985267964916], [2.444208373284824, 28.459373999599237, 77.76418609339441], [13.397238448142343, 33.993796400737445], [3.1558424327451333, 4.834680202273447]] 
0.2 [[45.05226858009142], [2.4446551249354203, 19.203818278716646, 77.76418609339441], [2.1901311172658433, 72.60124121803503], [2.20562917861377, 2.5518736692312496]] 
-0.3 [[3.5536572967580664], [2.192038538862005, 50.29583350174025, 50.02509791466081], [0.22296023816935828, 6.025653415307943], [2.0568002501004, 33.83961353462571]] 
-0.3 [[7.50738356592029], [2.49973131734875, 37.97298970740858, 77.76418609339441], [1.8586228016730586, 35.10645619550044], [3.1097332967281535, 2.200422043779222]] 
-0.0 [[18.715667774525905], [2.4978932134062464, 25.388447116985397, 77.76418609339441], [0.4859795637399579, 17.083954446313374], [2.43926805593511, 2.724951287510545]] 
-0.0 [[18.715667774525905], [2.494890155553715, 39.0929670905945, 77.76418609339441], [28.76769697303057, 20.68074134325601], [2.4271165929697904, 1.0231332140383758]] 
-0.0 [[7.124346977467693], [2.497890363938306, 30.40793473899022, 77.76418609339441], [1.8548672661459582, 15.83164732160705], [7.902379512723408, 2.7103375882405105]] 
