-1.0 -1.2289955016801102 185.81029756116047 
-1.0 -1.2289955016801102 185.81030339515493 
-1.0 -1.242151528965115 99.52686095832644 
-1.0 -1.1907806406684998 185.81254437636542 
-1.0 -1.063819267660877 185.81059200758088 
-1.0 -1.2289955016801102 185.8103660650415 
-1.0 -1.2459296582201418 39.015186822330634 
-1.0 -1.242151528965115 39.01874913353162 
-1.0 -1.1230035595076924 20.273779411164845 
-1.0 -1.242151528965115 39.018748686300675 
-1.0 -1.1230035595076924 20.275240461150286 
-1.0 -1.063819267660877 39.024610360755275 
-1.0 -1.1230035595076924 39.02429265488598 
-1.0 -1.2459296582201418 39.014434126306256 
-1.0 -1.063819267660877 39.02165054625805 
-1.0 -1.1230035595076924 39.02600727923961 
-1.0 -1.063819267660877 20.274739436887284 
-1.0 -1.242151528965115 39.171961013258496 
-1.0 -1.1230035595076924 39.021663691767195 
-1.0 -1.1668982812733848 24.683465978415867 
-1.0 -1.242151528965115 39.01875007525949 
-1.0 -1.2289955016801102 39.98730198151757 
-1.0 -1.1230035595076924 39.02240843817176 
-1.0 -1.2459296582201418 39.015778908010915 
-1.0 -1.2459296582201418 39.015491607754036 
-1.0 -1.1668982812733848 20.273530284057372 
-1.0 -1.063819267660877 20.274232210023705 
-1.0 -1.2459296582201418 39.03759324487449 
-1.0 -1.2459296582201418 39.02711638457247 
-1.0 -1.1668982812733848 20.27308329352625 
-1.0 -1.2459296582201418 39.01446885872184 
-1.0 -1.1230035595076924 39.02227337170124 
-1.0 -0.9969033565270369 24.683467465572004 
-1.0 -1.1668982812733848 20.272373478580942 
-1.0 -1.2323778912771353 39.01571811569255 
-1.0 -1.1230035595076924 39.022472888674926 
-1.0 -1.1230035595076924 39.0145974369447 
-1.0 -1.063819267660877 5.928068329396182 
-1.0 -1.1907806406684998 39.02173240906077 
-1.0 -1.1668982812733848 20.273720795306165 
-1.0 -1.1668982812733848 39.02005482165023 
-1.0 -1.2090620624208004 39.014866086384544 
-1.0 -1.1907806406684998 20.33256438186229 
-1.0 -1.2459296582201418 39.022263953507945 
-1.0 -1.1230035595076924 39.04356980874659 
-1.0 -1.1668982812733848 39.0208705584652 
-1.0 -1.2323778912771353 39.01443407711532 
-1.0 -1.1618284908141785 39.02111661074043 
-1.0 -1.063819267660877 39.027331471645304 
-1.0 -1.1668982812733848 39.025501342104754 
-1.0 -1.1907806406684998 20.332600179707956 
-1.0 -1.1668982812733848 39.02868561410273 
-1.0 -1.063819267660877 39.05418979114749 
-1.0 -1.1230035595076924 20.33337802080997 
-1.0 -1.1668982812733848 39.020889387604555 
-1.0 -1.242151528965115 20.283447568248526 
-1.0 -1.1668982812733848 39.038112121936635 
-1.0 -1.063819267660877 39.02787739328303 
-1.0 -1.063819267660877 39.05043133092165 
-1.0 -1.1668982812733848 20.272320301839905 
-1.0 -1.063819267660877 20.29013472715367 
-1.0 -1.2388394745461273 39.051650049338846 
-1.0 -1.242151528965115 39.016709675686194 
-1.0 -1.1907806406684998 2.894970065468807 
-1.0 -1.063819267660877 20.272286678999244 
-1.0 -1.1907806406684998 39.05121229429738 
-1.0 -1.1230035595076924 39.02386336870523 
-1.0 -1.063819267660877 39.022390429622114 
-1.0 -1.242151528965115 39.018450026609905 
-1.0 -1.063819267660877 39.02796838875114 
-1.0 -1.1829647076077023 39.045309136855785 
-1.0 -1.2459296582201418 39.0177927631769 
-1.0 -1.2289955016801102 39.0143358494368 
-1.0 -1.242151528965115 39.023575812567515 
-1.0 -1.242151528965115 39.01649997086166 
-1.0 -1.242151528965115 39.163337933578404 
-1.0 -1.2459296582201418 39.15259263715595 
-1.0 -1.1230035595076924 39.02387646934777 
-1.0 -1.0519561398538535 20.281838788297705 
-1.0 -0.9969033565270369 20.272324395771605 
-1.0 -1.063819267660877 5.9211139736868255 
-1.0 -1.1907806406684998 39.02326778717188 
-1.0 -1.242151528965115 39.02523638699336 
-1.0 -1.2459296582201418 39.014456830816734 
-1.0 -1.063819267660877 39.403558821885376 
-1.0 -1.063819267660877 2.9263586395055583 
-1.0 -1.242151528965115 39.02293123452613 
-1.0 -1.242151528965115 39.34389471825716 
-1.0 -1.2289955016801102 39.01475005967507 
-1.0 -1.1668982812733848 39.02190350926301 
-1.0 -1.1618284908141785 39.062570234599335 
-1.0 -1.242151528965115 39.02759375207106 
-1.0 -1.2459296582201418 39.01442755017037 
-1.0 -1.2459296582201418 39.026650989030166 
-1.0 -1.242151528965115 20.297751494495067 
-1.0 -1.242151528965115 2.8054425555906266 
-1.0 -1.242151528965115 20.27622968964974 
-1.0 -1.2388394745461273 39.05451568938627 
-1.0 -1.242151528965115 20.28466275100452 
-1.0 -1.1668982812733848 2.872188909539505 
-1.0 -1.063819267660877 39.013428190455684 
-1.0 -1.242151528965115 2.805468687152679 
-1.0 -1.2289955016801102 39.01445413525648 
-1.0 -1.2459296582201418 2.7745526062834647 
-1.0 -1.242151528965115 39.01635644849557 
-1.0 -1.242151528965115 39.02286213835114 
-1.0 -1.242151528965115 39.023479217938714 
-1.0 -1.1829647076077023 39.01446949595008 
-1.0 -1.242151528965115 39.01695885483952 
-1.0 -1.1907806406684998 39.02013716114239 
-1.0 -1.242151528965115 2.813867208672766 
-1.0 -1.2459296582201418 39.01836608320434 
-1.0 -1.242151528965115 39.01709660150361 
-1.0 -1.2323778912771353 39.01438662258074 
-1.0 -1.2459296582201418 39.014891324353485 
-1.0 -1.063819267660877 2.7549092012427114 
-1.0 -1.242151528965115 2.8478992640062875 
-1.0 -1.2125357697218586 39.01535605782325 
-1.0 -1.2459296582201418 39.01395076623811 
0.7 -1.0352340133670115 168.52981582710447 
0.7 -1.3057047046414318 39.020780278332495 
0.7 -1.3057047046414318 39.0211115141365 
0.7 -0.2743124895617779 31.818490344133444 
0.7 -1.3057047046414318 9.861617188577581 
0.7 -1.5047671154649294 39.02601603925821 
0.7 -0.17485365237477168 16.028202369261628 
0.7 -1.3057047046414318 9.850849120602943 
0.7 -1.5047671154649294 9.829479573918894 
0.7 -0.22046091401015566 39.03129240464536 
0.7 -1.3057047046414318 39.03271049733965 
0.7 -1.3057047046414318 39.03268524700208 
0.7 -1.3057047046414318 39.02177050405313 
0.7 -1.5047671154649294 20.30927717161306 
0.7 -0.2743124895617779 39.02395136764345 
0.7 -1.5047671154649294 9.829461579402867 
0.7 -1.0352340133670115 9.849275093743943 
0.7 -0.22046091401015566 39.042722127572056 
0.7 -1.3057047046414318 9.847835460751748 
0.7 -1.5047671154649294 9.829420209112108 
0.7 -0.22046091401015566 3.283444982280811 
0.7 -1.3057047046414318 39.02183057295479 
0.7 -1.3057047046414318 39.022324179885295 
0.7 -1.5047671154649294 39.02386979437484 
0.7 -1.5047671154649294 39.024623883395506 
0.7 -0.22046091401015566 39.040633082571176 
0.7 -0.22046091401015566 3.281921308132191 
0.7 -1.5047671154649294 39.0245856514838 
0.7 -1.5047671154649294 9.827666577685802 
0.7 -0.22046091401015566 3.290397037799743 
0.7 -0.3845746506571519 42.27579822106982 
0.7 -1.3057047046414318 3.3432779251732683 
0.7 -0.22046091401015566 3.278230790422702 
0.7 -1.0352340133670115 2.8740829950153746 
0.7 -1.3057047046414318 39.05960276351676 
0.7 0.6858227335907294 2.8958920303458044 
0.7 -1.3057047046414318 39.049433217850364 
0.7 -1.3057047046414318 39.05241042437676 
0.7 -1.5047671154649294 9.826977124685497 
0.7 -1.3087401673047747 42.449326207170316 
0.7 -1.3057047046414318 39.02215604200543 
0.7 -1.5047671154649294 39.020886639243834 
0.7 -0.22046091401015566 9.906850813254023 
0.7 -1.5047671154649294 39.02411608439081 
0.7 -1.1353273917439708 2.884161471530899 
0.7 -1.3057047046414318 3.331392425166464 
0.7 -1.0352340133670115 9.81838548108365 
0.7 -0.9609365274720503 39.059109388269576 
0.7 -1.3057047046414318 39.05945246113028 
0.7 -0.41541953539650933 9.82779460782536 
0.7 -1.3057047046414318 3.2467200546052735 
0.7 -0.9609365274720503 39.02220380188907 
0.7 -0.22046091401015566 39.793308088626546 
0.7 -1.3057047046414318 3.3408812215274426 
0.7 -1.3057047046414318 3.326129087848678 
0.7 -1.5047671154649294 9.828270043797604 
0.7 -1.3057047046414318 39.02748334513618 
0.7 -1.3057047046414318 3.2555275252513907 
0.7 -1.3057047046414318 39.027478178055105 
0.7 -1.3057047046414318 39.02207798182542 
0.7 -1.0352340133670115 3.247651067997707 
0.7 -1.5047671154649294 9.821960824719111 
0.7 -1.3057047046414318 2.779835664513466 
0.7 -0.054828798610161655 39.02410331623659 
0.7 -0.09127285835558752 3.251132571132497 
0.7 -1.207541472867872 3.243983275224064 
0.7 -1.5047671154649294 39.97159255191808 
0.7 -1.5047671154649294 9.82185065740117 
0.7 -0.749876574720215 39.0534544765809 
0.7 -1.3057047046414318 2.791313688869729 
0.7 -1.5047671154649294 39.02289964252518 
0.7 -1.0374826359198845 2.7733954366094657 
0.7 -0.22046091401015566 39.02579577111137 
0.7 -1.3057047046414318 39.023469729279824 
0.7 -0.22046091401015566 39.02415338421593 
0.7 -0.7841593481555229 2.863930991625227 
0.7 -0.7841593481555229 39.02856241954338 
0.7 -1.3057047046414318 39.01415932185379 
0.7 -1.3057047046414318 39.03814255744268 
0.7 -1.4162792407643305 2.771971508868651 
0.7 -1.5187217457205886 2.7748816964030647 
0.7 -0.22046091401015566 39.02483938935599 
0.7 -0.9319255441767247 2.774065796696148 
0.7 -1.3057047046414318 2.7779346583780478 
0.7 -0.7879225625328399 39.017416312396215 
0.7 -0.2743124895617779 39.022599500893214 
0.7 -1.3286425300892368 2.7704263056349587 
1.5 0.03482416115640419 178.84711044608224 
1.5 -0.15049495763102883 293.3796256002486 
1.5 -0.09510631611680864 39.02199969161393 
1.5 0.03482416115640419 39.01756112793984 
-0.9 -0.5536502830464549 203.01297956281178 
-0.9 -0.5288178947757469 39.02871851615736 
-0.9 -0.5288178947757469 39.36791626890492 
-0.9 -0.6196172139023375 20.290204590914357 
-0.9 -0.6196172139023375 20.27354549310378 
-0.9 -0.6196172139023375 39.06404821431772 
-0.9 -0.5288178947757469 39.02952707859341 
-0.9 -0.5288178947757469 39.02976485082648 
-0.9 -0.5288178947757469 39.02380100940559 
-0.9 -0.4583806418925711 42.27795622971034 
-0.9 -0.7903398030828424 2.9198145271571767 
-0.9 -0.19779384899533348 2.7512541732336233 
-0.9 -0.5288178947757469 39.01320991619634 
-0.9 -1.4190358790859463 39.02371866473675 
-0.9 -1.4045040271057108 39.01441417449486 
-0.9 -1.4272351102336582 39.015118723450136 
-0.9 -1.4272351102336582 39.014718119077074 
-0.9 -1.3992207320618988 2.7740359910810213 
-0.9 -0.7903398030828424 2.917661751462969 
-0.9 -1.4272351102336582 39.01438466286508 
-0.9 -1.4190358790859463 39.02464602870652 
-0.9 -1.4272351102336582 39.01441612401912 
-0.9 -0.19779384899533348 39.01323888465216 
-0.9 -1.4190358790859463 2.805618211562729 
-0.9 -1.4157009297192964 39.01483938720149 
-0.9 -1.4190358790859463 39.02135918794556 
-0.9 -0.5288178947757469 2.751402350617876 
-0.9 -1.4272351102336582 2.7756391422069293 
-0.9 -1.3986749263679243 39.01427491226291 
-0.9 -0.19779384899533348 39.01323773803042 
-0.9 -0.5288178947757469 2.75095414981219 
-0.9 -1.4152814804434168 39.0723401650803 
-0.9 -1.4045040271057108 2.7703206755488914 
-0.9 -1.4190358790859463 39.0139860104201 
-0.9 -0.9166281230472055 2.8464635044713114 
-0.9 -1.4190358790859463 2.833467012799151 
-0.9 -0.5288178947757469 39.01490195918072 
-0.9 -1.4045040271057108 39.22522176382164 
-0.9 -1.4272351102336582 39.02015668647907 
-0.9 -0.19779384899533348 2.7530623694566114 
0.6 -1.0898121523496105 115.35453117112239 
0.6 -0.9835988550534935 39.02421572479634 
0.6 -0.2995744361143924 31.81775357741325 
0.6 -1.0898121523496105 115.35453116550512 
0.6 -1.2765510903975077 115.35451524459059 
0.6 -1.4909334142760517 39.0168697044457 
0.6 -0.8994172293954552 115.35428375824121 
0.6 -0.9835988550534935 39.019596440422276 
0.6 -0.8725252314111174 39.03079313242493 
0.6 -1.1104993552256133 39.01659510290924 
0.6 -0.9238079026155468 39.04007776081932 
0.6 -0.9918430808757606 115.24038139010051 
0.6 -0.425478627754142 42.2758536136251 
0.6 -0.9835988550534935 39.03292659432064 
0.6 -1.2765510903975077 115.3548500725727 
0.6 -1.4614737887252218 39.01589555800528 
0.6 -0.01630161846761702 3.256535154705192 
0.6 -0.01630161846761702 39.05306963308806 
0.6 -0.9835988550534935 39.051893788667925 
0.6 -0.8235148328649338 3.250258822307968 
0.6 -0.9414434471038771 39.028750416324726 
0.6 -0.01630161846761702 5.9406316768078 
0.6 -2.982588143380143 39.02732254053105 
0.6 -0.9835988550534935 39.01590435148265 
0.6 -2.982588143380143 39.03157977506432 
0.6 -2.982588143380143 39.02400488061961 
0.6 -2.982588143380143 39.027169910459605 
0.6 -2.982588143380143 39.02394599853877 
0.6 -3.1242646460276875 39.02523346099572 
0.6 -0.8235148328649338 39.03145899288899 
0.6 0.1196517368947454 39.02500723168407 
0.6 -0.2995744361143924 42.277968552347154 
0.6 -1.3363491466497326 39.11716859353253 
0.6 -0.07089549504486214 39.02126118166006 
0.6 -2.997967132951196 39.02383537082573 
0.6 -0.9533997089968462 39.02515768841968 
0.6 -0.9835988550534935 39.11107998417204 
0.6 -2.7633344688244232 39.02390751871407 
0.6 -0.7491785335998031 2.921684477071458 
0.6 -2.982588143380143 39.0240221798597 
0.6 -0.4393970270265637 39.0562870666346 
0.6 -3.1242646460276875 39.023945891126175 
0.6 -0.8090836086058921 39.02442106707856 
0.6 -0.7377344218092716 39.01318260232943 
0.6 -0.23351808446641442 2.830923567076055 
0.6 -0.11930297806368095 39.01443417561727 
0.6 -0.7879772101290676 39.01456077879362 
0.6 -3.1242646460276875 39.02900358499988 
0.6 -2.7633344688244232 39.39709193205782 
0.6 -3.2180873233587315 39.02494327200756 
0.6 -0.285534302745182 20.27657804490567 
0.6 -1.7042841982383035 39.01590637717973 
0.6 -0.2995744361143924 20.332664261247356 
0.6 -0.8038399313515026 39.023817591253525 
0.6 -0.7762880918061867 39.06718804222346 
0.6 -0.9835988550534935 39.02699067414204 
0.6 -1.1118843528674702 39.03055985377186 
0.6 -0.7762880918061867 39.02469672989436 
0.6 -0.7890689101423245 39.014042680308016 
0.6 -0.17942568224560596 39.01461345972318 
0.6 -0.7762880918061867 39.016933258418035 
0.6 -2.997967132951196 39.023836681789014 
0.6 -1.059897172915214 39.02869527322725 
0.6 -3.2180873233587315 39.02439495331777 
0.6 -3.2180873233587315 39.02488796214869 
0.6 -1.1497262520159683 39.02241732263253 
0.6 -0.8235148328649338 39.01830057230976 
3.0 -0.2894079975599162 42.28293881662008 
-0.7 -0.42090299013181465 99.73046277666506 
-0.7 -0.4668518061816549 24.839152076977708 
-0.7 -0.42090299013181465 39.51701737586012 
-0.7 -0.42090299013181465 39.510285473548336 
-0.7 -0.42090299013181465 185.8130255650037 
-0.7 -0.4292087851466757 39.02485076458658 
-0.7 -0.42090299013181465 39.5097870845916 
-0.7 -0.42090299013181465 39.51703106666414 
-0.7 -0.4292087851466757 39.03980447914175 
-0.7 -0.4292087851466757 39.02795519293298 
-0.7 -0.42090299013181465 24.68367175347327 
-0.7 -0.42090299013181465 24.683714965158966 
-0.7 -0.47505143339935074 24.839218363390355 
-0.7 -0.42090299013181465 24.68362976564103 
-0.7 -0.5493040740118875 185.81249339560728 
-0.7 -0.4292087851466757 20.2901571350939 
-0.7 -0.5919379403911336 39.0160712817674 
-0.7 -0.4292087851466757 39.02553528152722 
-0.7 -0.4500391679471534 24.839078146481196 
-0.7 -0.4292087851466757 39.03560504889284 
-0.7 -0.42090299013181465 3.2530389705111116 
-0.7 -0.42090299013181465 42.277587469572225 
-0.7 -0.42090299013181465 3.25114179428241 
-0.7 -0.4292087851466757 39.054329864823714 
-0.7 -0.42090299013181465 3.2510825948472846 
-0.7 -0.4292087851466757 3.1631386528763565 
-0.7 -0.4292087851466757 5.868377349544575 
-0.7 -0.42090299013181465 2.8480023936398284 
-0.7 -0.4292087851466757 2.877091598148749 
-0.7 -0.4292087851466757 39.01529959226249 
-0.4 -0.23052994625089696 37.863064485815244 
-0.4 -0.23052994625089696 37.863954625734415 
-0.4 -0.23052994625089696 39.15089952645301 
3.8 -0.01293707829246138 203.76123932580796 
3.8 -0.6155252478572226 39.04752420185887 
3.8 -0.01293707829246138 39.040392636436934 
0.3 -0.4383944425871924 39.02445186659927 
0.3 -0.9657309872963697 39.01854395890162 
0.3 -1.3162635730959362 39.79045129600158 
0.3 -1.3162635730959362 39.790460661837194 
0.3 -0.9657309872963697 39.025036149006226 
0.3 -0.9657309872963697 39.02479005010551 
0.3 -1.3162635730959362 39.79056078925591 
0.3 -0.9657309872963697 39.019164247947074 
0.3 -0.9657309872963697 39.02867168404698 
0.3 -0.9657309872963697 39.033411986153105 
0.3 0.285343679147001 39.26736944117564 
0.3 -1.3162635730959362 39.78530834145963 
0.3 -0.9657309872963697 39.02065027714939 
0.3 -0.9657309872963697 39.02397373918616 
0.3 -0.573178001855764 2.9102163656302373 
0.3 -0.9918502698807448 39.01422453493131 
0.3 -0.9657309872963697 2.922126003881103 
0.3 -0.9657309872963697 39.01882841565997 
0.3 -0.573178001855764 2.902750294293049 
0.3 -1.3162635730959362 39.79164233920692 
0.3 -0.4383944425871924 2.8168114706724494 
0.3 -1.138755925531008 39.795738113341635 
0.3 -1.3162635730959362 39.79702994041796 
0.3 -0.8989720205901293 39.021463290988606 
0.3 -0.29827092937160415 39.785390157340345 
0.3 -0.5969634159663499 39.032741467325344 
0.3 -0.4383944425871924 39.02661438852515 
0.3 -0.9657309872963697 39.79016490261802 
0.3 -0.9657309872963697 2.838566589592954 
0.3 -0.18238089387935652 20.274851440010544 
0.3 -1.3162635730959362 39.78531601038729 
0.3 -1.3162635730959362 39.78596621720677 
0.3 -0.5969634159663499 39.02457334389044 
0.3 -1.4322277923356683 39.03109957346473 
0.3 -1.3162635730959362 3.3445172425191356 
0.3 -0.7373850005751326 39.013285835539385 
0.3 -1.2323770600190613 39.78145335040679 
0.3 -0.9657309872963697 39.78503075751086 
0.3 -0.9657309872963697 39.02478647751917 
0.3 -0.573178001855764 39.02757801700818 
0.3 -0.9657309872963697 39.05048351401611 
0.3 -0.4383944425871924 39.7845368762725 
0.3 -0.573178001855764 39.024140957794266 
0.3 -0.4383944425871924 2.9042884817826797 
0.3 -1.3162635730959362 39.78528884392501 
0.3 -1.3644945960658497 39.015095282574265 
0.3 -0.4383944425871924 39.060167365454234 
0.3 0.367896818074275 2.907190449524127 
0.3 -1.3162635730959362 3.3568791698888445 
0.3 -0.7373850005751326 39.04390318377565 
0.3 -1.3162635730959362 3.3104630134250326 
0.3 -0.8989720205901293 2.815745327665614 
0.3 -0.5969634159663499 39.03204179320743 
0.3 -0.4383944425871924 2.9097165356114587 
0.3 -0.4383944425871924 39.04417662906649 
0.3 -0.4383944425871924 2.81059237410215 
0.3 -0.4383944425871924 2.9061299934845644 
0.3 -0.9657309872963697 39.026419957246794 
0.3 -1.4322277923356683 39.03109883708461 
0.3 -0.9657309872963697 2.9468924965589838 
0.3 0.6137216813990154 39.02006796126424 
0.3 -0.9043765170235183 39.043891094820694 
0.3 -0.15794185687518691 39.01511761682432 
0.3 -3.0418195522967144 39.02561515983081 
0.3 -0.9657309872963697 2.9103634091730726 
0.3 -1.4196811475305502 39.00041150643664 
0.3 -0.4907156700362574 2.8393210529515787 
0.3 -0.9657309872963697 2.9225662064339106 
0.3 -0.7190923623004402 39.18751364848032 
0.3 -0.9657309872963697 39.024170963860165 
0.3 -0.6395256775240057 39.05299284978356 
0.3 -0.4383944425871924 2.8111828618161834 
0.3 -0.8989720205901293 2.80507864465729 
0.3 -0.9657309872963697 2.837755692497619 
0.3 -0.573178001855764 2.821697195358019 
0.3 -3.0418195522967144 39.02385178484726 
0.3 -0.8989720205901293 39.015688679777575 
0.3 -0.5969634159663499 3.309548678904448 
0.3 -0.8989720205901293 39.02505222934895 
0.3 -0.573178001855764 39.01755249135996 
0.3 -0.7373850005751326 39.02234257181662 
0.3 -0.8989720205901293 2.897283009020315 
0.3 -3.0418195522967144 39.02515744665902 
0.3 -0.17204785149685264 3.3093624386659224 
0.3 -1.3162635730959362 39.0600650947846 
0.3 -0.4383944425871924 3.3338586134365937 
0.3 0.05172117319201952 2.8417769268039375 
0.3 -0.4907156700362574 39.02490315555644 
0.3 -0.9799510520269976 39.05228409593587 
0.3 -0.9657309872963697 2.837770257599027 
0.3 0.4222649327922614 39.00056582524373 
0.3 -0.13019419142117528 39.041269305698556 
0.3 -0.17963864457323986 39.00039165453963 
0.3 -1.3162635730959362 3.3112294305232046 
0.3 -1.0642764374079956 3.3343865453433126 
0.3 -0.2248805528818849 39.02010505329426 
0.3 -1.114889673931609 2.7629341980174598 
0.3 -0.8989720205901293 2.879983661294044 
0.3 -0.7373850005751326 3.2449577675386228 
0.3 -3.0418195522967144 2.8169443087513333 
0.3 -0.5969634159663499 39.0172848371935 
0.3 -3.0418195522967144 39.02385361117424 
0.3 0.367896818074275 39.025314005769886 
0.3 -0.9657309872963697 2.839468026126835 
0.3 -3.117599022017715 2.8393970606671224 
0.3 -0.4907156700362574 2.8353926350740473 
0.3 -0.9114348747387488 39.05656885914337 
0.3 -0.9557902570723016 2.818517707795121 
0.3 -0.4383944425871924 2.816507574577969 
0.3 -0.18238089387935652 39.02085511365854 
0.3 -3.0418195522967144 39.023861026327424 
0.3 -0.29037138201734614 2.769456684526773 
0.3 -0.9450734908637788 39.02818409859508 
0.3 0.4222649327922614 39.000495293616375 
0.3 -3.0418195522967144 9.82595104549335 
0.3 -0.7373850005751326 39.0231063805902 
0.3 -0.8989720205901293 2.789697145766107 
0.3 -0.9657309872963697 2.7516617582853446 
0.3 -3.117599022017715 39.01923838145467 
0.3 -3.117599022017715 2.8393765992272755 
0.3 -1.151125634138511 2.8075931662691356 
2.3 0.11201411302029918 121.94457084274826 
3.4 0.03501406819623121 178.18910630075706 
3.4 0.03501406819623121 39.11298320472041 
1.0 -1.1490320947943609 346.0751226245755 
1.0 -0.11036253058378165 39.02468855336897 
1.0 -0.20423845856595513 39.05482548519266 
4.0 -0.48821024038915795 312.578582017443 
4.0 -0.48821024038915795 312.5790697591433 
4.0 -0.48821024038915795 312.5725678780897 
0.9 -0.15121048075179822 39.02996072509849 
0.9 -0.15121048075179822 39.030943025316056 
-0.5 -0.3796756969561077 2.8478597661633214 
-0.5 -0.3796756969561077 3.2341209789265353 
-0.5 -0.3796756969561077 2.8478495247491056 
-0.5 -0.3796756969561077 2.847919027004495 
-0.5 -0.3796756969561077 39.01998568608519 
-0.5 -0.3796756969561077 39.0203005254214 
-0.5 -0.3796756969561077 2.843277946178386 
-0.5 -0.39836527105171626 39.02368787199426 
-0.5 -0.3796756969561077 2.8515045017352287 
-0.5 -0.3796756969561077 39.02019848710205 
-0.5 -0.3796756969561077 2.8411964863120063 
3.1 -0.7631545478347697 39.028566044449825 
3.1 -0.6973630710597529 39.027608853255124 
2.6 -0.14081675549351758 356.61866493994273 
3.6 -1.223390782374727 85.51936895580013 
3.6 -0.11169070562159256 143.20407515588198 
3.6 -0.9084487696651671 39.03161348224519 
3.6 -0.11318285589075572 143.09936860705744 
3.6 -0.39983644222765413 40.60005761161757 
3.6 -0.9478612929564569 4.471296445378951 
3.6 -0.849071326082866 39.096409437575815 
3.6 -1.223390782374727 85.50611361589881 
3.6 -0.9478612929564569 39.034085802900776 
3.6 -0.8488160737038832 39.03415809324196 
3.6 -0.9082920808069197 39.18437651921981 
1.3 0.09055777914130658 275.7085122838229 
1.3 0.28305420753156163 39.013769160501084 
1.3 0.28305420753156163 16.025611212520353 
1.3 0.28305420753156163 16.025093643468367 
1.3 0.28305420753156163 16.03169736919164 
1.3 0.28305420753156163 16.041802615549393 
1.3 0.28305420753156163 39.02926865143565 
1.6 0.42568437653285507 28.628406578690004 
1.6 -0.027642454496989544 28.59191844173081 
1.6 0.1675094283980929 37.339002403343564 
1.6 0.1675094283980929 147.10762250861288 
1.6 0.1675094283980929 212.48813670897982 
1.6 0.1675094283980929 39.03026698782289 
1.6 0.06948858429223925 40.250344941255165 
1.6 -0.027642454496989544 41.44992878042751 
1.6 0.06948858429223925 39.70120109152233 
1.6 0.42568437653285507 39.01042392230563 
1.6 0.26893052153597985 39.04895838930824 
1.6 0.06948858429223925 212.48957928777557 
1.6 0.06948858429223925 33.56562554508331 
1.6 0.06948858429223925 37.340697935414674 
1.6 0.06948858429223925 39.282596972192366 
1.6 0.42568437653285507 39.034934271686275 
1.6 0.06948858429223925 40.25321645971859 
2.4 0.18935280976052482 37.813855219217295 
0.1 -0.025271887840942142 64.14028898734513 
0.1 -0.17487362279462282 31.807196674336943 
0.1 0.435278777822214 62.21918841725755 
0.1 -0.17487362279462282 42.44882307801108 
0.1 0.435278777822214 39.03119589476881 
0.1 -0.17487362279462282 31.80725984106607 
0.1 0.4381490526903242 39.01465096680512 
0.1 -0.17487362279462282 19.39831012762962 
0.1 0.4381490526903242 2.8960193573160127 
0.1 0.435278777822214 2.910355903683376 
0.1 0.435278777822214 39.01789887828343 
0.1 -0.7133284521954888 39.0254149430283 
3.5 -0.826239441547429 39.031549140769926 
2.8 0.03657252896263152 39.0193878046862 
1.7 0.09838276436815185 204.82350947254702 
1.7 -0.07916694650041478 196.24415650396594 
1.7 0.09838276436815185 39.02913496779856 
1.7 -0.5389670579763006 196.0329539106381 
2.1 0.13652654165314537 24.843957413199416 
0.8 -1.0045297857008695 39.05951321425086 
0.8 -3.0930906172861192 39.02515744665902 
0.8 -0.7290196956006607 39.018305109968246 
0.8 -1.5574478003566945 39.05665736646699 
0.8 -3.0930906172861192 39.02465877145918 
2.5 0.09994199105330281 219.192327617081 
2.5 0.09994199105330281 219.1923276170998 
2.5 0.09994199105330281 39.866521606658935 
2.5 0.19342066928103918 356.6133232174524 
0.5 -0.9492096879154275 146.21280976552254 
0.5 -1.273782235775922 19.39831012762962 
0.5 -0.4614826603772251 3.7751866959243343 
0.5 -0.7920803298090995 132.84667282720775 
0.5 -0.9492096879154275 39.05958845875907 
0.5 -0.4614826603772251 39.06970337976395 
0.5 -0.055519773813408335 3.3012520465962627 
0.5 -0.32295333952615124 39.054904543265835 
0.5 -0.9492096879154275 39.020548553265606 
0.5 -0.4493044749041246 19.377249103117858 
0.5 -0.32295333952615124 3.37539099346009 
0.5 -0.055519773813408335 3.2766790402968744 
0.5 -1.3051338371662364 39.05497846730798 
0.5 -0.9492096879154275 39.03375579584799 
0.5 -0.9492096879154275 3.3623287998935556 
0.5 -0.7390984935688234 39.05593004592314 
0.5 -0.055519773813408335 3.272767270338294 
0.5 -0.055519773813408335 3.2933409805120966 
0.5 -0.9492096879154275 39.06545896828572 
0.5 -1.3051338371662364 39.09923149078305 
0.5 -0.9492096879154275 39.82128050799985 
0.5 -0.055519773813408335 39.02561956002352 
0.5 -0.9492096879154275 39.02803924763469 
0.5 -0.32295333952615124 39.09878967266672 
0.5 -0.4614826603772251 3.289668948060174 
0.5 -0.055519773813408335 3.2769171422628656 
0.5 -0.055519773813408335 39.055209820102945 
0.5 -0.9492096879154275 3.3488811672775487 
0.5 -0.9492096879154275 39.06108769723252 
0.5 -1.1180807107323307 115.35558957974585 
0.5 -1.3051338371662364 9.830164580930632 
0.5 -0.7920803298090995 39.05508331083326 
0.5 -0.4614826603772251 3.289035189928325 
0.5 -0.055519773813408335 39.05513093798782 
0.5 -0.4614826603772251 3.282912935792948 
0.5 -0.8931654249960115 3.343988191039166 
0.5 -0.055519773813408335 3.281321457927235 
0.5 -0.055519773813408335 39.05382706180117 
0.5 -0.32295333952615124 39.12109708946665 
0.5 -0.9492096879154275 5.933761576885767 
0.5 -0.7920803298090995 3.271226526315126 
0.5 -0.32295333952615124 3.2696219017448724 
0.5 -0.9492096879154275 39.061267825226864 
0.5 -0.32295333952615124 3.3925763909159885 
0.5 -1.3051338371662364 3.234055760840585 
0.5 -0.9492096879154275 39.03103835078063 
0.5 -0.7920803298090995 2.8739212361618995 
0.5 -1.3051338371662364 39.0334466335492 
0.5 -0.9492096879154275 39.021331641336076 
0.5 -0.7920803298090995 39.05420020438875 
0.5 -0.8415434926085208 39.06164662149374 
0.5 -1.3051338371662364 39.7970709963557 
0.5 -0.9492096879154275 3.3632366636232645 
0.5 -0.9492096879154275 3.3354987741874766 
0.5 -0.9492096879154275 9.83938893853202 
0.5 -1.3051338371662364 9.829345999771073 
0.5 -0.6831451503934769 39.02362470993384 
0.5 -0.7920803298090995 2.8738735788631193 
0.5 -0.7920803298090995 39.05511586336548 
0.5 -0.32295333952615124 3.289304876413401 
0.5 -1.3051338371662364 39.04665214857272 
0.5 -0.32295333952615124 3.358708972602726 
0.5 -1.0048719986518133 2.8483544188244307 
0.5 -1.3051338371662364 3.344106559167633 
0.5 -1.3051338371662364 39.050338679230485 
0.5 -0.9492096879154275 39.05903992286233 
0.5 -0.9492096879154275 2.871372505779983 
0.5 -0.2934252305214251 39.02438641903712 
0.5 -1.3051338371662364 39.05025915822284 
0.5 -0.9492096879154275 2.8713286344981066 
0.5 -0.32295333952615124 2.855932948909496 
0.5 -0.9799014198712399 39.02020554262344 
0.5 -0.7954376371857723 39.053256407891205 
0.5 -0.32295333952615124 2.9625929425393296 
0.5 -0.9492096879154275 39.78570557881552 
0.5 -1.0048719986518133 2.848320012632033 
0.5 -0.32295333952615124 2.9382786995932126 
0.5 -0.1152704598919101 39.027255829351894 
0.5 -0.8154319185927648 3.25345501812088 
0.5 -0.9884467419328633 2.850279987476734 
0.5 -0.9492096879154275 2.8308653014949194 
0.5 -0.9492096879154275 2.8432205698108306 
0.5 -0.4493044749041246 17.31564645354256 
0.5 -1.0048719986518133 2.9769479233380807 
0.5 -0.34291254041878894 39.03200727863579 
0.5 -0.8061227961382755 2.946450108666658 
0.5 -0.18672316932436672 39.01985868417087 
0.5 -1.3051338371662364 3.2589473187831803 
0.5 -0.5054492468694001 2.850814671192759 
0.5 -1.024324300680993 2.7547945596037393 
0.5 -0.32295333952615124 39.02024494842106 
0.5 -0.8291464115981029 39.02804340230555 
0.5 -1.0048719986518133 39.028896629506704 
0.5 -1.157468833539106 39.013273095301656 
0.5 -0.9492096879154275 2.831984223178728 
0.5 -0.9492096879154275 2.779389369997735 
0.5 -1.3051338371662364 3.2692175759979722 
0.5 -3.0978821575259863 39.02347859442472 
0.5 -0.9492096879154275 39.016751826726846 
0.5 -1.081120632957889 39.01639348658121 
0.5 -0.9492096879154275 39.01516842762436 
3.2 -0.228297898279461 64.54562871944813 
3.2 0.005711732781643164 327.2216423947016 
3.2 0.005711732781643164 39.56544627215812 
-0.8 -1.099384687741745 36.044129760343615 
-0.8 -1.099384687741745 44.68961728602592 
-0.8 -1.099384687741745 44.68226977824056 
-0.8 -1.099384687741745 39.030404063796965 
-0.8 -1.099384687741745 39.037279427833695 
-0.8 -1.099384687741745 39.01904502220095 
-0.8 -1.099384687741745 33.58118040264584 
-0.8 -1.1335880419482667 33.58031843408307 
-0.8 -1.099384687741745 44.69002751414725 
-0.8 -1.099384687741745 24.948652492803024 
-0.8 -1.099384687741745 44.68226651899664 
-0.8 -0.6963427985509885 24.948602833983262 
-0.8 -1.1710860469513467 17.316030147660015 
-0.8 -1.099384687741745 24.947898031580536 
-0.8 -1.099384687741745 39.034478464753754 
-0.8 -1.099384687741745 33.56570625645887 
-0.8 -1.1335880419482667 39.040544773480434 
-0.8 -1.1710860469513467 42.28303531246313 
-0.8 -1.099384687741745 39.03528358153744 
-0.8 -1.1710860469513467 42.28298918474227 
-0.8 -1.1335880419482667 33.56853199180884 
-0.8 -1.099384687741745 39.01925091170305 
-0.8 -1.1335880419482667 24.93999709259197 
-0.8 -1.1335880419482667 17.3221999474383 
-0.8 -1.1335880419482667 33.56854079665509 
-0.8 -1.099384687741745 39.35906940499611 
-0.8 -1.1335880419482667 24.951973011131848 
-0.8 -1.099384687741745 5.931216533583033 
-0.8 -1.099384687741745 39.35185596464548 
-0.8 -1.1335880419482667 39.02561458387167 
-0.8 -1.099384687741745 17.323239972605293 
-0.8 -1.1335880419482667 42.27639525947404 
-0.8 -0.6963427985509885 5.930405667920244 
-0.8 -1.1335880419482667 17.316581857948794 
-0.8 -0.6963427985509885 39.02800532388368 
-0.8 -1.1710860469513467 42.283005043213294 
-0.8 -1.099384687741745 5.9312854421582655 
-0.8 -1.1335880419482667 17.318020518533068 
-0.8 -1.0398390892523253 42.28266481930548 
-0.8 -1.099384687741745 5.933079961710078 
-0.8 -1.1710860469513467 17.315985090624665 
-0.8 -1.1335880419482667 42.286373854355105 
-0.8 -1.1335880419482667 42.27652428620286 
-0.8 -1.1335880419482667 39.03200156126309 
-0.8 -0.7343739353752738 17.316832318504076 
-0.8 -1.099384687741745 5.932404651119283 
-0.8 -1.099384687741745 39.028404440749604 
-0.8 -0.6963427985509885 5.9262760146043565 
-0.8 -1.099384687741745 39.027682421783915 
-0.8 -1.1710860469513467 42.28304079281965 
-0.8 -1.099384687741745 6.101841219307315 
-0.8 -1.099384687741745 39.790699952819324 
-0.8 -1.099384687741745 9.830160717792525 
-0.8 -1.099384687741745 39.028278527760776 
-0.8 -1.1335880419482667 39.020939860757736 
-0.8 -0.3205312235998239 6.139390356114061 
-0.8 -1.1335880419482667 39.061550491778725 
-0.8 -1.099384687741745 5.966298649246487 
-0.8 -0.3205312235998239 17.3160543735187 
-0.8 -0.6963427985509885 39.028218925757045 
-0.8 -1.099384687741745 5.9314637634119345 
-0.8 -1.099384687741745 5.9211139736868255 
-0.8 -1.099384687741745 39.02823945289554 
-0.8 -1.099384687741745 5.933761583548814 
-0.8 -0.6963427985509885 5.929879217834669 
-0.8 -0.6963427985509885 39.05224189885812 
-0.8 -0.6963427985509885 39.02811458916715 
-0.8 -1.099384687741745 5.931014555167935 
-0.8 -1.099384687741745 39.026387805430254 
-0.8 -1.0398390892523253 39.026270971558695 
-0.8 -1.1335880419482667 5.931021994364824 
-0.8 -1.1998442391176205 17.303641788516813 
-0.8 -1.099384687741745 5.93389310112996 
-0.8 -1.099384687741745 39.02049754169015 
-0.8 -1.099384687741745 5.9259691110018275 
-0.8 -1.099384687741745 39.02309759069586 
-0.8 -0.3205312235998239 17.3035278793111 
-0.8 -1.1335880419482667 39.02296406269792 
-0.8 -1.1710860469513467 17.315625667941475 
-0.8 -1.1335880419482667 39.02773704122826 
-0.8 -0.6963427985509885 39.016192470889834 
-0.8 -1.099384687741745 39.022057523384056 
-0.8 -1.1335880419482667 5.896136075545281 
-0.8 -1.099384687741745 5.934089925395555 
-0.8 -1.0398390892523253 42.27968860244587 
-0.8 -1.099384687741745 39.02785217590201 
-0.8 -0.3205312235998239 17.304371505489755 
-0.8 -1.1335880419482667 5.893053598258317 
1.2 -0.0799097480760782 209.01416759440227 
1.2 0.05938120246988099 273.23239424553026 
2.7 -0.0913406534241421 16.181457727629518 
2.7 0.06375900855953809 85.489148170084 
2.7 0.14357924274184697 4.810993146074327 
2.7 -0.0913406534241421 16.057144252583594 
2.7 0.06331550401804975 41.96823670691534 
2.7 0.06375900855953809 39.0725752801043 
2.7 0.04250373609278135 39.01374400403906 
2.7 0.14357924274184697 4.811049732121493 
0.4 -1.062504667520125 17.817321089515424 
0.4 -1.0522056109121127 116.7571663067516 
0.4 -0.6776125770759283 39.792703205401345 
0.4 -1.1211350039582726 39.014507184773805 
0.4 -0.9447703174892617 39.01788847007603 
0.4 -1.062504667520125 17.817007714461173 
0.4 -1.1221324423630588 39.31847177861227 
0.4 -0.9447703174892617 39.0178134388092 
0.4 -1.1211350039582726 39.01360058177765 
0.4 -0.9447703174892617 39.13926025552014 
0.4 -0.9447703174892617 39.01359435369246 
0.4 -1.0522056109121127 116.75725373213992 
0.4 -0.9447703174892617 116.52570204519337 
0.4 -0.6776125770759283 39.78866379548628 
0.4 -1.597016372175327 39.016837621731476 
0.4 -0.9091126960961589 39.0143346820637 
0.4 -0.6776125770759283 17.81487402825453 
0.4 -1.0645390875604814 39.02188872744012 
0.4 -0.6776125770759283 16.030545454898935 
0.4 -0.2624178240378505 39.10560108718266 
0.4 1.08890802273298 39.01337602575157 
0.4 -1.0645390875604814 39.014439817290636 
0.4 -1.062504667520125 39.78963076853603 
0.4 -0.9447703174892617 4.811695794552095 
0.4 -0.9447703174892617 9.865406848512484 
0.4 -0.6776125770759283 16.030494026322728 
0.4 -0.6776125770759283 16.03021853866688 
0.4 -0.8414279108507863 39.03457456165849 
0.4 -0.9447703174892617 4.375128180552212 
0.4 -1.2998055194464708 39.021237608905594 
0.4 -0.9447703174892617 39.033711448035874 
0.4 -0.9447703174892617 39.073916369668275 
0.4 -0.9447703174892617 39.01237390931327 
0.4 -1.2649963663005845 19.38158241869588 
0.4 -0.9447703174892617 9.862763458337357 
0.4 -1.2998055194464708 39.02473933151588 
0.4 -0.9447703174892617 39.0222528879935 
0.4 -0.8929854296646127 39.06134987006751 
0.4 -1.597016372175327 39.01663227130543 
0.4 0.05888682874239848 9.830133044735186 
0.4 -0.9447703174892617 39.02200212317329 
0.4 -0.9447703174892617 39.02254475136797 
0.4 -0.9447703174892617 9.961627607194231 
0.4 -1.071789057590399 39.02962273275402 
0.4 -0.6776125770759283 19.368853259855335 
0.4 0.05888682874239848 39.02286066106845 
0.4 -0.9588936785920961 39.01950241937026 
0.4 -0.9447703174892617 39.02256104613271 
0.4 -1.4340751742204816 39.015550571169385 
0.4 -1.0920273019611741 39.02055628410274 
0.4 -0.8414279108507863 39.05242263102116 
0.4 -0.922649865563951 39.021615829183574 
0.4 -0.9447703174892617 39.07390459214755 
0.4 -1.0189314397970364 19.36536009776513 
0.4 -1.2491082510835447 39.029672873960955 
0.4 -0.9447703174892617 4.811772621192352 
0.4 -1.026961567536345 39.02939776046161 
0.4 -0.3404521214983234 39.01663793839837 
0.4 -0.9447703174892617 39.034052218140786 
0.4 -1.0038066350285852 39.02852649243625 
0.4 -0.9447703174892617 39.02248429552411 
0.4 -1.2649963663005845 42.44931498691761 
0.4 -0.22399640449232905 4.361772328045615 
0.4 -1.1295057853024364 39.00892033357231 
0.4 -0.9588936785920961 39.02183343003224 
0.4 -0.22399640449232905 39.029719549252405 
0.4 -0.6776125770759283 39.02402364875599 
0.4 -1.2998055194464708 39.04794589466612 
0.4 -0.5104080076264168 39.01948954054377 
0.4 -0.9447703174892617 39.0171241153098 
0.4 -1.4340751742204816 39.01555033851687 
0.4 -1.340582181540853 39.016623122476815 
0.4 -1.4340751742204816 39.01555680162769 
0.4 -0.9792370811180966 39.05115465218781 
0.4 -0.9284999023073901 39.02181047465703 
0.4 -0.9447703174892617 39.03995849757373 
0.4 -0.9447703174892617 39.033325882948546 
0.4 -1.0038066350285852 39.028687735108996 
0.4 -0.22399640449232905 2.815410698081441 
0.4 -1.2649963663005845 19.38129945115781 
0.4 -1.597016372175327 39.262335988987076 
0.4 -0.8423630075249573 39.023660967478435 
0.4 -0.22399640449232905 2.815690469200507 
0.4 -0.9469300598389747 39.029579020732676 
0.4 -1.4786354390226588 39.015551043655606 
0.4 -1.0453174644374368 39.028584498645316 
0.4 -1.597016372175327 39.01580837068911 
0.4 -0.6776125770759283 39.01553996899411 
0.4 -0.9447703174892617 39.13264520872475 
0.4 -1.0038066350285852 39.020039808598874 
0.4 -0.22399640449232905 39.03236480796281 
0.4 -1.0038066350285852 39.02051768104212 
0.4 -1.0038066350285852 39.02833923062653 
0.4 -0.735874484726871 39.016523801694774 
0.4 -0.04891679026794016 39.02064071379302 
0.4 -0.665145177486675 39.02893348208725 
0.4 -0.6776125770759283 39.02405461417901 
0.4 -1.597016372175327 39.015485775653886 
0.4 -0.22399640449232905 20.320011037337277 
0.4 -0.04891679026794016 39.014456592649736 
0.4 -0.6776125770759283 39.02834765479597 
0.4 -0.7083225451129227 2.8038807987884637 
0.4 -0.9091126960961589 39.01461738791664 
0.4 -1.1221324423630588 39.015847970063554 
0.4 -1.2998055194464708 39.03335388530915 
0.4 -0.7083225451129227 2.799109642663941 
0.4 -1.597016372175327 39.007746645253846 
0.4 -0.7694493470379911 39.01856548675118 
0.4 -1.026961567536345 39.02827480956007 
0.4 -0.7083225451129227 39.02309677535917 
0.4 -0.017962702402462227 2.7628847588789474 
0.4 -0.7083225451129227 39.023100295923875 
0.4 0.007346856859621553 39.01945521061369 
0.4 0.05888682874239848 2.8030281712628344 
0.4 -0.9505066064167913 2.841054185824057 
0.4 -0.7083225451129227 2.8015025282913384 
0.4 -0.04891679026794016 2.7991131932594446 
0.4 -0.7083225451129227 39.01698433774912 
0.4 -1.0837664631772306 2.7628353087251085 
-0.2 0.21304321847954277 39.082437576696655 
-0.1 0.19713556636346574 3.227932478813979 
-0.6 -0.2804532703044824 20.30929676183932 
-0.6 -0.2804532703044824 99.73046277666506 
-0.6 -0.42511755097813264 185.81020383046126 
-0.6 -0.2804532703044824 39.02170077988705 
-0.6 -0.2804532703044824 20.27314474020297 
-0.6 -0.2804532703044824 39.028494614422655 
-0.6 -0.2804532703044824 39.03411220881942 
-0.6 -0.2804532703044824 39.030792947601384 
-0.6 -0.3102870278307943 17.315985090624665 
2.0 0.4566310573875825 39.72755539885 
2.0 0.4566310573875825 39.72754721838126 
2.0 0.354795729604211 39.11643206659648 
0.2 -0.18437845663424213 44.41360892925172 
0.2 -0.18437845663424213 44.41662832517768 
0.2 -0.18437845663424213 39.79571293353604 
0.2 0.14986038763838216 39.03142266244964 
0.2 -0.18437845663424213 39.02120719765508 
0.2 -0.18437845663424213 2.902744295847028 
0.2 0.039174893330327976 39.0234881115824 
0.2 -0.18437845663424213 39.02410891545264 
0.2 -0.18437845663424213 39.02388800338352 
0.2 0.14986038763838216 39.02845965202433 
0.2 -0.18437845663424213 39.02421356177048 
0.2 -0.18437845663424213 39.78499518112486 
0.2 -0.18437845663424213 2.9104304565069365 
0.2 -0.18437845663424213 2.901897964277473 
0.2 -0.18437845663424213 2.921485869514821 
0.2 -0.18437845663424213 2.895903546805143 
0.2 -0.18437845663424213 2.9055197786671267 
0.2 -0.18437845663424213 2.9276688254168475 
0.2 -0.18437845663424213 2.8991625178709173 
0.2 0.14986038763838216 2.843674770248415 
0.2 -0.18437845663424213 2.873375101182857 
0.2 -0.18437845663424213 39.453437672457085 
0.2 0.14986038763838216 3.2662343347017604 
0.2 -0.18437845663424213 39.03109799622001 
0.2 -0.18437845663424213 2.8584328250263145 
0.2 0.11239632837397373 2.8434817675869763 
0.2 -0.18437845663424213 39.02763288334703 
0.2 0.11239632837397373 39.057276583909434 
0.2 0.055852828779297425 39.0198850256724 
2.9 -0.22240771855233277 17.34657481847151 
2.9 -0.7465537315504918 286.5200832679846 
2.9 -0.7408551165456547 286.51769317035667 
2.9 0.05470074777465861 36.02972127702029 
2.9 -0.2143021780240968 17.31591229215642 
2.9 -0.43627307155773565 39.05788381013294 
2.9 0.027175373809427583 17.298731951156988 
-0.3 0.1351343718924145 309.17734545022125 
-0.3 0.1351343718924145 39.05354058277649 
-0.3 0.1351343718924145 44.411792575439314 
-0.3 0.1351343718924145 309.1746435105897 
-0.3 0.1351343718924145 39.02673780913892 
1.9 0.08718671114153942 105.31348129003278 
1.9 0.1122062920279081 209.08099610009356 
1.9 -0.04114966117444041 39.396854973222176 
1.9 0.08718671114153942 39.973765303465 
-0.0 0.28350415286888797 24.94029627330453 
-0.0 -0.18082321570404325 39.019649786949216 
1.4 0.11683148187968939 253.39593040639 
1.1 0.02392760647805936 39.03348290138376 
