-1.0 -1.2459296582201418 2.7745526062834647 
-1.0 -1.063819267660877 2.7549092012427114 
0.7 -1.4162792407643305 2.771971508868651 
0.7 -1.5187217457205886 2.7748816964030647 
-0.9 -1.4272351102336582 2.7756391422069293 
-0.9 -0.5288178947757469 2.75095414981219 
-0.9 -1.4045040271057108 2.7703206755488914 
0.6 -3.1242646460276875 39.023945891126175 
0.6 -3.2180873233587315 39.02439495331777 
0.3 -1.114889673931609 2.7629341980174598 
0.3 -3.0418195522967144 2.8169443087513333 
0.3 -0.9657309872963697 2.7516617582853446 
0.3 -3.117599022017715 2.8393765992272755 
0.5 -1.024324300680993 2.7547945596037393 
0.4 -1.0837664631772306 2.7628353087251085 
