-1.0 [[18.31464363437886], [2.4227547479105955, 83.02406517123767, 93.60826670531841], [2.011762123974764, 13.595556403248235], [1.2072923465727778, 4.977742062595689]] 
-1.0 [[4.225575145696572], [2.4755271757964716, 77.42639503087378, 93.60826670531841], [1.859613383153099, 63.86162759436407], [1.2291858961279862, 1.1130524511875084]] 
0.7 [[3.142888192261278], [2.4006608107434975, 88.52093139288002, 93.60826670531841], [0.3839580480463405, 95.73591191538846], [1.1116256150035164, 1.6915794683430312]] 
0.7 [[2.5240121227968615], [2.391009736969393, 88.52093139288002, 93.60826670531841], [0.8385832046822257, 95.81097309827125], [4.486045683758585, 1.6537625309019697]] 
-0.9 [[18.811444162720036], [2.4762301246254834, 101.302536827299, 93.60826670531841], [2.428184883759117, 9.157337137939297], [1.2123416901546777, 1.3125099452674862]] 
-0.9 [[5.386457376320878], [2.5, 78.12988618662476, 93.60826670531841], [1.8642346805885452, 56.156634537250824], [0.3583464745174856, 1.1304068851586178]] 
-0.9 [[18.811444162720036], [2.4998033241832145, 95.85653375820408, 93.60826670531841], [2.437928526798527, 13.512285051626499], [1.9313227750913247, 0.6234284528663999]] 
0.6 [[33.053275047205005], [2.4914857468447815, 196.73743983223642, 2.5], [0.8897747129272012, 1.0197878836815377], [2.202648009504302, 1.301360778571505]] 
0.6 [[34.235366728607175], [2.488469134299967, 197.39319119031137, 2.5], [0.8897747129272012, 1.0197878836815377], [1.0609296369213657, 0.6844545445721759]] 
0.3 [[4.385398061724384], [2.433433466610156, 36.57166626585399, 93.60826670531841], [2.0149908654491973, 104.9073961959642], [2.1989975663583348, 0.48786517630481185]] 
0.3 [[35.12151499215643], [2.5, 82.69961989420068, 93.60826670531841], [0.8614270832898308, 0.44356941346129997], [4.486132436446554, 4.424445284171641]] 
0.3 [[5.361627186030454], [2.5, 82.56714330566129, 93.60826670531841], [0.8754417559265888, 63.89840561721522], [1.4605270683116982, 5.4977663505281615]] 
0.3 [[40.24158299124534], [2.5, 82.69961989420068, 93.60826670531841], [0.8614270832898308, 1.8421224233698215], [1.328733640261486, 5.4323740875129705]] 
0.5 [[0.6256379764648541], [2.498357907086333, 85.12404247907455, 93.60826670531841], [2.019794141987779, 24.737865829105846], [4.398833924345147, 1.317707534589721]] 
0.4 [[5.379217383316961], [2.4340352399797966, 36.57166626585399, 93.60826670531841], [2.0132017951639756, 104.9073961959642], [2.225319387540846, 0.48786517630481185]] 
