0.7 -120.20404021850368 263.8620273354958 
0.7 -120.20404021850368 263.8636364996819 
0.7 -120.20404021850368 263.8618561988672 
0.7 -120.20404021850368 39.00793956970763 
0.7 -120.20404021850368 39.14065974200094 
0.7 -120.20404021850368 39.01838738618967 
0.7 -120.20404021850368 39.201159069973286 
0.7 -120.20404021850368 39.01575655720545 
0.7 -120.20404021850368 39.00799158419262 
0.7 -0.44215968752439494 39.02810704976441 
0.7 -120.20404021850368 39.014738340073656 
0.7 -120.20404021850368 39.00686498442112 
0.7 -120.20404021850368 39.01452256332735 
0.7 -120.20404021850368 39.01630333839189 
0.7 -0.36003221330007307 39.23221283659195 
0.7 -120.20404021850368 39.55101174324444 
0.7 -120.20404021850368 39.0193213627835 
0.7 -120.20404021850368 39.00796916731772 
0.7 -120.20404021850368 39.01463405567377 
0.7 -120.20404021850368 39.01473386337454 
0.7 -120.20404021850368 39.00686110030406 
0.7 -120.20404021850368 39.20876307377328 
0.7 -120.20404021850368 39.02107614856412 
0.7 -120.20404021850368 39.017970364369376 
1.5 -120.37621672086163 266.2978828798053 
1.5 -0.5286332486558649 40.96267315812691 
1.5 -120.37621672086163 42.45630041512512 
1.5 -120.37554776411156 39.04122240552213 
1.5 -120.37621785034915 42.45283235830891 
1.5 -0.4371673536097944 260.02062697869474 
1.5 -120.37621672086163 43.2759981632913 
1.5 -120.37554776411156 39.01537010603507 
1.5 -120.37621334534582 42.5011433565216 
1.5 -120.37554776411156 39.01758834144974 
1.5 -0.5288509138116524 42.45784712042519 
1.5 -120.37554776411156 39.016390106875775 
1.5 -120.37621785034915 42.452832358449236 
1.5 -120.37554776411156 39.061962572459116 
1.5 -0.5288509138116524 42.45169165655366 
1.5 -120.37554776411156 39.01711658925494 
1.5 -120.74415663763217 39.029174195086526 
1.5 -0.5283491952564248 39.01588519182296 
0.6 -120.19524929117931 128.31282440427532 
0.6 -120.18777681901928 39.04283894298635 
0.6 -120.19524929117931 128.3128243020312 
0.6 -120.19524929117931 128.30954436302665 
0.6 -120.22503615543751 40.960261166709806 
0.6 -0.2786733938388437 284.84922903823315 
0.6 -0.2786733938388437 127.34678098641834 
0.6 -0.8315635700101893 39.02726574800335 
0.6 -0.2786733938388437 39.38689697161429 
0.6 -120.18777681901928 39.01816573149198 
0.6 -120.18777681901928 39.032279122056536 
0.6 -0.2786733938388437 39.02836478936501 
0.6 -120.18777681901928 39.05134180667329 
0.6 -0.8315635700101893 39.021323245165945 
0.6 0.7876540192201844 39.0708179646656 
0.6 -120.19597627357643 39.02665508981333 
0.6 -120.19524929117931 39.04700731575339 
0.6 -0.7898414707561017 3.828251348181224 
0.6 0.7876540192201844 3.823920445607748 
0.6 -120.18777681901928 39.01702845838 
0.6 -0.8315635700101893 39.026362595934344 
0.6 -0.7502033009346007 39.04453034050092 
4.3 -121.38611365837548 39.021315936010666 
4.3 -121.38611365837548 39.02136032356962 
4.3 -121.38609972800374 32.47552939676555 
4.3 -121.38626061952172 3.8174676622081667 
4.3 -121.3862698538411 39.01584162490893 
4.3 -121.3862698538411 39.01583802109895 
4.3 -121.38613620386896 4.63618806782602 
4.3 -121.3862698538411 39.01585484625822 
4.3 -121.38629014278987 39.01616783678496 
4.3 -121.38626061952172 3.9077163907063377 
4.3 -121.41167738223979 39.01659578198813 
3.0 -120.93372644608878 352.1664569892676 
3.0 -120.9337316863863 15.268745254776983 
3.0 -120.93360119588593 39.032914911026104 
3.0 -120.9337316863863 40.86892793369592 
3.0 -120.93367038901478 39.02711756034727 
3.0 -120.93371106506017 28.46668817267543 
4.8 -121.54090959994159 4.526499555667305 
4.8 -121.55803006845397 4.527310327872166 
4.8 -121.54087869544782 4.49244250529917 
4.8 -121.54084909880925 4.497320256221691 
4.8 -121.55802869493606 39.10239259290525 
4.8 -121.54091002129663 26.882425078992433 
4.8 -121.64203312990064 39.38522405934278 
4.8 -121.54103668213847 26.871536535311336 
4.8 -121.54126828788608 15.178825965443611 
4.8 -121.54083660284796 39.02141651826357 
4.8 -121.54087869544782 4.483309780962494 
4.8 -121.54229962196038 39.03006006236386 
4.8 -121.54825048708058 15.192780844818856 
4.8 -121.55872096949666 39.022574781600184 
4.8 -121.54090935001092 19.395048702812836 
4.8 -121.54229295173218 39.293685035520376 
4.8 -121.54083612880059 39.02731801222323 
-0.7 -0.624627085755904 25.407734292484857 
-0.7 -2.571941366321994 105.2013276852132 
-0.7 -2.571941366321994 39.14069785347927 
-0.7 -2.571941366321994 39.02552360976096 
-0.7 -2.571941366321994 39.03939308135712 
-0.7 -0.566205275478481 19.368720108171832 
-0.7 -2.571941366321994 39.03872978050251 
-0.7 -0.566205275478481 39.04600954790101 
-0.7 -0.566205275478481 39.033920781906346 
-0.7 -0.624627085755904 42.356783712130536 
-0.7 -2.571941366321994 42.345042686795026 
-0.7 -2.571941366321994 42.349234735458325 
-0.7 -0.566205275478481 39.04610668905038 
-0.7 -0.566205275478481 19.383124399866436 
-0.7 -0.624627085755904 25.368918036278302 
-0.7 -0.566205275478481 19.332058444840552 
-0.7 -0.566205275478481 39.02702445566651 
-0.7 -0.566205275478481 39.04565167356539 
-0.7 -0.624627085755904 39.02169190530795 
-0.7 -2.571941366321994 3.8330728686173257 
-0.7 -0.624627085755904 3.8171345791542013 
-0.7 -0.566205275478481 3.8230996964010164 
-0.4 -0.5689151832035435 39.952586200207264 
-0.4 -2.5652912077640906 39.02159840362423 
-0.4 -0.2819069375664185 128.37536931013082 
-0.4 -0.5689151832035435 39.0258688637661 
-0.4 -2.5652912077640906 39.324153939635956 
-0.4 -2.5652912077640906 39.02160675760252 
-0.4 -0.5689151832035435 39.02172873521123 
-0.4 -2.5652912077640906 39.01441076062327 
2.2 -120.61605584852013 10.751190324538747 
2.2 -120.61605584852013 10.751208581546372 
2.2 -120.6160254005288 10.751332187815981 
2.2 -120.61611305556679 39.03076868908905 
2.2 -120.61660344235798 39.03057864731954 
2.2 -120.61610981915541 39.05017432925376 
2.2 -120.61544135643925 28.48012776040829 
2.2 -120.61611715812798 39.01850527189529 
2.2 -121.01331563614025 39.02582508223784 
2.2 -120.64877867142468 19.326810675772492 
2.2 -121.01264166920824 10.739581686580348 
2.2 -120.61543977406423 4.626580571152381 
3.8 -121.22110871157633 94.23131960617982 
3.8 -121.2211096956256 288.24042570173975 
3.8 -121.22116008379464 39.022089140441494 
3.8 -121.2211096956256 40.49605520891586 
3.8 -121.22116008379464 39.03909476267468 
3.8 -121.22110871157633 94.23131958534432 
3.8 -121.22116008379464 39.02134381856366 
3.8 -121.2210816003827 39.01828980546078 
3.8 -121.22116784512463 39.02124695788668 
3.8 -121.22108466340885 42.471815155712434 
3.8 -121.22157843204872 39.01455870400649 
3.8 -121.2426215807577 3.801463020293251 
3.8 -121.24260377956625 39.01550210939305 
3.8 -121.22108140636966 39.0165413002278 
0.3 -2.8551470620051873 193.22052063122447 
0.3 -2.8551482397976997 10.754027421733298 
0.3 -2.8551476151958184 3.893030487906561 
0.3 -120.09084061070818 10.759686907304822 
0.3 -120.31320385976042 39.01206378891768 
0.3 -2.8551482397976997 10.759647935099677 
0.3 -120.09084061070818 39.02090786572175 
0.3 -2.855149579636631 10.758738001439681 
0.3 -2.8551482397976997 10.754066300497241 
0.3 -120.09084061070818 39.02064432583564 
0.3 -2.855147615195804 39.023418074654664 
0.3 -2.8551476151958184 28.476052075463887 
0.3 -120.09084061070818 10.75873800693871 
0.3 -2.8551476151958184 42.03287656785292 
0.3 -2.8551482397976997 39.01314680870257 
0.3 -2.855149579636631 39.0583373789147 
0.3 -120.09084061070818 42.022512022943275 
0.3 -120.31320385976042 10.75791252146574 
0.3 -2.8551476151958184 10.763791010530928 
0.3 -120.31320385976042 39.020803960520105 
0.3 -120.31320385976042 10.759575122622886 
0.3 -2.8551476151958184 39.02800273533896 
0.3 -120.31320385976042 10.781502188088162 
0.3 -120.31320385976042 10.823232708777782 
0.3 -120.31320385976042 39.0165317975838 
0.3 -120.31320385976042 10.781655906719857 
0.3 -120.09307414013526 39.02009127879733 
0.3 -120.31320385976042 39.07402812069455 
0.3 -120.31320385976042 10.75785338209875 
0.3 -120.31320385976042 39.0221733417221 
2.3 -120.16287254849725 352.1280427005508 
2.3 -120.16287738809496 76.59258771871963 
2.3 -120.15269332207075 3.8185725430651676 
2.3 -120.16282096906491 39.016516585982416 
2.3 -120.68830703619444 3.817639307181026 
2.3 -120.16281987928456 3.8179023803643273 
2.3 -120.68830756918285 3.903510044990038 
2.3 -120.68830703619444 3.828354502358896 
2.3 -120.68830756918285 39.01789384288451 
2.3 -120.68830703619444 3.8744874978380843 
2.3 -120.68830703619444 3.817853963132831 
2.3 -120.68830703619444 3.9259322761901783 
2.3 -120.68830703619444 39.441704977895995 
2.3 -120.68863470951891 39.01999398698396 
2.3 -120.68830756918285 3.903509886837835 
2.3 -120.68830703619444 39.0177114789136 
2.3 -120.68830703619444 3.8346773577935163 
2.3 -120.68830703619444 39.023604520201005 
3.4 -121.0811525715234 179.85056270738167 
3.4 -121.08108313805549 179.84967075726973 
3.4 -121.08111190629364 39.041478296908885 
3.4 -121.0810595301533 39.01406342550068 
3.4 -121.08114970877746 179.84941556457935 
3.4 -121.08118602064734 39.036503556640994 
3.4 -121.08133241722909 39.018039918300076 
3.4 -121.10499795890388 39.01521235245639 
3.4 -121.10510222924133 39.0217313644947 
3.4 -121.08108481153413 39.021105263986215 
3.4 -121.08118263453491 39.021315032593726 
3.4 -121.199771440061 39.022088355966545 
3.4 -121.42190678256459 19.337936005440145 
3.4 -121.42190678256459 19.337752309892583 
3.4 -121.08184331029281 39.0283871479162 
1.0 -120.21813287255645 284.84934386371737 
1.0 -120.21813287255645 284.8490543751584 
1.0 -120.26594766517152 39.098099183773115 
1.0 -120.52812766997087 39.41411104750988 
4.0 -121.28839234868703 230.60568582388706 
4.0 -121.28839234868703 39.036479254914646 
4.0 -121.28839792309739 39.406456363397275 
4.0 -121.28839730430319 26.8607258465166 
4.0 -121.28844773354587 39.145113180628414 
4.0 -121.30541861771471 39.01986179839585 
4.0 -121.30891027831888 39.021501310438346 
4.0 -121.30891780363045 39.01932117476335 
4.0 -121.308939779231 39.022010483567136 
4.0 -121.3089199138498 39.07539930612123 
4.0 -121.28839776453083 26.860878205147205 
4.0 -121.59656087662363 26.8502417026073 
-0.5 -0.28479218917131277 20.685852311130493 
-0.5 -0.28479218917131277 41.94586308683381 
-0.5 -0.28479218917131277 20.688352546193425 
-0.5 -2.5683362463572053 39.26114053075475 
-0.5 -0.5673397076695039 41.615927428828876 
3.1 -120.97108971331471 91.57461074531957 
3.1 -120.9712095391946 90.01494417527718 
3.1 -120.97115058442422 42.030693996272376 
3.1 -120.97118436214089 42.026933822913485 
2.6 -120.7785187969407 22.03996601662789 
2.6 -120.80742691704442 39.01947625858046 
2.6 -120.77852173394483 39.017398697779576 
2.6 -120.80742155097681 39.03863728333329 
2.6 -120.77850854175333 26.911965882695284 
2.6 -120.77850327406674 39.78514623630462 
2.6 -120.7784988813016 39.04774119619816 
2.6 -120.77852189903615 39.022330469328644 
2.6 -120.77852139473327 39.01926130196381 
2.6 -120.77851927954435 20.626893219240007 
2.6 -120.78555070804157 20.616687659265576 
2.6 -120.80742155097681 39.022473351766926 
3.6 -121.15199652974307 39.0243119640075 
3.6 -121.16347508622593 39.02021696407185 
3.6 -121.17469361536334 39.01896580440983 
3.6 -121.15888337680666 39.01895689409046 
3.6 -121.17469361536334 39.018965501264326 
3.6 -121.17469361536334 39.01894457140331 
3.6 -121.15195971479247 32.47817223886629 
3.6 -121.152066820752 39.016330994678405 
3.6 -121.1519991412479 28.48928775189913 
3.6 -121.15202291930316 28.491944940717598 
3.6 -121.15222438448146 39.06275992441626 
3.6 -121.1528626065702 39.39814329364398 
3.6 -121.15243722513455 39.03023441912256 
3.6 -121.15202291930316 28.48999629819359 
3.9 -121.06339883367446 102.57417095298062 
3.9 -121.25495604284019 28.00835555407994 
3.9 -121.25497201264619 26.86133675878844 
3.9 -121.25495636515171 27.998474779162304 
3.9 -121.25497201264619 26.86191669713694 
3.9 -121.2550205017873 39.032066810584666 
3.9 -121.25496059752982 39.0209474612415 
3.9 -121.25497201264619 26.861010659174745 
3.9 -121.25497489784127 39.217465025145586 
3.9 -121.25496480854632 39.020422434683354 
3.9 -121.25497315157064 39.02303880751914 
3.9 -121.25501818820732 39.21796512895169 
3.9 -121.25497201264619 26.86127643775523 
3.9 -121.25498304646996 20.62095922452303 
3.9 -121.2550218760398 39.20219310163595 
3.9 -121.25497786209247 39.01961592091581 
3.9 -121.25497461116368 39.025465048307396 
3.9 -121.2549756450089 39.017079012714476 
3.9 -121.25497376309879 26.8723457162202 
3.9 -121.2549756450089 39.01695168828067 
3.9 -121.27595626748554 3.8986806060345356 
3.9 -121.27592970109455 3.832384354664201 
4.7 -121.39763217987037 179.78845343576558 
4.7 -121.51155958045321 39.02352069356872 
4.7 -121.51201659807977 39.06521029992278 
4.7 -121.51066991621505 39.0401586207073 
4.7 -121.51084230727155 39.022068738270946 
4.7 -121.51168911610928 39.025674909709 
4.7 -121.51079447564275 39.02881300759923 
4.7 -121.51169074465588 39.027107334503974 
4.7 -121.7957891824959 39.412360054796814 
4.7 -121.7957891824959 39.41373072509367 
4.7 -121.51079350232071 39.02821153243811 
4.7 -121.52802935124046 3.803033853206311 
4.7 -121.53606207005133 39.40653128516861 
4.7 -121.5110025190666 39.406774389519136 
4.7 -121.7957891824959 39.412739486470535 
4.7 -121.52241470733874 15.182327931133889 
4.7 -121.51102910442361 39.015665935005714 
4.7 -121.7957891824959 39.43457092136405 
4.7 -121.51083299493303 39.39764000062588 
4.7 -121.51074271297651 39.029889521756296 
4.7 -121.51329709063249 15.180741294631847 
4.7 -121.51078976512646 4.710995652103079 
4.7 -121.51166767136836 4.488923233300762 
4.7 -121.80368125958908 39.412358170885206 
1.3 -120.31362363650659 39.043253088314245 
1.3 -120.31362363650659 39.01782775720066 
1.3 -120.313830028186 39.01616302160214 
1.3 -120.65377892621895 39.089028958834625 
1.3 -120.78657323825894 39.08814944559005 
1.3 -120.78657323825894 39.38604646533739 
1.6 -0.7515076743184892 42.06288058481189 
1.6 -120.36896568926588 15.19051312371604 
1.6 -120.36896568926588 15.191855280704218 
1.6 -120.36896568926588 15.180240987600225 
1.6 -120.36961288312665 39.017507051091826 
1.6 -120.36896568926588 39.02571469683021 
1.6 -120.36896568926588 39.024968971503675 
1.6 -120.36896568926588 15.17883212742278 
1.6 -120.36896876995942 39.01568174356802 
1.6 -120.36896568926588 15.18010602780747 
1.6 -120.36896876995942 39.04501387436656 
1.6 -0.7509657876253897 3.8892538509525547 
1.6 -120.36896876995942 28.475941084134686 
1.6 -120.36896876995942 19.312643577103906 
1.6 -0.7427212729606509 19.30851454910406 
1.6 -120.36896876995942 19.3318219361251 
1.6 -120.36853213626496 39.01808378530985 
1.6 -120.39674448985872 19.31199805702954 
1.6 -120.36896876995942 39.01565278247263 
1.6 -120.49713774385852 19.316571369638186 
2.4 -120.6712809677847 39.016700813975035 
2.4 -120.67133519502632 20.615403750371506 
2.4 -120.6712809677847 39.421089179285325 
2.4 -120.67013199487295 39.201367152928654 
2.4 -120.82525701397103 39.026425705553585 
2.4 -121.08592153723707 39.02096364383115 
2.4 -120.68996069518721 26.860039208898538 
2.4 -120.82521140300584 39.02089876007087 
2.4 -120.73052792958144 19.322793265424888 
2.4 -120.67128118444508 19.322334885940926 
2.4 -120.7571307947935 39.01667780589843 
2.4 -120.8250899055777 39.01532124420334 
0.1 -0.05979311607080717 353.40962844338355 
3.5 -121.1398475516223 262.63222486612676 
3.5 -121.1398899134697 39.0273524342838 
3.5 -121.13988623927752 39.01778925734298 
3.5 -121.13988616375372 39.01781662346381 
3.5 -121.1251298164498 39.02769405012089 
3.5 -121.11679607739276 39.03420581355931 
3.5 -121.11687080706044 39.015494157885236 
3.5 -121.11724469877613 39.01785386152496 
3.5 -121.11723198815618 39.01597024041817 
3.5 -121.1176054183058 39.01596150672506 
3.5 -121.12509020082784 39.01472454872665 
3.5 -121.14513534586659 19.339779698666636 
3.5 -121.11750489388413 28.508846955242543 
2.8 -120.97821464299058 39.02777303194723 
2.8 -120.857096787292 39.015811683548534 
2.8 -120.97756937545668 39.02456807694471 
2.8 -121.22045538804176 39.05557891334299 
2.8 -120.85710878132795 39.488589544761155 
2.8 -120.85939422629083 39.06343947919344 
2.8 -121.00949856279772 15.158386777603251 
2.8 -121.22854006220143 39.05075619272938 
2.8 -120.80087607227405 10.847257703052582 
2.8 -121.22829697697667 39.02204281546321 
1.7 0.1045331030134804 192.41289719023237 
1.7 0.1045331030134804 194.62206888726834 
1.7 0.10442145640429601 284.84924138148193 
1.7 -1.8321064805503084 40.022670091958226 
1.7 -120.82398712422045 39.02835349963828 
1.7 -1.832761937776226 39.017089469196605 
1.7 -120.82426396496214 39.028972256112176 
1.7 -120.43254472025689 19.3250793127045 
1.7 -1.8333843515038666 15.173809149909319 
1.7 -1.8333169912136782 19.323399202043117 
1.7 -1.8333169912136782 39.017068523465696 
1.7 -120.43254472025689 39.02457570380933 
1.7 -1.8333843515038666 39.02391030224838 
1.7 -120.43254472025689 39.0233732071009 
1.7 -1.8333843515038666 26.861935280499864 
1.7 -120.43254472025689 19.32591179088686 
1.7 -1.8333843515038666 39.02950519219558 
1.7 -120.43254472025689 39.022909922075186 
1.7 -120.43254472025689 39.017450695450414 
1.7 -120.43254472025689 39.02515572433385 
1.7 -1.8333169912136782 19.33051470640638 
1.7 -120.43254472025689 19.344210761730334 
1.7 -120.43254472025689 39.02475894519418 
1.7 -120.43254472025689 19.325246019344423 
2.1 -119.85617359123273 153.90618211859044 
2.1 -120.37279086006865 325.4365342330844 
2.1 -120.56888730753133 39.02456062190208 
2.1 -120.56900656466537 39.02844492202151 
2.1 -120.56888730753133 39.02458378610458 
2.1 -120.5749668764405 39.02104434592394 
2.1 -120.56878001348629 39.03557775214374 
2.1 -120.56856901533996 3.83283811183998 
2.1 -119.85613761860205 32.47202017398272 
2.1 -120.56878001348629 39.02439182299898 
2.1 -119.85617664696386 39.085822262700034 
2.1 -120.5749668764405 39.021416998727815 
2.1 -120.56923443613995 39.021665513994094 
2.1 -120.56856901533996 3.830284677994414 
2.1 -120.56856901533996 3.8313302435759002 
2.1 -119.85617073864609 4.519992408770345 
2.1 -120.56856901533996 39.018846088813326 
2.1 -120.56841164744324 3.8177085385804883 
2.1 -119.85634354927424 3.8196499892320794 
0.8 -0.5921749054400891 26.86833953332017 
0.8 -0.5760978116837805 39.53076269065198 
0.8 -0.03899294671933262 39.014829334375854 
4.4 -121.41999972918914 39.0245820018838 
4.4 -121.41822636491733 10.754952820783478 
4.4 -121.41789842175348 39.02350254403881 
4.4 -121.4175775222557 39.015566008087454 
4.4 -121.43650452200465 39.81708399534311 
4.4 -121.41788982404564 39.02263551880817 
4.4 -121.41788854862796 39.049193976458085 
2.5 -120.73847038391706 22.04083922046603 
2.5 -120.61485656255601 89.12931255727004 
2.5 -120.73847038391706 22.039866533874175 
2.5 -120.73847038391706 39.01775869441435 
2.5 -120.73847038391706 22.04049622061747 
2.5 -120.73847038391706 39.78649858166618 
2.5 -120.73847038391706 20.61741353805618 
2.5 -120.73851641652927 20.705685771596904 
2.5 -120.73849505111079 15.244093799163721 
2.5 -120.73862394376769 39.02843021170558 
2.5 -120.73847193908684 39.02285142125066 
2.5 -120.73851641652927 20.705824008730673 
2.5 -120.73849505111079 15.244156066910524 
2.5 -120.73849505111079 15.254163477375016 
2.5 -120.73847112712845 10.758625792717377 
2.5 -120.73849505111079 15.243901133844128 
2.5 -120.73856869787619 15.188250203157866 
2.5 -120.73849505111079 15.261117220559719 
2.5 -120.73847038391706 39.03441693026383 
2.5 -120.73849505111079 39.042550618106404 
2.5 -120.73847112712845 22.03959010837216 
2.5 -120.73851641652927 39.03069045925982 
2.5 -120.73847038391706 39.032715943595036 
2.5 -120.73862394376769 39.027891653788224 
2.5 -120.73905284460342 3.8364964458785877 
4.5 -121.44922200351198 4.51787076535289 
4.5 -121.44923651600865 4.520277888891306 
4.5 -121.44924904939359 4.628566606231253 
4.5 -121.4492337761673 4.520293270533577 
4.5 -121.44935901399423 39.565964402871344 
4.5 -121.4492447986814 39.02540318063227 
4.5 -121.44925277508521 4.6286601213731755 
4.5 -121.44924507624552 39.72559907206062 
4.5 -121.44957956264408 39.54665789419474 
4.5 -121.44959240277515 39.5584886955517 
4.5 -121.44925277508521 39.04453401776385 
4.5 -121.44920933550439 39.02535461883781 
4.5 -121.46749648718821 39.55672359448904 
4.5 -121.4492447986814 39.03831902672849 
4.5 -121.44921356515701 39.558009202428416 
4.5 -121.4492594102201 39.03877235632586 
4.5 -121.44923823554261 4.519800497928074 
4.5 -121.44924904939359 4.626542621137409 
4.5 -121.46754469770997 39.3764175390576 
4.5 -121.44923645843407 39.123496236572656 
4.5 -121.44925277508521 39.05099754287307 
4.5 -121.4541213412164 39.37341806991899 
4.5 -121.46090867724016 39.018908514547356 
4.5 -121.44924716057594 39.03738857574523 
4.5 -121.4492594102201 39.11224435098031 
4.5 -121.44925277508521 4.631651038306084 
4.5 -121.44923828220149 39.07992753414554 
4.5 -121.44952679856384 10.709975202721608 
4.5 -121.44923730296321 39.016119092887486 
4.5 -121.44995129424157 39.0071917149717 
4.5 -121.44925277508521 4.6286562055168075 
4.5 -121.449228651205 4.441625824968751 
4.5 -121.44923651600865 4.522509609711766 
4.5 -121.44923823554261 4.509303910281356 
4.5 -121.45034367144956 10.752098288216565 
4.5 -121.44923583952207 4.524727304250274 
4.5 -121.44923730296321 39.01593198695285 
4.5 -121.44995111160071 4.632612458224635 
4.5 -121.44923642852878 39.059558771989124 
4.9 -121.571308183446 4.523844461823241 
4.9 -121.57274983619452 19.379789571597126 
4.9 -121.57061529315428 39.02190645929559 
4.9 -121.57262544743439 19.33377821337989 
4.9 -121.57275477926697 39.051273277543594 
4.9 -121.57785215930272 4.525116497235235 
4.9 -121.58733007093156 39.03215322014948 
4.9 -121.57125352715939 39.310175363676315 
4.9 -121.58733007093156 39.03318767873963 
4.9 -121.57165228339746 39.05998960841637 
4.9 -121.57569200943719 39.13527044874771 
4.9 -121.57072435463034 26.876062621463664 
4.9 -121.5873140685717 39.02588524216969 
4.9 -121.57259872203926 39.032140848532116 
4.9 -121.58729086729721 39.023280741866 
4.9 -121.57289640658415 39.01682749159712 
4.9 -121.57072435463034 39.03125652297685 
4.9 -121.58733007093156 39.03311777550967 
4.9 -121.5873140685717 39.03292568657887 
4.9 -121.57072728493718 4.519972584659723 
4.9 -121.57072456091981 39.05151371967036 
4.9 -121.57072728493718 4.517645989550025 
4.9 -121.57072456683014 39.031844134395065 
4.9 -121.57127523790965 39.030156325302954 
4.9 -121.5707234780494 19.379255826730958 
4.9 -121.57072755231366 4.513150465535414 
4.9 -121.57072691313056 4.513699028400104 
4.9 -121.57072456683014 39.08653547095184 
4.9 -121.57297401366911 15.181563649794025 
4.9 -121.4288208459771 15.157567664262068 
4.9 -121.57259648218853 15.185073344709474 
4.9 -121.57072720282348 4.513130937175848 
4.9 -121.57072456683014 39.03065579410313 
4.9 -121.57072728493718 4.459413213687746 
4.9 -121.57068292073149 39.023115045888986 
3.3 -121.06934767592071 39.03664895125448 
3.3 -121.06934767592071 39.03680195024341 
3.3 -121.04507720400075 4.02325467033005 
3.3 -121.06932280438913 39.030740897073045 
3.3 -121.06929052713869 41.63069121039034 
3.3 -120.91135845025345 10.753779558018477 
3.3 -121.05088565911633 3.821512981277034 
3.3 -121.04490191480097 28.467839738102487 
3.3 -121.04492882827925 39.02656727349575 
3.3 -121.04496367463638 39.01759593362049 
3.3 -121.06928902694807 3.828192634542913 
3.3 -121.04490209172567 39.01968739726369 
3.3 -121.04492809197602 28.464635111390205 
3.3 -121.0449718322972 39.06798985893036 
3.3 -121.09783215493346 19.376285826736037 
3.3 -121.04492809197602 28.4908964607307 
3.3 -121.06928902694807 39.01706237986611 
3.3 -121.04577026276344 28.473940289781332 
3.3 -121.16515780978375 19.37667643711218 
3.3 -121.09778358607292 39.02241519562555 
0.5 0.7946172491253662 39.02786223176712 
0.5 -0.1777815241356393 39.025830101033016 
0.5 -0.1791559019536919 3.8026592572862232 
0.5 0.7946172491253662 39.260880426713875 
0.5 0.7946172491253662 26.87550557428132 
0.5 -0.1791559019536919 39.01543524485364 
0.5 -0.1791559019536919 39.01442236546227 
0.5 -120.37094806968051 39.05049901343596 
0.5 0.7946172491253662 39.01492623629313 
0.5 0.7946172491253662 39.01442853166453 
0.5 -0.17839330900413586 3.8017304243883894 
0.5 -120.20411877963636 39.015153368329734 
0.5 -0.1791559019536919 3.8009292392230534 
3.2 -120.86358308852598 242.074541159871 
3.2 -121.00828177676934 32.47817223886629 
3.2 -121.00828177676934 293.9727804071719 
3.2 -121.00834715608367 39.038002395357516 
3.2 -121.00834715608367 39.03555295785737 
3.2 -121.00834715608367 39.02951021115609 
3.2 -121.122562823259 39.031307891154746 
3.2 -121.00834715608367 39.02358465879813 
3.2 -121.00902187590195 39.02877189608968 
3.2 -121.0090299771968 39.01936506725159 
3.2 -121.00834715608367 39.024546600534116 
3.2 -121.01198101271332 39.02264093324707 
3.2 -121.00828177676934 42.781496729779924 
3.2 -121.00917130736276 39.02865882531306 
3.2 -121.00834715608367 39.03048228960336 
3.2 -121.00828177676934 32.46490779841261 
3.2 -121.00828177676934 32.46462582399422 
3.2 -121.00840006339736 39.01614738943897 
3.2 -121.00828509263633 32.46329455038529 
3.2 -121.02081158611003 28.473325112326975 
3.2 -121.0331791590246 39.030754423147 
3.2 -121.01328329681336 15.170430701144795 
3.2 -121.0121364892109 39.020825736210746 
3.2 -121.00831584407 28.476083772066442 
3.2 -121.00842599929237 39.01556082319404 
3.2 -121.00840006339736 39.01549456264363 
3.2 -121.00815871349731 28.473311573509953 
-0.8 -0.5648923777708603 28.012978431600125 
-0.8 -0.5648923777708603 359.4136052212181 
-0.8 -0.5648923777708603 39.02586473745844 
-0.8 -0.5648923777708603 39.28191849700761 
-0.8 -0.5648923777708603 3.998801159911571 
-0.8 -0.5648923777708603 128.30951310788524 
-0.8 -0.5648923777708603 26.866157004936785 
-0.8 -0.5648923777708603 4.000636289616101 
-0.8 -0.5648923777708603 3.999393684472476 
-0.8 -2.575469123980966 39.025194241803256 
-0.8 -0.5648923777708603 3.866251322761859 
-0.8 -0.5648923777708603 4.0676011688947105 
-0.8 -2.575469123980966 39.025368595269065 
-0.8 -2.575469123980966 39.03722512386469 
-0.8 -2.575469123980966 39.022383886564306 
-0.8 -2.575469123980966 3.855278872772077 
-0.8 -0.5648923777708603 3.844069386246172 
-0.8 -0.5648923777708603 3.8698424429919194 
-0.8 -2.575469123980966 3.8498222913461415 
-0.8 -2.575469123980966 3.819165693035986 
-0.8 -2.575469123980966 39.01614142874805 
-0.8 -0.5648923777708603 3.96007680046624 
-0.8 -0.5648923777708603 39.01641337848065 
-0.8 -2.575469123980966 39.01428051668914 
-0.8 -0.5648923777708603 39.18329677942763 
-0.8 -2.575469123980966 3.8190441012942062 
-0.8 -2.575469123980966 3.819043876007642 
-0.8 -0.5648923777708603 39.12963967005948 
4.2 -121.35399859188782 128.37426890134174 
4.2 -121.35399859188782 41.54592097895006 
4.2 -121.35399860930607 41.54608467773259 
4.2 -121.3540107047278 39.014673521480724 
4.2 -121.3539972561518 41.55269452851124 
4.2 -121.35401038854371 39.02204917135708 
4.2 -121.35401138622876 39.08424731109431 
4.2 -121.35404150183811 39.01808015655669 
4.2 -121.3540107047278 39.01485071515177 
4.2 -121.3540107047278 39.014824207369735 
4.2 -121.37991226386875 28.475001214758198 
4.2 -121.37358466318817 39.55697034777722 
4.2 -121.37992028393612 28.47931679894202 
4.2 -121.45511095927444 39.023355437197615 
4.2 -121.45647355939508 39.02300325050962 
4.2 -121.45511102712197 39.02491688284678 
4.2 -121.3540339326214 39.01642565111085 
1.2 -120.30935785937615 115.34816114617782 
1.2 -120.30935785937615 69.9410836558272 
1.2 -120.30942320428012 188.03555099509126 
1.2 -120.30935785937615 69.9412535374684 
1.2 -120.30935785937615 41.28378033873168 
1.2 -120.30937252181717 69.94325112530737 
1.2 -120.30942320428012 187.886774190502 
1.2 -120.30942320428012 187.88699498649189 
1.2 -120.31470948743049 69.94415841381169 
1.2 -120.30942320428012 68.82332216952622 
1.2 -120.31026460869566 68.82332733851824 
1.2 -120.30942320428012 19.419402267323623 
1.2 -120.31470948743049 39.03417382912546 
1.2 -120.31470948743049 39.127401137703416 
1.2 -120.30937252181717 19.370052860876388 
1.2 -120.31470948743049 39.08102295580043 
1.2 -120.31026460869566 19.37007131914129 
1.2 -120.31470948743049 19.414677780052195 
1.2 -120.31470948743049 19.414761431134153 
1.2 -120.31470948743049 39.02653892630401 
1.2 -120.31470948743049 19.414672128008625 
1.2 -120.31470948743049 39.06916963286826 
1.2 -120.31470948743049 39.022559513231975 
1.2 -120.31470948743049 39.051070069806094 
1.2 -120.31470948743049 4.437815496712795 
1.2 -120.31470948743049 19.37815594318569 
1.2 -120.31026460869566 39.014295828469905 
1.2 -120.30935785937615 4.448680587425257 
1.2 -120.31470948743049 4.44097031563065 
2.7 -120.81804660500096 15.421022185787631 
2.7 -120.93928101740339 15.192649518129478 
2.7 -120.81804660500096 39.10906387938576 
2.7 -120.81843173108355 15.216594990818844 
2.7 -120.81804660500096 15.420688443280998 
2.7 -120.94025194664215 39.02389805857072 
2.7 -120.81807304266556 39.05500500733669 
2.7 -120.81804687822888 42.03353345648507 
2.7 -120.94130349294291 39.02974403989177 
2.7 -120.94119593129824 39.029110558653834 
2.7 -120.81843173108355 39.134860537662114 
2.7 -120.93928101740339 15.19232479033116 
2.7 -120.9410276762348 39.02938034155397 
2.7 -120.94148226797503 15.251674884199714 
2.7 -120.81810720114835 20.62635029023024 
2.7 -120.81804927330893 39.032583725405516 
2.7 -120.94273905435553 15.237162830617553 
2.7 -120.81806597770745 15.275284624900118 
2.7 -120.84974443416989 39.02761642432203 
2.7 -120.81808973459378 39.06317371137003 
2.7 -120.81805297403699 20.622614640991753 
2.7 -120.8180432301741 39.02600176400381 
2.7 -120.93928101740339 15.191381735320311 
2.7 -120.99270631875099 15.158362505631674 
2.7 -120.84631514564005 39.01562040542931 
2.7 -120.81805351012493 39.02380264546272 
2.7 -121.19086587148728 39.018975172099644 
2.7 -120.81803194460657 3.9037645094565474 
4.1 -121.32143922239882 28.479465768329735 
4.1 -121.34144863824136 39.027091270183035 
4.1 -121.32146322306056 39.028103522255094 
4.1 -121.32145563184145 39.17846235273495 
4.1 -121.3214459425374 28.479917644161933 
4.1 -121.32146477954032 39.01088286877817 
1.8 -120.44103088646959 10.704622499702696 
1.8 -120.4411192492842 39.01882660963201 
1.8 -120.4411192492842 39.020512735230604 
1.8 -120.44109317241491 39.74977948824401 
1.8 -120.44103672621443 39.00600485628026 
1.8 -120.86202970132594 39.012063782620814 
1.8 -120.44109317241491 39.021005659397275 
1.8 -120.44045117211448 39.0213828615227 
1.8 -120.86202970132594 39.03883583043849 
1.8 -120.44108353509564 39.013284297058654 
1.8 -120.44103672621443 39.00594047628983 
1.8 -120.44103672621443 39.0057455994408 
1.8 -1.83824849076872 10.70521783881331 
1.8 -120.44103672621443 39.00587615304202 
1.8 -120.86202970132594 39.01208962246634 
1.8 -120.44106507972143 10.751828910200585 
1.8 -120.44035272745819 39.059808337593196 
1.8 -120.44035272745819 39.029204641990034 
1.8 -120.44108402076067 39.02439434521426 
1.8 -120.44037237157443 39.024165579079266 
1.8 -120.44036641869083 28.485829445655913 
1.8 -120.44106507972143 10.751190143604132 
1.8 -120.47520541439674 39.02482603803498 
0.4 -0.07794426823535616 125.86306317580544 
0.4 -0.05224053224226566 3.998625365053054 
0.4 -0.07794426823535616 116.91735282658809 
0.4 -0.05224053224226566 3.9986155627290825 
0.4 -0.07794426823535616 39.01949090594706 
0.4 -0.05224053224226566 39.03399539440954 
0.4 -0.05224053224226566 3.8385060104793696 
0.4 -0.07808336010361927 3.828251348181224 
0.4 -0.07808336010361927 3.840626715510596 
0.4 -0.05224053224226566 39.0181490882306 
0.4 -0.05224053224226566 28.480713751797847 
0.4 -0.07808336010361927 3.8224916393246806 
0.4 -0.07808336010361927 39.016970337120064 
0.4 -0.07808336010361927 39.016969601464375 
0.4 -0.07834875529073315 10.760021445453813 
0.4 -0.07808336010361927 4.541764092792402 
0.4 -0.07808336010361927 3.8012494042829235 
0.4 -0.07808336010361927 3.8268125470464174 
0.4 -0.08032360608093825 39.0150039115308 
0.4 -0.16545349836729883 3.8091017914346095 
0.4 -0.8926226769537777 39.79917760852113 
0.4 -0.07808336010361927 39.0143085340742 
0.4 -0.16545349836729883 39.0241145541866 
0.4 -0.07808336010361927 39.01414097100094 
0.4 -0.08032360608093825 3.8031680281142353 
0.4 -0.05224053224226566 39.015487751612476 
0.4 -0.07808336010361927 39.01441162857769 
0.4 -0.07808336010361927 39.02724989814339 
0.4 -0.05224053224226566 39.01549137130473 
0.4 -0.05224053224226566 39.03536373035449 
0.4 -0.05224053224226566 10.761677505865485 
0.4 -0.05224053224226566 3.8097077325042 
0.4 -0.05224053224226566 39.02208386671339 
0.4 -0.07794426823535616 39.014280820343885 
0.4 -0.05224053224226566 39.004278046829754 
0.4 -0.07808336010361927 3.8013154617086045 
0.4 -0.07808336010361927 39.014263454841405 
0.4 -0.07808336010361927 39.01436129092793 
0.4 -0.05224053224226566 39.017383924022646 
0.4 -0.05224053224226566 39.04298239854256 
-0.2 -0.015300073273408543 10.749052698256765 
-0.2 -0.7964206631451418 39.0207099661561 
-0.2 -0.8184259977966377 39.01824121755459 
-0.1 -120.08826908302159 28.47003924586201 
-0.1 -120.08826908302159 39.78944941205735 
-0.1 -120.08826908302159 28.470073845427812 
-0.1 -1.288106275722484 28.474029195460442 
-0.1 -120.08826908302159 39.021204783929704 
-0.1 -120.08826908302159 39.0213414727889 
-0.1 -120.08826908302159 39.02075710317824 
-0.1 -120.08826908302159 39.024777223804044 
-0.1 -120.08826908302159 28.477475813041103 
-0.1 -120.08826908302159 10.743161216434011 
-0.1 -120.08826908302159 39.015925551124106 
-0.1 -120.08826908302159 39.02331455359663 
-0.1 -120.08826908302159 10.858415398435506 
-0.1 -120.08826908302159 39.01610342737143 
-0.1 -120.08826908302159 10.746642115254172 
-0.1 -120.08826908302159 39.02414481269688 
-0.1 -120.08826908302159 39.01669295880878 
-0.1 -120.08826908302159 39.01878534970231 
-0.6 -0.28661015446252236 121.61754024209348 
-0.6 -0.5673127766782784 358.07601469102275 
-0.6 -0.5673127766782784 358.0756597916245 
-0.6 -2.5695214342223665 105.15839864369798 
-0.6 -0.5601886287767002 39.040337651603934 
-0.6 -0.5673127766782784 39.02439561665864 
-0.6 -0.5601886287767002 68.82336516502008 
-0.6 -2.5695214342223665 39.02457073622655 
-0.6 -0.5673127766782784 39.34037932239147 
-0.6 -0.5673127766782784 3.8730109441089144 
-0.6 -0.5673127766782784 39.02696259599973 
3.7 -121.1867949607477 304.0942311725313 
3.7 -121.19255145766716 303.0283063948717 
3.7 -121.19255145766716 303.02831112467084 
3.7 -121.19210029775347 303.02005967567675 
3.7 -121.19205064891483 303.019197115673 
3.7 -121.19628811372576 41.63675189419512 
3.7 -121.1867533899622 32.48629591968075 
3.7 -121.18687867424117 39.03565236815145 
3.7 -121.18717619869078 39.028729799151115 
3.7 -121.18679564372577 28.483587606085273 
3.7 -121.19489102383204 39.02585842015425 
3.7 -121.18813884939557 39.02628204344517 
3.7 -121.18687895608267 39.03664120766924 
3.7 -121.1868731347054 10.698512151518173 
3.7 -121.1870309398363 39.07974957974699 
3.7 -121.19628811372576 41.63675425610846 
3.7 -121.18690497537474 39.02556441696044 
3.7 -121.18686345063827 39.02439785624141 
3.7 -121.20884716421658 39.02234329069617 
3.7 -121.1867533899622 41.63601734284032 
3.7 -121.20908004863054 39.02172292314077 
3.7 -121.19706874000366 10.69855152947863 
3.7 -121.18690497537474 39.02134028943109 
3.7 -121.187055799288 39.02107762534365 
3.7 -121.18690827325705 39.096255536519806 
3.7 -121.209167083679 39.02410565261319 
3.7 -121.50713524110748 39.00321160465776 
3.7 -121.18929564912958 10.770322941083071 
3.7 -121.29302531576695 39.63415022314474 
3.7 -121.18929564912958 10.770323051033248 
3.7 -121.1873006672797 39.01793307908427 
3.7 -121.1873207791932 39.119554920539734 
3.7 -121.18699778912213 10.771251206801733 
2.0 -120.55862971857708 260.42506585978356 
2.0 -120.52917667418433 39.026928465355454 
2.0 -120.52918622926988 153.78504696298543 
2.0 -120.52944463645397 39.02171005515516 
2.0 -120.52919342034231 39.05175997059301 
2.0 -119.8074570763233 128.31232092995305 
2.0 -120.56137944048113 260.4216545697308 
2.0 -120.5478202700572 39.01814234830272 
2.0 -120.5531333542477 39.08883739939163 
2.0 -120.56170580332711 39.020636057530744 
4.6 -121.48012803077287 268.65043287657727 
4.6 -121.48018652949992 4.62712505906191 
4.6 -121.4801923180485 39.031656569181685 
4.6 -121.48019787970802 4.5333212101345834 
4.6 -121.48031466873904 39.053646918923306 
4.6 -121.47998615260488 26.86147563405597 
4.6 -121.48018652221934 4.534289379403609 
4.6 -121.48092323683196 39.0203843457001 
4.6 -121.480436693443 39.0320090090683 
4.6 -121.48220275983687 39.82892585266048 
4.6 -121.48023942569691 39.12602032080203 
4.6 -121.48220275983687 39.6414152862707 
4.6 -121.48016118479524 39.90428983487241 
4.6 -121.76630972009471 39.391444328202134 
4.6 -121.48019227274047 39.03357321480471 
4.6 -121.48016975613021 39.02923208302272 
4.6 -121.48019227274047 39.03323587334326 
0.2 -2.855193198150701 193.27322365010383 
0.2 -2.855193198150701 39.02957090714434 
0.2 -2.855193198150701 39.277881637630976 
0.2 -0.6415574759630118 39.81527589148976 
0.2 -2.855193198150701 39.03766357282019 
0.2 -0.07242579468065458 193.22061653475 
0.2 -2.855193198150701 39.03598873081415 
0.2 -2.855193198150701 39.030434757382785 
0.2 -2.855193198150701 39.01431954375206 
0.2 -0.6415574759630118 39.207363409378715 
0.2 -2.855193198150701 10.74496722518548 
2.9 -120.89563228907208 39.02455179191626 
2.9 -121.02486336092659 39.02409066599064 
2.9 -120.89570865294402 39.0285174890084 
2.9 -120.89567175596369 39.017267614380664 
2.9 -121.0251903275409 39.02263318929733 
2.9 -121.02519586470979 39.02264772174505 
2.9 -121.0251903275409 39.023675974173024 
2.9 -120.89563299309329 39.019119293109064 
2.9 -121.02230597418408 39.01555282703071 
2.9 -121.0247982847592 39.02199277410968 
2.9 -120.92248912048963 39.02173279847053 
2.9 -121.25428492175284 39.02228643897399 
2.9 -120.9512163463684 39.02472800835981 
2.9 -121.03060082275674 15.161499191228444 
2.9 -121.25865992435492 39.015756231779186 
2.9 -121.03818904938882 15.165155608015402 
-0.3 -0.8158489815791228 194.62343748500552 
-0.3 -0.2791172624822025 41.065903956083915 
-0.3 -0.8158489815791228 194.62231444453906 
-0.3 -0.8158489815791228 39.019852609147335 
-0.3 -0.2791172624822025 39.01916421754757 
-0.3 -2.5220562129379687 39.02092130251182 
-0.3 -0.8158489815791228 39.02599227223168 
-0.3 -0.8158489815791228 39.33534797754926 
-0.3 -2.5220562129379687 39.01970485034465 
-0.3 -2.5220562129379687 28.470386655248237 
1.9 -120.46519860249472 260.0199058600046 
1.9 -120.48680803961454 39.02830953159864 
1.9 -120.48673607793691 39.02285142125066 
1.9 -120.48682060374348 39.01508255827813 
1.9 -120.49044318868137 39.02704491091956 
-0.0 0.06947961224803123 28.51177682299984 
0.0 0.0 39.026534327337586 
-0.0 0.0 28.468493389211357 
-0.0 0.0 28.46080675296493 
-0.0 -120.61056315208488 39.0316776197669 
-0.0 -120.61056315208488 39.01831378049563 
-0.0 -120.23540990050044 39.02432447941102 
-0.0 0.0 39.01793440459913 
-0.0 0.0 39.017078677869 
-0.0 0.0 39.05824790796825 
1.4 -120.35571851145342 187.88689247864937 
1.4 -120.35561417542269 39.04122240552213 
1.4 -120.35571851145342 39.026971276871045 
1.4 -120.35571851145342 39.03154965350817 
1.4 -120.35571851145342 39.02819970393071 
1.4 -120.35571851145342 39.021843320840354 
1.4 -120.35571851145342 10.754027421733298 
1.4 -120.35571851145342 39.01777097292193 
1.4 -120.35760812461754 39.01923384938683 
1.4 -120.35571851145342 10.748064341493166 
1.4 -120.35583775893251 39.10897649753335 
1.4 -120.35606284667571 39.005409402333925 
1.4 -120.35561417542269 39.02893534334314 
1.4 -120.35570812653384 41.61760069541848 
1.4 -120.35606284667571 39.97920696529152 
1.4 -120.35641370071514 39.00540412383631 
1.4 -120.35849511259804 39.05465251412508 
1.4 -120.66780351103327 39.003211608840935 
1.4 -120.35571962424183 39.02435310727649 
1.4 -120.67729033817135 39.02336473117081 
1.4 -120.66780351103327 39.00322285427797 
1.4 -120.35606284667571 39.07758361028108 
1.4 -120.6772133576351 39.01377885419042 
1.1 -120.27743601633847 326.6697400108665 
1.1 -120.27743601633847 76.6049159706491 
1.1 -120.27743601633847 326.6691744502398 
1.1 -120.27743601633847 76.60486256497903 
1.1 -0.034262749712027585 352.12730512465333 
1.1 -120.27743601633847 39.054278383780726 
1.1 -0.034262749712027585 4.53173658757129 
1.1 -120.27743601633847 39.01746179419019 
1.1 -120.27743601633847 39.02275869508901 
1.1 -120.27743601633847 39.01609116396639 
1.1 -120.27743601633847 39.02402235164008 
1.1 -120.27743601633847 39.017667682160756 
1.1 -120.27743601633847 39.08992810647413 
1.1 -120.27743601633847 39.08980052458437 
1.1 -120.27743601633847 39.1022599707877 
1.1 -120.27743601633847 39.08539561722944 
1.1 -120.30614360373636 19.327444364771154 
1.1 -120.27743601633847 19.32437610513017 
1.1 -0.034262749712027585 39.030751135152045 
1.1 -120.30614360373636 19.34194805627953 
1.1 -120.27743601633847 4.4320399961353205 
1.1 -120.27743601633847 4.432632405337081 
