1.5 -120.74415663763217 39.029174195086526 
4.3 -121.38626061952172 3.8174676622081667 
4.8 -121.54090959994159 4.526499555667305 
4.8 -121.55803006845397 4.527310327872166 
4.8 -121.64203312990064 39.38522405934278 
4.8 -121.54087869544782 4.483309780962494 
-0.7 -0.624627085755904 3.8171345791542013 
2.2 -121.01331563614025 39.02582508223784 
2.2 -121.01264166920824 10.739581686580348 
2.2 -120.61543977406423 4.626580571152381 
3.8 -121.2426215807577 3.801463020293251 
0.3 -2.8551476151958184 3.893030487906561 
0.3 -120.31320385976042 10.75785338209875 
2.3 -120.68830703619444 3.817639307181026 
2.3 -120.68830756918285 3.903509886837835 
3.4 -121.42190678256459 19.337752309892583 
4.0 -121.59656087662363 26.8502417026073 
3.9 -121.27595626748554 3.8986806060345356 
3.9 -121.27592970109455 3.832384354664201 
4.7 -121.52802935124046 3.803033853206311 
4.7 -121.80368125958908 39.412358170885206 
1.3 -120.78657323825894 39.08814944559005 
1.6 -120.36896568926588 15.17883212742278 
1.6 -120.39674448985872 19.31199805702954 
1.6 -120.49713774385852 19.316571369638186 
2.4 -121.08592153723707 39.02096364383115 
2.8 -121.22854006220143 39.05075619272938 
2.8 -121.22829697697667 39.02204281546321 
1.7 -120.82398712422045 39.02835349963828 
1.7 -120.82426396496214 39.028972256112176 
2.1 -120.56856901533996 3.830284677994414 
2.1 -120.56841164744324 3.8177085385804883 
4.4 -121.41822636491733 10.754952820783478 
2.5 -120.73905284460342 3.8364964458785877 
4.5 -121.44924904939359 4.626542621137409 
4.5 -121.44925277508521 4.6286562055168075 
4.5 -121.449228651205 4.441625824968751 
4.5 -121.44923823554261 4.509303910281356 
4.5 -121.45034367144956 10.752098288216565 
4.5 -121.44995111160071 4.632612458224635 
4.9 -121.571308183446 4.523844461823241 
4.9 -121.57785215930272 4.525116497235235 
4.9 -121.57072755231366 4.513150465535414 
4.9 -121.57072728493718 4.459413213687746 
3.3 -121.05088565911633 3.821512981277034 
3.3 -121.06928902694807 3.828192634542913 
3.3 -121.09783215493346 19.376285826736037 
3.3 -121.16515780978375 19.37667643711218 
0.5 -0.1791559019536919 3.8009292392230534 
-0.8 -2.575469123980966 3.819043876007642 
1.2 -120.31470948743049 4.437815496712795 
2.7 -121.19086587148728 39.018975172099644 
2.7 -120.81803194460657 3.9037645094565474 
1.8 -120.44103088646959 10.704622499702696 
1.8 -120.86202970132594 39.012063782620814 
1.8 -120.44106507972143 10.751190143604132 
0.4 -0.07808336010361927 3.8012494042829235 
0.4 -0.16545349836729883 3.8091017914346095 
0.4 -0.08032360608093825 3.8031680281142353 
-0.1 -120.08826908302159 10.743161216434011 
3.7 -121.1868731347054 10.698512151518173 
3.7 -121.19706874000366 10.69855152947863 
3.7 -121.50713524110748 39.00321160465776 
4.6 -121.48019787970802 4.5333212101345834 
4.6 -121.76630972009471 39.391444328202134 
2.9 -121.03060082275674 15.161499191228444 
2.9 -121.25865992435492 39.015756231779186 
2.9 -121.03818904938882 15.165155608015402 
-0.0 -120.61056315208488 39.01831378049563 
1.4 -120.35571851145342 10.748064341493166 
1.4 -120.66780351103327 39.003211608840935 
1.4 -120.67729033817135 39.02336473117081 
1.4 -120.6772133576351 39.01377885419042 
1.1 -120.27743601633847 4.4320399961353205 
