1.5 [[0.0343989117113499], [2.017777806037874, 44.032792827984196, 2.4758415660539637], [273.0510888628723, 17.29069402910052], [0.5559981965533976, 10.995339884996493]] 
4.3 [[18.24039936001409], [2.5, 54.06046997479207, 109.12966660389145], [1.62632813794383, 22.142141595996748], [1.244239330400378, 25.370215677295803]] 
4.8 [[45.30991964127993], [2.5, 200.0, 89.40258117319932], [0.18651355100745365, 29.039293822804154], [0.982100269661646, 32.71982254079632]] 
4.8 [[45.30991964127993], [2.5, 200.0, 89.40258117319932], [0.18651355100745365, 29.039293822804154], [4.595965290818155, 32.71982254079632]] 
4.8 [[7.801340343221496], [2.5, 192.5756529463002, 1.5912750191190472], [207.37588192686698, 36.67572121181075], [2.07413336648204, 24.67555389959186]] 
4.8 [[45.30991964127993], [2.5, 188.6400993443506, 89.40258117319932], [0.18651355100745365, 29.039293822804154], [0.9818467784046121, 5.701799613100857]] 
-0.7 [[18.24039936001409], [2.4984633347704124, 80.24303503252094, 109.12966660389145], [1.6140393455841167, 1.5965965069691777], [1.7089458393467074, 23.571443640013662]] 
2.2 [[1.2241076485654405], [2.5, 200.0, 2.5], [105.2878839649148, 29.305541937553453], [2.2158961369654877, 37.93536001188283]] 
2.2 [[0.8567364266220281], [2.4999859409001317, 58.16109870227834, 73.29085213963027], [243.98013738088042, 29.8437946696862], [1.2305749524959162, 22.980719787653044]] 
2.2 [[43.52530853546892], [2.4995754761600764, 297.6873877413982, 89.40258117319932], [2.3246663380905406, 36.71156364666185], [0.9203774045471357, 32.71982254079632]] 
3.8 [[20.111588304018735], [2.4946766170954287, 25.965337374969597, 109.12966660389145], [0.5000757838903479, 5.164861946347891], [0.9168235355178297, 8.116075892077546]] 
0.3 [[20.111588304018735], [2.5, 200.0, 109.12966660389145], [1.5774349221310415, 5.164861946347891], [1.0104161919474637, 25.285400608963048]] 
0.3 [[0.027415779988254618], [2.4851579690830423, 88.94603920612857, 73.29085213963027], [56.05746125671281, 5.513847131193678], [5.206354878280569, 40.96308094575603]] 
2.3 [[18.24039936001409], [2.5, 54.06046997479207, 109.12966660389145], [1.625652751607717, 1.7730647827085368], [1.244239330400378, 25.370215677295803]] 
2.3 [[18.24039936001409], [2.3288771223385587, 200.0, 109.12966660389145], [1.0610012861350295, 1.7730647827085368], [1.6914548968007157, 22.67002767051851]] 
3.4 [[1.9978808840472984], [2.4994523621960085, 197.2954473911041, 51.8116744285807], [234.6491359623492, 182.0489015662501], [3.5726494634584816, 46.817121829606016]] 
4.0 [[5.92843645733188], [2.4902210787889234, 79.36968400559792, 32.92489911400198], [202.84053956696073, 68.63071636370896], [0.07310487509899988, 8.221469566189734]] 
3.9 [[19.43068222375176], [2.3288771223385587, 193.06892040905774, 109.12966660389145], [1.625652751607717, 1.7730647827085368], [1.6269967792787572, 22.67002767051851]] 
3.9 [[19.35937536800642], [2.3288771223385587, 49.618474818282905, 109.12966660389145], [1.625652751607717, 1.7730647827085368], [1.622273742142041, 22.67002767051851]] 
4.7 [[20.111588304018735], [2.5, 16.226826484473037, 109.12966660389145], [0.5000757838903479, 5.164861946347891], [0.9168235355178297, 8.8789657079891]] 
4.7 [[4.47808830889859], [0.5041673434053077, 57.34505974847286, 1.595457362739939], [210.37837439189218, 30.934890447198654], [1.9911944893583824, 46.833906511290124]] 
1.3 [[7.801340343221496], [2.496510344948808, 188.98927257376852, 2.3329934435193773], [216.75686886627074, 30.646273843860527], [1.076043207517963, 23.157317365951172]] 
1.6 [[3.6880721306135977], [2.015629145340313, 20.19335856677246, 62.208911887488114], [0.542456439129887, 201.74601938061662], [1.1648208713087702, 32.83587913830805]] 
1.6 [[22.65662232080316], [2.4999980774768544, 50.97525857739642, 51.8116744285807], [249.88229364830136, 176.02889906291074], [2.0916161443118217, 22.967520836269863]] 
1.6 [[24.36078620324713], [2.49114394556644, 43.363980100337955, 51.8116744285807], [445.63338353461126, 181.69727068347024], [2.0916161443118217, 22.967520836269863]] 
2.4 [[3.588338136612599], [2.4914400203452467, 83.22732566047756, 2.5], [170.90687076192415, 3.980924315521175], [0.8746191754610403, 42.750470873597166]] 
2.8 [[4.639524196433136], [0.5212824197225797, 57.34505974847286, 2.5], [211.9398417217707, 30.934890447198654], [3.9281595526771897, 46.833906511290124]] 
2.8 [[4.582142430747789], [2.4818120500777887, 56.649164354610456, 2.5], [211.9398417217707, 3.660447907411232], [3.9281595526771897, 45.39662798431553]] 
1.7 [[1.252129196465307], [2.5, 184.42300473922847, 2.5], [203.49870180911714, 53.81090210545071], [0.9850062979665928, 47.098718404772725]] 
1.7 [[1.1565619358083883], [2.499993090101916, 190.95118785170118, 2.5], [203.49870180911714, 53.095575983799364], [3.1944694559841365, 47.098718404772725]] 
2.1 [[18.202544734102247], [2.497763264548089, 55.13668779381878, 109.12966660389145], [1.625652751607717, 192.5253390858437], [1.244239330400378, 23.928865275055514]] 
2.1 [[19.493174791785076], [2.5, 56.06353653205153, 109.12966660389145], [1.6226931525780914, 81.91728071606975], [0.8594113835080206, 23.597249390120027]] 
4.4 [[0.027415779988254618], [2.499990617840241, 105.2241055745325, 73.29085213963027], [2.298043182259461, 36.459732953839776], [1.1791488619457977, 38.198778855533]] 
2.5 [[17.563936780952048], [2.497763264548089, 55.13668779381878, 109.12966660389145], [1.625652751607717, 192.5253390858437], [11.933486370385456, 23.928865275055514]] 
4.5 [[43.52530853546892], [2.4999881747986925, 297.6873877413982, 89.40258117319932], [0.09084900442864718, 36.19101801516787], [1.010890921708833, 32.71982254079632]] 
4.5 [[43.52530853546892], [2.475754598168793, 297.6873877413982, 89.40258117319932], [0.6320746104609611, 37.183009942171985], [0.9203774045471357, 32.71982254079632]] 
4.5 [[43.30886135288714], [2.475754598168793, 21.546583374628117, 89.40258117319932], [0.6320746104609611, 37.183009942171985], [1.001097025305644, 23.09900360092295]] 
4.5 [[43.52530853546892], [2.484147060181695, 184.15190362836967, 89.40258117319932], [0.5388929278110766, 36.733989735612724], [0.9203774045471357, 32.71982254079632]] 
4.5 [[1.252129196465307], [2.475786557120833, 53.442583510411204, 73.29085213963027], [0.6536694662736584, 37.17178297196221], [1.1791488619457977, 38.171541305475756]] 
4.5 [[40.98282267173222], [2.499996432244755, 297.6873877413982, 89.40258117319932], [0.6243782854516086, 25.678371729229035], [1.6592844698314515, 38.15473557424461]] 
4.9 [[45.3379487364819], [2.5, 196.48712823466903, 89.40258117319932], [0.6116388868302125, 29.039293822804154], [2.0656167747025203, 32.71982254079632]] 
4.9 [[45.3379487364819], [2.5, 198.08035757285776, 89.40258117319932], [0.6116388868302125, 14.886412675330115], [2.0656167747025203, 32.71982254079632]] 
4.9 [[43.7324437291312], [2.475754598168793, 190.55354548121596, 89.40258117319932], [22.62186932117676, 37.81124992609897], [0.9184319190670892, 31.65893289194113]] 
4.9 [[43.7324437291312], [2.475754598168793, 27.534223141623187, 89.40258117319932], [1.9255376738777024, 36.93535685810135], [0.9188819691641728, 31.64594045429828]] 
3.3 [[20.111588304018735], [2.5, 31.647367224655788, 109.12966660389145], [1.6051399636016588, 5.164861946347891], [0.8526116066798135, 25.43523682847918]] 
3.3 [[20.230712933728853], [2.5, 25.965337374969597, 109.12966660389145], [0.5000757838903479, 5.164861946347891], [0.9428356287795898, 27.946950307935705]] 
3.3 [[14.22446544976434], [0.6220642278798064, 194.4511978751004, 51.8116744285807], [211.4715944907411, 181.60225580971152], [2.490669165422894, 22.938198217046082]] 
3.3 [[8.484413143310126], [0.6051255138680801, 198.4862141187425, 51.8116744285807], [209.42792925396265, 175.933884189152], [1.8763507243600108, 22.938198217046082]] 
0.5 [[19.604394355185534], [2.5, 23.32858424622217, 109.12966660389145], [0.5000757838903479, 4.414414323128263], [1.1703453105276758, 9.038301300921729]] 
-0.8 [[18.476324487616328], [2.5, 80.00052512720737, 109.12966660389145], [0.33315122261287033, 81.91728071606975], [0.8474180095972855, 23.597249390120027]] 
1.2 [[20.506948858807103], [2.459436585820387, 185.9078936804096, 89.40258117319932], [64.10697459377828, 8.293806587484411], [0.9184319190670892, 23.0195737113393]] 
2.7 [[0.23570914075846194], [2.2580571194612675, 24.150944975241387, 2.5], [77.59684348192172, 201.74601938061662], [0.4770771102731546, 21.851558471159308]] 
2.7 [[18.476324487616328], [2.3269940414281702, 197.8172792221863, 109.12966660389145], [1.0113715885935992, 82.78594035790069], [0.8299270670547865, 22.695833420624872]] 
1.8 [[1.252129196465307], [4.92696930394832, 53.442583510411204, 73.29085213963027], [0.9597783568765981, 36.700336676452075], [1.1791488619457977, 38.171541305475756]] 
1.8 [[1.252129196465307], [4.92696930394832, 184.42300473922847, 2.5], [205.00407143525234, 36.700336676452075], [0.9850062979665928, 38.153207775004816]] 
1.8 [[1.252129196465307], [2.5, 53.442583510411204, 73.29085213963027], [0.9597783568765981, 36.700336676452075], [1.1791488619457977, 38.171541305475756]] 
0.4 [[20.111588304018735], [2.5, 25.965337374969597, 109.12966660389145], [0.5000757838903479, 5.164861946347891], [0.9168235355178297, 9.038301300921729]] 
0.4 [[20.111588304018735], [2.5, 25.965337374969597, 109.12966660389145], [246.59771780643308, 15.750913413396248], [0.9168235355178297, 9.001107882308299]] 
0.4 [[20.111588304018735], [2.5, 25.965337374969597, 109.12966660389145], [0.6323457342926053, 5.164861946347891], [2.437786279163507, 11.959953618233587]] 
-0.1 [[0.027415779988254618], [2.4593663035551394, 26.73883888095503, 73.29085213963027], [1.6667921218260253, 181.74953824711585], [1.3103164366378823, 21.85586211969066]] 
3.7 [[1.252129196465307], [4.92696930394832, 53.42574098385391, 73.29085213963027], [0.9250256782950227, 19.658624706144725], [1.1466718124482558, 32.8613376355441]] 
3.7 [[1.252129196465307], [4.92696930394832, 53.42574098385391, 73.29085213963027], [0.9250256782950227, 5.482434123619935], [1.1466718124482558, 32.8613376355441]] 
3.7 [[0.09586365283491238], [3.9593555584904125, 94.6275698607797, 2.5], [59.021526862230246, 17.29069402910052], [1.1326783920615262, 10.924339167114834]] 
4.6 [[46.60859253003428], [2.475754598168793, 200.0, 89.40258117319932], [0.1041290217716292, 24.60819956248104], [0.9826579491408087, 32.71982254079632]] 
4.6 [[4.984239875573074], [2.4522068778341426, 197.78292554714133, 1.595457362739939], [216.91907400897003, 30.735690631651234], [1.9911944893583824, 46.833906511290124]] 
2.9 [[0.23570914075846194], [2.3808498638279407, 34.30358242624919, 62.208911887488114], [77.59684348192172, 201.74601938061662], [0.8039048862397695, 21.83605310841546]] 
2.9 [[0.23538909149924253], [2.3808498638279407, 34.30358242624919, 2.5], [57.53353476038587, 6.912469687549102], [0.8039048862397695, 21.756598813899004]] 
2.9 [[0.3204791636701554], [2.2505679088354587, 34.30358242624919, 62.208911887488114], [77.59684348192172, 201.74601938061662], [0.7959711465072548, 21.78414226398823]] 
-0.0 [[21.086152129989916], [2.4990825798204273, 24.819061269450316, 2.5], [1.6406896322396836, 36.92089834810825], [0.9846231752823018, 32.71982254079632]] 
1.4 [[0.027415779988254618], [2.5, 92.79309585444912, 73.29085213963027], [2.3016926248293283, 36.700336676452075], [1.1791488619457977, 33.42434586871435]] 
1.4 [[0.09586365283491238], [3.9593555584904125, 94.6275698607797, 2.5], [59.021526862230246, 17.29069402910052], [1.133140379961772, 10.924339167114834]] 
1.4 [[0.09586365283491238], [2.5, 57.235494333570614, 2.4758415660539637], [210.3058453323825, 17.29069402910052], [0.5559981965533976, 10.924339167114834]] 
1.4 [[0.09586365283491238], [2.5, 93.903993902866, 2.5], [59.021526862230246, 17.29069402910052], [2.866900710853665, 10.222193954088558]] 
1.1 [[20.506948858807103], [2.4998487341724323, 183.18097119576072, 89.40258117319932], [61.60468736001227, 8.050216625287273], [0.9184319190670892, 23.0195737113393]] 
