0.7 0.3623284093474979 15.95163542441217 
0.7 0.3623284093474979 15.937544930838952 
0.7 0.36496059506545464 39.06552759744212 
0.7 0.36496059506545464 7.50048406930653 
0.7 0.36496059506545464 39.01972911308271 
0.7 0.36496059506545464 7.621534057475287 
0.7 0.3623284093474979 15.935159699331436 
0.7 0.3623284093474979 41.46751220998849 
0.7 0.36496059506545464 39.028905653329744 
0.7 0.36496059506545464 7.4379070163954735 
0.7 0.3623284093474979 15.931557623552079 
0.7 0.36496059506545464 7.4302339797522485 
0.7 0.3623284093474979 39.040982433527745 
0.7 0.36496059506545464 7.436014891567517 
0.7 0.36496059506545464 7.431079575410732 
0.7 0.36496059506545464 39.0251395005161 
0.7 0.3623284093474979 24.073071125010863 
0.7 0.36496059506545464 6.022260146393622 
0.7 0.3623284093474979 39.013538072289094 
1.5 -103.89877883641604 39.02545898731606 
1.5 -103.95490853155 39.02088277769833 
1.5 -103.89877883641604 39.021948635307574 
1.5 -103.95490853155 39.020869377490506 
1.5 -103.89877883641604 39.022568019616344 
1.5 4.153125499878229 39.047051318354875 
1.5 -103.92859475274454 39.04075980549229 
1.5 2.949037454255617 39.013029088489716 
0.6 0.6853155914946143 39.03129426151248 
0.6 -103.88123990970367 5.97999774537059 
0.6 -103.88123990970367 5.981344844432225 
0.6 -103.85707566136675 5.949454242999783 
0.6 -103.88123990970367 5.9812208362202055 
0.6 -103.85876693577545 5.949513682822439 
0.6 -103.88123990970367 5.980876012420384 
0.6 -103.88123990970367 5.978211485693129 
0.6 -103.85707566136675 5.9494650346830396 
0.6 -103.88123990970367 5.976615310638872 
0.6 0.6853155914946143 39.02843622855565 
0.6 -103.79954108095379 5.965183369530327 
0.6 -103.85707566136675 5.949768860539185 
0.6 -104.00138357166233 39.0129174885062 
0.6 0.6853155914946143 5.933599051148466 
0.6 0.6853155914946143 39.017451723079915 
0.6 -103.79954108095379 5.933406895646528 
0.6 -103.85876693577545 5.95152464280854 
0.6 0.6853155914946143 39.01291224901678 
4.3 1.1096287429501217 37.231363211073045 
4.3 0.47450178307943247 24.079042187926472 
3.0 -0.2466300483651338 155.28844191547662 
3.0 -0.2466300483651338 40.38669648067739 
3.0 -0.1040564702164346 39.06602578396452 
3.0 -0.24662080525989438 40.39037050820739 
4.8 0.5108300838655282 217.64181540468448 
-0.4 -0.08512310728477246 56.06802333587377 
-0.4 -0.08512310728477246 56.04057352364999 
-0.4 -0.08512310728477246 24.096398970631395 
-0.4 -0.08512310728477246 39.03345780096686 
-0.4 -0.08512310728477246 24.09650125934619 
-0.4 -0.08512310728477246 39.03010554977244 
-0.4 -0.08512310728477246 39.03225727413385 
-0.4 0.05911900436207418 24.09912867621985 
-0.4 -0.08512310728477246 24.07512207787088 
-0.4 -0.08512310728477246 39.027391351721214 
-0.4 -0.08512310728477246 24.075087161660264 
-0.4 -0.08512310728477246 24.075052445767678 
-0.4 -0.08512310728477246 6.106378847758339 
-0.4 -0.030110330983376343 5.994010963015436 
-0.4 -0.08512310728477246 6.10584722139178 
-0.4 -0.030110330983376343 5.993969481799787 
-0.4 -0.08512310728477246 5.9536259510145895 
-0.4 -0.08512310728477246 39.0393323719483 
-0.4 -0.030110330983376343 5.994924925934843 
-0.4 -0.08512310728477246 5.984155180155838 
-0.4 -0.08512310728477246 5.953624919518941 
-0.4 -0.08512310728477246 5.984158190327793 
-0.4 -0.08512310728477246 39.01636154086159 
-0.4 -0.08512310728477246 5.960130783652066 
-0.4 -0.08512310728477246 39.02162437464336 
-0.4 -0.08512310728477246 5.9536259338626145 
-0.4 -0.08512310728477246 6.0185155941613955 
-0.4 -0.08512310728477246 5.953771078451134 
-0.4 -0.08512310728477246 39.01310943166168 
-0.4 -0.08512310728477246 5.934312090225561 
-0.4 -0.08512310728477246 5.940710763218838 
2.2 -103.71383336271198 309.9248090558942 
2.2 -104.05177899575227 91.3872808966431 
2.2 1.201096098837695 47.0911485427951 
2.2 -103.27364398632311 217.69655125493338 
2.2 -103.11801307686723 60.731810241206475 
2.2 2.260069034588554 39.37952973914106 
2.2 -103.11801307686723 60.73180017505704 
2.2 2.74013435221336 39.01855970261721 
2.2 2.270315563754693 47.084915253659545 
2.2 -104.05177899575227 91.38728413842847 
2.2 -104.05177899575227 91.34932860993439 
2.2 -104.05177899575227 39.03412189120453 
2.2 2.74013435221336 39.032187258489635 
2.2 -104.05177899575227 91.34913808183305 
2.2 -104.05177899575227 39.11012212664854 
2.2 -104.05177899575227 39.03414373658992 
2.2 -103.71383336271198 91.35602183389662 
2.2 -104.05177899575227 39.053163391238414 
2.2 -104.05177899575227 39.72127306885778 
2.2 -104.05177899575227 39.027123253911306 
2.2 -104.05177899575227 39.03414242009455 
2.2 -104.05177899575227 39.047297127346425 
2.2 -104.05177899575227 39.02694299462864 
2.2 -104.05177899575227 39.033667320275185 
2.2 -104.05177899575227 39.02712334671175 
2.2 -104.05177899575227 39.02707858936469 
2.2 2.74013435221336 39.02292092534065 
2.2 -104.05177899575227 39.23948856502512 
3.8 -104.06120660651169 24.082348671010543 
3.8 -0.1625876366747292 39.66163499114843 
3.8 -0.16258896417495805 39.03321193438948 
3.8 -104.06029750922663 39.03096751052549 
3.8 -104.06030060836072 24.11561189610887 
3.8 -0.16259417823911804 39.03094516169948 
3.8 -0.16258896417495805 39.02713784099807 
3.8 -104.06029750922663 39.031101734873715 
3.8 -104.06030060836072 24.097769366320442 
3.8 -104.06029750922663 39.02463961620642 
3.8 -104.06120660651169 24.080383531256324 
3.8 -0.16258896417495805 39.0343420378521 
3.8 -104.06120660651169 39.042170859342335 
3.8 -104.06120972551305 39.023094754553 
3.8 -104.06120667629536 24.080383183833266 
3.8 -104.06120667629536 24.080430293213865 
3.8 -104.06030060836072 39.03167782907083 
3.8 -104.06120972551305 5.965565817922367 
3.8 -104.06120667629536 39.01741207373451 
3.8 -0.16258896417495805 39.03330343760418 
3.8 -0.16258896417495805 39.0310906688798 
3.8 -104.06120972551305 39.02493847255114 
3.8 -103.95169482780152 24.06879737726431 
3.8 -104.06030060836072 6.02076537345283 
3.8 -104.06120617591355 24.08077365445386 
3.8 -0.16259417823911804 39.01656628618219 
3.8 -104.06030060836072 39.02625351055075 
3.8 -104.06120972551305 39.023030495234984 
3.8 -104.06120972551305 5.965706096717768 
3.8 -104.06029757595796 39.02585324733063 
3.8 -104.06120972551305 5.960865024081033 
3.8 -104.06120972551305 5.965491103390817 
3.8 -104.06120972551305 5.960865203280544 
3.8 -104.06120972551305 39.232598388980385 
3.8 -104.06120972551305 6.000437512291104 
3.8 -0.16259417823911804 5.940105082883292 
3.8 -0.16259286720938348 5.940376396330688 
3.8 -104.06120972551305 5.960296461197828 
3.8 -104.06120972551305 39.017660113608805 
3.8 -0.16259417823911804 39.024346411179074 
3.8 -0.16259286720938348 5.940336598430591 
3.8 -104.06120972551305 39.01717907139391 
3.8 -104.07980999256303 5.941112903443967 
3.8 -104.0905027029263 5.939793760064924 
3.8 -104.06120972551305 5.939621762021366 
3.8 -0.16259417823911804 39.01401782426378 
3.8 -104.10819557244328 5.936697510733081 
3.8 1.6099853730028428 39.02298511100456 
3.8 -0.16259417823911804 39.017421450495554 
3.8 -104.06120972551305 5.955857449713497 
3.8 -0.16259417823911804 39.6740878163337 
3.8 -104.06120972551305 6.00576493384982 
3.8 -104.06970513669727 5.954104980985665 
3.8 -104.06970513669727 5.950636720437701 
3.8 -0.16259286720938348 5.940303523147836 
3.8 -0.09575461301487564 5.940883297059161 
3.8 -104.06120972551305 39.02106590537676 
3.8 -104.06120972551305 5.940315893106709 
3.8 -104.0905027029263 5.94299305735288 
3.8 -0.16259417823911804 39.02146176830858 
3.8 -0.16259417823911804 6.45514682637235 
3.8 -104.0905027029263 5.9397052735650036 
0.3 1.8818341321634762 39.06650103098447 
0.3 0.5499968449392725 6.036225462087444 
0.3 0.5581987453784336 6.090535929918288 
0.3 0.5077857676777597 5.955703788282226 
0.3 0.5106608936074366 5.9558241868947 
0.3 0.5613966060286515 5.937353385104245 
0.3 0.531647250186623 39.01665235711781 
0.3 0.5077857676777597 5.956059232741084 
0.3 -103.65653823466889 5.983095387534212 
0.3 0.501642313455676 6.00132750755063 
0.3 1.8818341321634762 39.014157019959114 
0.3 -103.65653823466889 6.035276483414744 
0.3 -103.65653823466889 5.966446337871308 
0.3 0.5077857676777597 5.955837515399967 
0.3 0.5581987453784336 6.036637519404713 
0.3 1.8818341321634762 5.9693082393356125 
0.3 1.8818341321634762 6.030288970544664 
0.3 1.8818341321634762 39.01802775437101 
0.3 0.6827946741317845 5.932858585159915 
0.3 0.5581987453784336 5.968103688384124 
0.3 0.5077857676777597 5.9343896175548885 
0.3 1.8818341321634762 6.000987716168781 
0.3 1.8818341321634762 39.01411739133544 
0.3 0.5581987453784336 5.933733331734811 
0.3 0.5581987453784336 5.933195904221032 
0.3 0.5581987453784336 5.933724974025307 
0.3 -104.12389316771446 5.934139532084026 
0.3 0.681474290281713 5.932886177070399 
0.3 -103.65653823466889 5.966332463440723 
0.3 0.501642313455676 5.948871582824094 
0.3 -103.65653823466889 5.966207996592804 
0.3 -104.12389316771446 5.9341395169802045 
0.3 0.6827946741317845 5.934091625809374 
0.3 0.6827946741317845 5.932858114009869 
0.3 2.140899855770712 5.933111023538934 
0.3 1.8818341321634762 39.012921084652696 
0.3 0.681474290281713 5.932887853958619 
2.3 -0.2625558767403504 39.0290796969787 
2.3 -0.2624785195974937 39.023987531578825 
3.4 -0.04774317719086696 92.38062555287263 
1.0 -104.13717328478877 39.02741511778743 
1.0 -104.13985513433364 24.07252479478087 
1.0 -104.13717328478877 39.034616235936554 
1.0 -104.13717328478877 39.02738806024529 
1.0 -104.13717328478877 39.02501576477467 
1.0 -104.13985513433364 39.014552218340306 
1.0 0.5998677585697862 24.072945051948757 
1.0 -104.13985513433364 39.0220551866998 
1.0 -104.13985513433364 39.01455974699597 
1.0 0.6010178540578011 39.02024776535129 
1.0 -104.13985513433364 24.06431475840147 
1.0 -104.13985513433364 39.02469098135784 
1.0 -104.13985513433364 24.064357743737997 
1.0 -104.13985513433364 39.014259959984194 
1.0 -104.13985513433364 5.944171619689146 
1.0 0.6014824695630665 39.03540720565879 
1.0 0.5998677585697862 39.01528140514045 
1.0 -104.13985513433364 5.944171601933862 
1.0 -104.13985513433364 39.01436430135715 
1.0 -104.13985513433364 24.064335186951862 
1.0 -104.13985513433364 5.943658409781911 
1.0 0.5998677585697862 5.934877467164608 
1.0 -104.13985513433364 5.9425998330390355 
1.0 -104.13985513433364 5.947180627549862 
1.0 0.6014824695630665 5.935879927934058 
1.0 -103.5773505807462 5.933399519973655 
1.0 -104.13985513433364 5.941837642554136 
1.0 -104.13985513433364 5.942469148273406 
4.0 1.2947200305682145 29.84303533580079 
4.0 1.2947200305682145 29.4382242740218 
4.0 1.2947189197003297 39.04048890203538 
4.0 -102.66815206541163 39.024978376357495 
4.0 1.2947511623046069 5.939420407174392 
4.0 -103.08496317382142 5.9332181913826 
0.9 -103.77962302851958 5.951666063537837 
-0.5 -0.02420083668390305 112.97363411223095 
-0.5 -8.633752231901326e-05 112.97136124667956 
-0.5 -0.02420083668390305 24.082590624243526 
-0.5 -0.02420083668390305 30.339759694202098 
-0.5 -0.02420083668390305 30.28002005417782 
-0.5 -0.02420083668390305 24.11676496057437 
-0.5 -0.02420083668390305 40.508657244643466 
-0.5 -0.02420083668390305 39.030172440309755 
-0.5 -0.02420083668390305 39.025594464432594 
-0.5 -0.02420083668390305 6.504668111111931 
-0.5 -0.02420083668390305 24.08873301292817 
-0.5 -0.02420083668390305 39.02840966347126 
-0.5 -0.02420083668390305 6.504672724775355 
-0.5 -0.02420083668390305 24.09634250682891 
-0.5 -0.02420083668390305 39.02346358695785 
-0.5 -0.02420083668390305 39.02370920197479 
-0.5 -0.02420083668390305 39.02109695058566 
-0.5 -0.02420083668390305 6.5667642180795776 
-0.5 -0.02420083668390305 39.01841230396862 
-0.5 -0.02420083668390305 39.03138702161313 
-0.5 -0.02420083668390305 39.01421463065079 
-0.5 -0.02420083668390305 6.464194140272596 
-0.5 -0.02420083668390305 5.953667125579576 
-0.5 -0.02420083668390305 39.022597447241 
-0.5 -0.02420083668390305 5.953924016857211 
3.1 -0.04221941461014467 92.10140500162557 
3.1 0.10529259843349337 58.29785112715045 
3.1 0.10560275646506057 39.01875783381093 
3.1 0.10558643662231759 24.07996644583005 
2.6 1.8590375665590813 7.62981196737696 
2.6 1.8590375665590813 107.10389934500657 
2.6 2.193252073606857 39.225610157357096 
2.6 -103.33419282302033 153.14651421600368 
2.6 1.8582433956190556 39.01835455078212 
2.6 -103.33419282302033 39.55419906965634 
2.6 1.8588551136226386 39.017445782617706 
2.6 0.9452441148436606 39.03152240173966 
3.6 -102.78189766167922 5.960287256813174 
3.6 -102.78189766167922 6.007095990518883 
3.6 2.198444897358627 5.9368336540760875 
3.6 0.08325515182970378 5.942840079159659 
3.6 -103.01989380660274 5.932886312068337 
3.6 -103.37142765586864 5.960872910899834 
3.9 -103.10238899899201 39.66133696007061 
3.9 -103.10238899899201 39.65727638804396 
3.9 0.7425086793660824 39.01332071271447 
3.9 -103.88291718443706 39.03007474268501 
3.9 -103.88291718443706 7.658975740800083 
3.9 1.44328118393166 39.02532923604646 
3.9 1.44328118393166 5.940200049982441 
3.9 -103.88291718443706 5.975178228678321 
3.9 0.7425086793660824 5.93459981022618 
3.9 2.229591620045497 5.939800776586198 
3.9 0.7424847558243215 5.934345380252243 
3.9 -103.86929914578977 5.966517172392777 
4.7 0.05613243528584633 156.40047145472457 
4.7 0.04702015647137614 156.4019077496491 
4.7 0.028418060707906534 39.67907620852835 
4.7 0.028418194762139137 6.074487657183452 
4.7 0.02841160701710521 5.940180337549934 
1.3 0.8987871806102135 39.02721414216814 
1.3 0.8987871806102135 24.081891146354184 
1.3 0.8987871806102135 39.02141419635155 
1.3 0.8987871806102135 39.02310047653661 
1.3 0.8987871806102135 24.07575063470735 
1.3 1.5655183152639864 39.02998686385374 
1.3 0.8987871806102135 6.022759119207656 
1.6 1.0979716159503567 5.934926456774192 
2.4 0.5455826700061976 142.15681393487554 
2.4 0.0626083529242294 24.071033883654966 
2.4 0.06245652800721757 30.35414622201229 
2.4 0.0626083529242294 39.01840809666379 
0.1 0.21863400305974778 234.98296578958477 
0.1 0.01057059945861738 39.03169688697928 
0.1 0.21863400305974778 24.082556323757885 
0.1 0.01057059945861738 5.935681797260899 
0.1 0.01057059945861738 39.013339632134034 
0.1 0.21863400305974778 5.939037112395461 
0.1 0.21863400305974778 5.957334428645955 
0.1 0.01057059945861738 5.9359183182297155 
3.5 -103.24872903877544 246.03220533402055 
3.5 1.4941859536304065 175.78021321300992 
3.5 -103.89854907428511 39.056959373600016 
3.5 8.206208552481726 5.960823128662896 
1.7 0.5820318438108671 6.505300113753851 
1.7 0.5820318438108671 39.020698133913726 
1.7 0.5820318438108671 5.988822119570221 
1.7 0.3093788239192463 5.93491335933165 
1.7 0.49298617080276586 5.955458307098203 
1.7 0.49298617080276586 39.0132227255924 
1.7 0.3093788239192463 5.935831122197733 
2.1 0.9018202187531585 272.1844635847605 
0.8 0.7864289389667078 5.9627300781673025 
0.8 -104.04374541318238 5.932847169204068 
4.4 -0.03936650681653475 264.6474309585508 
4.4 1.248690199453236 39.04108403527307 
4.4 1.248690300504606 5.9722616424012855 
5.4 -0.2155098567625373 194.25417125364902 
2.5 -103.43102263187193 65.85370751867228 
2.5 -103.39245430803113 355.4853518052352 
2.5 -104.04490334436133 243.29359770422084 
2.5 -104.06337141083301 40.50921541696291 
2.5 -103.39245430803113 39.422700543241945 
2.5 -103.39103993979236 39.035498941762356 
2.5 -103.43102263187193 65.8295953261804 
2.5 -103.71115993404273 39.760891626794745 
2.5 -103.24105364785153 40.50925557698077 
2.5 -103.97551761897022 39.02148973475736 
5.2 -103.52419923627721 183.43991365960827 
5.2 1.5159820674899578 39.67989141769633 
5.2 0.9139911812920047 183.2998100797126 
3.3 -102.94412806613353 260.18873731395604 
3.3 -103.22015868602907 92.3976286837609 
3.3 -103.1885620949155 92.37820309708991 
3.3 -103.4978778105021 39.02419157931487 
0.5 2.2327778339323743 5.992039992123118 
0.5 1.7125357407468158 5.936310949360862 
0.5 -103.30068464329466 6.017715096626643 
0.5 -103.32862581859823 5.937259713181596 
0.5 2.2327778339323743 5.9593608842457675 
0.5 -103.32862581859823 5.939836248921946 
0.5 0.8906630898147938 5.933394836802616 
3.2 1.6747940227650133 282.9641120629279 
3.2 1.328197700930403 39.02394796776107 
4.2 -103.76146146074413 39.02291545996726 
1.2 -104.04408619572841 331.48814588253873 
1.2 -104.03885669487256 331.4126541226704 
1.2 -104.03885669487256 39.20960943207432 
1.2 -104.04408619572841 39.66463599903493 
1.2 -104.10828097249946 39.10648592294889 
1.2 2.667551794746359 331.4125629211385 
1.2 -104.03885669487256 39.02868826733487 
1.2 -104.03885669487256 39.056458617219754 
1.2 2.830400134343094 39.10796450396649 
1.2 -104.03885669487256 39.12200057810762 
1.2 2.8286908007629137 39.038557040148504 
1.2 -104.18165533183826 331.41407819984397 
1.2 -104.10828097249946 39.04352368954522 
1.2 -104.18165533183826 331.41411478042954 
1.2 -104.10828097249946 39.04316657897489 
1.2 -104.08663340593309 39.031431965504765 
1.2 -104.18165533183826 39.047051318354875 
1.2 2.8122608092781576 39.04449784878958 
1.2 -104.18165533183826 39.040793540614374 
1.2 -104.03885669487256 39.027060174288074 
1.2 -104.03885669487256 39.03293365533045 
1.2 2.030427450790981 24.098503767357496 
1.2 -104.03885669487256 331.4149581615649 
1.2 -104.10828097249946 39.02534818527711 
1.2 -104.10828097249946 39.02539285566746 
1.2 -104.18165533183826 39.07424102643409 
1.2 -104.08663340593309 39.031531051140306 
1.2 -104.10828097249946 39.039946848617475 
1.2 -104.08663340593309 39.03704936343258 
1.2 -104.10828097249946 39.024752041772444 
1.2 -104.10828097249946 39.020900169668735 
1.2 -104.10828097249946 39.03262026594883 
1.2 -104.10828097249946 39.06972477154825 
1.2 -104.03885669487256 39.02383775084821 
1.2 -104.03885669487256 39.22898099783206 
1.2 -104.03885669487256 24.072497344011868 
1.2 -104.08663340593309 39.02343431634677 
1.2 -104.03885669487256 39.03615349621374 
1.2 -104.10828097249946 39.03198694165241 
1.2 -104.10828097249946 39.02096235382643 
1.2 1.1331260220950838 39.02238524961965 
1.2 -104.10828097249946 39.024413105766726 
1.2 -104.03885669487256 39.0268487084319 
1.2 2.667551794746359 39.04707029424331 
1.2 -104.03885669487256 39.01916893955454 
1.2 2.830400134343094 39.01841145580426 
1.2 -104.03885669487256 24.07232955168948 
1.2 2.830400134343094 39.025397978081536 
1.2 2.8122608092781576 39.02285492486985 
1.2 -104.08663340593309 24.086484941282727 
1.2 -104.18165533183826 39.04710081440803 
1.2 -104.03885669487256 24.079664159023835 
1.2 2.830400134343094 39.04715357639028 
1.2 -104.03885669487256 39.15561343285656 
1.2 2.8122608092781576 39.079400147195756 
1.2 -104.08663340593309 6.033840465361438 
1.2 -104.18165533183826 39.047265592468214 
1.2 -104.10828097249946 39.06341150857322 
1.2 -104.10828097249946 39.03177018791052 
1.2 -104.18165533183826 39.04705639796956 
1.2 2.0906690103275025 39.036965263317555 
1.2 -104.03885669487256 24.090621049851325 
1.2 -104.08663340593309 6.03444029508358 
1.2 -104.18165533183826 39.04100904391795 
1.2 2.8122608092781576 39.021608999256685 
1.2 2.830400134343094 39.0187769692403 
1.2 2.830400134343094 39.04657738055229 
1.2 -104.10828097249946 39.02319192997065 
1.2 2.828776645871983 39.017437837015784 
1.2 -104.03885669487256 39.04038387885276 
1.2 -104.08663340593309 5.959262706826651 
1.2 -104.03885669487256 39.027705425060475 
1.2 -104.18165533183826 39.04756596743153 
1.2 -104.08663340593309 6.033837487277558 
1.2 -104.08663340593309 39.040577363115816 
1.2 -104.03885669487256 39.0172484769612 
1.2 -104.08663340593309 39.02471737473928 
1.2 1.4160915812204848 39.02377336704324 
1.2 -104.08663340593309 39.01788481674092 
1.2 2.830400134343094 39.01800871964482 
1.2 -104.08663340593309 39.275534332154116 
1.2 2.6950411852894405 39.016982693978264 
1.2 -104.10828097249946 39.025963459209294 
4.1 -0.10993247626245761 110.27452989068615 
4.1 -0.4479455384229709 39.20879646362995 
4.1 -0.44783604098122964 39.03463703619742 
4.1 -0.4632988790126831 39.64860742845573 
4.1 -0.44783604098122964 39.03154693843671 
4.1 -0.25748385574472366 24.073683080098007 
4.1 -0.4479455384229709 5.967286573609981 
4.1 -0.4479455384229709 5.962708981231916 
1.8 0.6380474388052164 7.487503617383329 
1.8 0.6380474388052164 39.0263904086361 
1.8 -104.05842514795066 39.033155765563045 
1.8 0.6380474388052164 39.032588069933475 
1.8 -104.05842514795066 39.03315642862785 
1.8 -104.05842514795066 24.082688586452246 
1.8 -104.05842514795066 39.03034634170326 
1.8 -104.05842514795066 39.02691963175089 
1.8 -104.05842514795066 7.661058326058067 
1.8 -104.05842514795066 39.232384079135045 
1.8 0.6380474388052164 39.017426850763755 
1.8 -104.05842514795066 39.023530922613695 
1.8 0.6380474388052164 5.968170002033492 
1.8 -104.05842514795066 6.035155620707476 
1.8 -104.05842514795066 6.035276483414744 
1.8 0.6380474388052164 6.042357695796266 
1.8 0.6380474388052164 39.03674127587974 
1.8 -104.05842514795066 7.674784654141074 
1.8 0.6380474388052164 6.0743878764154955 
1.8 0.6380474388052164 39.018292019989616 
1.8 0.6380474388052164 39.02888154057449 
1.8 0.6380474388052164 39.03193549971501 
1.8 0.6380474388052164 24.08687552877085 
1.8 0.6380474388052164 39.01860009703368 
1.8 -104.05842514795066 39.02799793328676 
1.8 0.41953737248741163 5.934926453168337 
1.8 0.43235441646605466 6.008243689508315 
1.8 0.43235441646605466 5.952446710240946 
1.8 0.4325430363932554 5.955139470186249 
1.8 -104.18350072804401 5.933697248716103 
1.8 0.6380474388052164 39.04084658950703 
0.4 0.6857172707848491 25.878763838735008 
0.4 0.6857172707848491 39.05429129552427 
0.4 0.6857172707848491 6.035402548968344 
0.4 0.6857172707848491 5.936126374351867 
0.4 0.6857172707848491 5.939271360698116 
0.4 0.6857172707848491 5.937873029030159 
0.4 0.6857172707848491 5.933344803031742 
5.0 0.7782300780628617 264.2342612261685 
-0.2 -0.1271615342872252 42.38053760453163 
-0.2 -0.1271615342872252 346.02989358201563 
-0.2 -0.1271615342872252 10.105812199172458 
-0.2 -0.09857101491526521 39.03334878606898 
-0.2 -0.1271615342872252 39.86145746533702 
-0.2 -0.09857101491526521 39.03292602138254 
-0.2 -0.1271615342872252 24.082404817258457 
-0.2 -0.09857101491526521 39.034127343652806 
-0.2 -0.09857101491526521 24.122721631697672 
-0.2 -0.1271615342872252 10.10581219653406 
-0.2 -0.09857101491526521 39.043129827326766 
-0.2 -0.09857101491526521 39.02786962416098 
-0.2 -0.1271615342872252 39.854899406234765 
-0.2 -0.1271615342872252 39.86467744763809 
-0.2 -0.1271615342872252 10.104053505556411 
-0.2 -0.09857101491526521 6.112456253159692 
-0.2 -0.09857101491526521 6.2009331880484515 
-0.2 2.514053183208773 6.110747758931701 
-0.2 -0.1271615342872252 39.02599878373172 
-0.2 -0.09857101491526521 6.18827028415984 
-0.2 -0.09857101491526521 39.033213406848176 
-0.2 -0.09857101491526521 24.094953503085964 
-0.2 0.10652022631886382 39.046478256444054 
-0.2 0.9496247212299238 10.064356194041792 
-0.2 0.16494466957020393 24.073876995639406 
-0.2 -0.1271615342872252 10.104717605495653 
-0.2 -0.09857101491526521 6.1063787313400235 
-0.2 -0.09857101491526521 6.110935586898326 
-0.2 -0.09857101491526521 39.03960267316893 
-0.2 0.1877440211564192 10.073987744184782 
-0.2 2.514053183208773 39.033587821728396 
-0.2 2.514053183208773 6.112284939830296 
-0.2 -0.1271615342872252 39.86076553641053 
-0.2 2.514053183208773 6.103964241399666 
-0.2 1.1624108753982085 6.502995521256541 
-0.2 -0.1271615342872252 6.022586231529316 
-0.2 1.1624108753982085 39.02667785702339 
-0.2 1.1624108753982085 6.505365388586696 
-0.2 -0.1271615342872252 6.034802819308519 
-0.2 2.514053183208773 6.032412282677361 
-0.2 -0.1271615342872252 6.022808559062624 
-0.2 -0.09857101491526521 39.01641579336653 
-0.2 -0.1271615342872252 6.023446041794273 
-0.2 -0.1271615342872252 6.0218869853014425 
-0.2 -0.09857101491526521 5.953574752272911 
-0.2 -0.1271615342872252 6.024714674905606 
-0.2 -0.1271615342872252 39.02638055194014 
-0.2 1.1624108753982085 5.992157775340544 
-0.2 -0.1271615342872252 6.025157471645251 
-0.2 -0.1271615342872252 39.01970430974207 
-0.2 -0.09857101491526521 5.956446483950342 
-0.2 -0.1271615342872252 39.02351303859261 
-0.2 -0.09857101491526521 5.953574769425076 
-0.2 -0.09857101491526521 5.955143512698966 
-0.2 -0.1271615342872252 6.022909489219416 
-0.2 0.11057349620043055 5.972883727483823 
-0.2 -0.1271615342872252 5.999402220662877 
-0.2 -0.09857101491526521 5.935221668326437 
-0.1 -0.02037838465089692 24.307832766905644 
-0.1 -0.02037838465089692 71.62565920938673 
-0.1 -0.02037838465089692 39.05651827924013 
-0.1 0.14544184594663534 41.1456320024222 
-0.1 -0.02037838465089692 24.0828370643657 
-0.1 -0.02037838465089692 6.120651216603519 
-0.1 -0.02037838465089692 6.0764010805705535 
-0.1 -0.02037838465089692 6.078672744854895 
-0.1 -0.02037838465089692 39.03294277365006 
-0.1 -0.02037838465089692 39.034983085704994 
-0.1 -0.015894865288714755 6.075228302925817 
-0.1 -0.02037838465089692 6.014120416906622 
-0.1 -0.029577660868653766 5.955812007443228 
-0.1 0.06185626217842355 39.029558379479774 
-0.1 -0.02037838465089692 6.0280317419041145 
-0.1 -0.02037838465089692 6.075953795044411 
-0.1 -0.02037838465089692 6.01464427146757 
-0.1 -0.02037838465089692 6.0077446269328965 
-0.1 -0.029577660868653766 39.016384743486626 
-0.1 -0.02037838465089692 39.0299708782136 
-0.1 -0.02037838465089692 6.1212026289915 
-0.1 -0.02037838465089692 39.016939397975754 
-0.1 -0.02037838465089692 6.066695605686209 
-0.1 -0.02037838465089692 5.9734448833417195 
-0.1 -0.029577660868653766 5.955657815205321 
-0.1 -0.029577660868653766 5.955786750233718 
-0.1 -0.029577660868653766 5.955802178785283 
-0.1 -0.02037838465089692 39.01740220152923 
-0.1 -0.029577660868653766 5.935845545371297 
-0.1 -0.029577660868653766 5.935845662909278 
-0.1 -0.033646587860872046 5.953503892372046 
-0.1 -0.029577660868653766 5.935748162886032 
-0.1 -0.02037838465089692 5.933997888747126 
-0.1 -0.02037838465089692 39.02624252035282 
-0.1 -0.033646587860872046 5.9535053700538985 
-0.1 -0.029577660868653766 5.936845344785861 
-0.1 -0.02037838465089692 5.968288384310296 
-0.1 -0.033646587860872046 39.016234827637014 
-0.1 -0.02037838465089692 5.987164679038762 
-0.1 -0.015894865288714755 39.015558198153926 
-0.1 -0.015894865288714755 5.934618095656836 
-0.1 -0.029577660868653766 5.95354836540715 
-0.1 -0.02037838465089692 6.449256357397463 
-0.1 0.05975795813043305 5.936655819671361 
-0.1 -0.033646587860872046 5.953437118914763 
-0.1 -0.02037838465089692 5.934059979624543 
-0.1 -0.029577660868653766 5.953496767688154 
-0.1 -0.02037838465089692 5.934005044425611 
-0.1 1.9733316308460758 5.942573922179027 
-0.1 -0.033646587860872046 5.953613999403496 
-0.1 -0.02037838465089692 5.942565029092586 
-0.1 -0.02037838465089692 5.934053040156161 
-0.1 -0.02037838465089692 39.013089343332595 
5.3 0.7711437889368113 43.529241873201 
-0.6 0.18900487693071 321.92396048878425 
-0.6 -0.24192921355280816 30.426398169055222 
-0.6 0.18900487693071 41.134657809664084 
-0.6 -0.24192921355280816 39.03345729233368 
-0.6 -0.24192921355280816 30.426423527027808 
-0.6 -0.24192921355280816 39.03476940398544 
-0.6 -0.24192921355280816 41.141396251041726 
-0.6 0.18900487693071 41.13466728989288 
-0.6 -0.24192921355280816 39.02506029556008 
-0.6 -0.16684800089798557 321.66049578665127 
-0.6 -0.24192921355280816 30.4246595833529 
-0.6 -0.24192921355280816 39.03345725561735 
-0.6 -0.24192921355280816 39.025057970761466 
-0.6 -0.24192921355280816 30.417402780541412 
-0.6 -0.24192921355280816 39.10418402345613 
-0.6 -0.24192921355280816 39.03296954244908 
-0.6 -0.24192921355280816 30.343421570992835 
-0.6 -0.24192921355280816 30.424670655099334 
-0.6 -0.24192921355280816 39.15167695489614 
-0.6 -0.24192921355280816 39.1026183193516 
-0.6 0.09933169841706047 24.101713337722426 
-0.6 -0.24192921355280816 39.082230260161964 
-0.6 -0.24192921355280816 30.343421495863293 
-0.6 -0.24192921355280816 30.341292226830692 
-0.6 -0.24192921355280816 39.03161839901112 
-0.6 -0.16684800089798557 39.04428022425344 
-0.6 -0.24192921355280816 39.03658474635687 
-0.6 -0.24192921355280816 39.03722121923696 
-0.6 -0.24192921355280816 39.03357720138558 
-0.6 -0.24192921355280816 39.08690735187501 
-0.6 -0.24192921355280816 39.08858560134113 
-0.6 0.09933169841706047 24.096289094189018 
-0.6 0.09933169841706047 39.0373570258812 
-0.6 -0.24192921355280816 24.101556663235446 
-0.6 -0.16684800089798557 24.07872389627037 
-0.6 -0.24192921355280816 24.100716884468742 
-0.6 -0.24192921355280816 30.27243565032752 
-0.6 -0.24192921355280816 30.262079955822124 
-0.6 -0.24192921355280816 39.232950402913104 
-0.6 -0.24192921355280816 39.031417467424305 
-0.6 -0.24192921355280816 39.03115394287267 
-0.6 -0.24192921355280816 39.03053574594198 
-0.6 -0.24192921355280816 6.500027527054276 
-0.6 -0.16684800089798557 39.0317684135102 
-0.6 -0.16684800089798557 39.02234932751244 
-0.6 -0.24192921355280816 24.10075232762759 
-0.6 0.09933169841706047 24.099208186481526 
-0.6 -0.16684800089798557 39.0229920040828 
-0.6 -0.24192921355280816 39.03746883009019 
-0.6 -0.16684800089798557 39.02316750346178 
-0.6 -0.24192921355280816 39.03674511034579 
-0.6 -0.16684800089798557 39.02316746549132 
-0.6 -0.16684800089798557 24.06761693501606 
-0.6 -0.24192921355280816 39.041586346215034 
-0.6 -0.24192921355280816 24.101171142052277 
-0.6 -0.24192921355280816 6.500205053135821 
-0.6 -0.16684800089798557 39.02186639275525 
-0.6 -0.24192921355280816 39.02276510950897 
-0.6 -0.16684800089798557 24.106008329767786 
-0.6 -0.24192921355280816 39.03003819867057 
-0.6 -0.24192921355280816 39.0250432618763 
-0.6 -0.24192921355280816 39.028664778767656 
-0.6 -0.24192921355280816 24.100135908752506 
-0.6 -0.24192921355280816 39.02229376350291 
-0.6 -0.16684800089798557 39.03082101473461 
-0.6 -0.24192921355280816 6.452165604570774 
-0.6 -0.24192921355280816 6.500067545778239 
-0.6 -0.24192921355280816 39.013535753329556 
-0.6 -0.24192921355280816 39.07421412564406 
-0.6 -0.24192921355280816 39.01293354080039 
-0.6 -0.24192921355280816 6.497975824187169 
-0.6 -0.24192921355280816 6.475458282352589 
-0.6 -0.24192921355280816 39.01692270949226 
-0.6 -0.16684800089798557 6.514605889234343 
-0.6 -0.24192921355280816 6.495188112277118 
-0.6 -0.24192921355280816 39.01884548963932 
-0.6 -0.24192921355280816 39.022342503495395 
-0.6 -0.24192921355280816 6.453701042303092 
-0.6 -0.24192921355280816 39.015176920745105 
-0.6 -0.24192921355280816 39.014179955044 
-0.6 -0.24192921355280816 39.01804656351489 
-0.6 -0.24192921355280816 39.01302089392675 
-0.6 -0.24192921355280816 5.937240857351517 
-0.6 -0.24192921355280816 39.03054457649385 
-0.6 -0.24192921355280816 39.01491845641203 
-0.6 -0.24192921355280816 6.459521128465291 
-0.6 -0.24192921355280816 5.934242269087011 
-0.6 -0.24192921355280816 39.01297671547492 
-0.6 -0.24192921355280816 39.01295404778362 
-0.6 -0.24192921355280816 39.01398437442903 
-0.6 -0.24192921355280816 6.452086562500707 
-0.6 -0.24192921355280816 5.9383273605685805 
3.7 -0.051845070057964904 338.4974836449961 
3.7 0.027444708669520423 39.66545679941875 
3.7 -0.18396385441981522 24.08234713332967 
3.7 -0.18396682152817334 24.086774397448725 
3.7 -0.18396682152817334 24.086478193831212 
3.7 -0.18396682152817334 24.083072559128667 
3.7 -0.21714586765169486 5.939786739631059 
3.7 2.4905470936420357 39.02541566891548 
3.7 0.027434283272199878 5.939449875219478 
3.7 -0.15104215899826556 5.940446004970924 
3.7 -0.21714586765169486 5.939790741405006 
3.7 2.0276144109707133 5.934286383668974 
3.7 2.0276144109707133 39.01836541848997 
3.7 -0.1510400992664387 5.9373421645762114 
3.7 -0.21712038015543556 39.01392455991841 
2.0 1.5879447436080198 204.55795506209566 
2.0 0.8208138174952921 41.28970651696426 
2.0 1.9565559646301125 204.55943329349554 
2.0 -104.0201805083826 39.02700022992443 
2.0 1.0129977502492409 39.02865346192066 
2.0 1.0129977502492409 39.02721147558159 
2.0 1.0129977502492409 39.07793196138453 
2.0 2.1357289051272232 39.024999338546756 
2.0 -104.0201805083826 39.03290304366299 
2.0 1.0129977502492409 6.017628281111772 
2.0 1.0129977502492409 39.047560305603696 
2.0 -104.0201805083826 5.967916246938041 
2.0 -104.0201805083826 5.967928494145148 
2.0 0.7415045074681927 39.01337271287616 
0.2 1.2264443087943988 10.075345827576282 
0.2 1.2264443087943988 39.84505915097836 
0.2 1.2264443087943988 6.027386435266347 
0.2 1.2264443087943988 345.8849684868459 
0.2 1.2264443087943988 6.051350666559528 
0.2 1.2264443087943988 6.061912283804044 
0.2 1.2264443087943988 6.033943228764912 
0.2 1.2264443087943988 10.064799395627956 
0.2 1.2264443087943988 39.027358316660006 
0.2 1.2264443087943988 6.033287866753157 
0.2 1.2264443087943988 39.17260460439571 
0.2 1.2264443087943988 39.02790568839215 
0.2 1.2264443087943988 6.033943622585062 
0.2 1.2264443087943988 39.04175359004747 
0.2 1.2264443087943988 39.02737859847483 
0.2 1.2264443087943988 39.018780695370026 
0.2 1.2264443087943988 39.27065929615658 
0.2 1.2264443087943988 39.03121090667092 
0.2 1.2264443087943988 39.03231690929926 
0.2 1.2264443087943988 6.027739121995524 
0.2 1.2264443087943988 39.02790186445656 
0.2 1.2264443087943988 39.025970958945585 
0.2 1.6762157589378148 39.023118304304184 
0.2 1.2264443087943988 39.04035637330472 
0.2 1.2264443087943988 6.028731083343045 
0.2 1.2264443087943988 6.028825387754444 
0.2 1.2264443087943988 39.047403530546745 
0.2 1.2264443087943988 39.026021090396874 
0.2 1.2264443087943988 39.0274568413972 
0.2 1.2264443087943988 39.02778202638503 
0.2 1.2264443087943988 39.02317758011023 
0.2 1.2264443087943988 6.032033264000921 
0.2 1.24907651152364 6.028577976391346 
0.2 1.2264443087943988 6.027387690060798 
0.2 1.2264443087943988 6.020905668349382 
0.2 1.7332931699811525 24.082556335619536 
0.2 1.2264443087943988 39.04019340420361 
0.2 1.253815454829379 5.955822333314794 
0.2 1.2264443087943988 6.0291517333820766 
0.2 1.2264443087943988 39.027397275426125 
0.2 1.2264443087943988 39.07025892256108 
0.2 1.2264443087943988 6.025722088406443 
0.2 1.2264443087943988 6.020966993430065 
0.2 1.2264443087943988 6.019027758410887 
0.2 1.2620381616274443 5.992752303518521 
0.2 1.2547971503470734 5.956289718489084 
0.2 1.6762157589378148 39.029243338288566 
0.2 1.2264443087943988 39.020187294092686 
0.2 1.253815454829379 5.935792064986096 
0.2 1.253815454829379 5.955822952669911 
0.2 1.2547971503470734 5.936750675496942 
0.2 1.2547971503470734 5.954031385404852 
0.2 1.2264443087943988 6.007768417307911 
0.2 1.2438144659712407 5.956459598110211 
0.2 1.2264443087943988 5.961111560170852 
0.2 1.253815454829379 39.013356408961506 
0.2 1.2506979307632946 5.955604527085625 
0.2 1.253815454829379 5.935615380212959 
0.2 1.2264443087943988 6.01728985297639 
0.2 1.2547971503470734 5.935808780289117 
0.2 1.253815454829379 5.935791948918161 
0.2 1.2831493619711125 5.932847169204068 
0.2 1.2547971503470734 5.935403650895343 
0.2 1.2506979307632946 39.014045476099916 
0.2 1.253815454829379 39.013807743918285 
0.2 -104.23924602839587 5.939647048980431 
0.2 1.2264443087943988 5.935035085230065 
0.2 1.253815454829379 5.934954138604772 
0.2 1.253815454829379 39.014693003906515 
0.2 -104.23924602839587 5.96677524295375 
0.2 -104.23924602839587 5.966895499805932 
0.2 1.2831493619711125 5.932818662653313 
0.2 1.2831493619711125 5.932847527274528 
0.2 -103.95862355812889 5.932861536153214 
0.2 -104.23924602839587 5.939684445045128 
-0.3 -0.03433586239523834 24.157218618173008 
-0.3 -0.03433586239523834 278.1048464872503 
-0.3 -0.03433586239523834 338.4249714859441 
-0.3 -0.03433586239523834 24.082354660611177 
-0.3 -0.03433586239523834 39.07165056242345 
-0.3 -0.03433586239523834 39.07255161762951 
-0.3 -0.03433586239523834 41.955191595750826 
-0.3 -0.03433586239523834 24.12013758337008 
-0.3 -0.03433586239523834 39.57642810950535 
-0.3 -0.03433586239523834 24.11832536413561 
-0.3 -0.03433586239523834 24.097965489114447 
-0.3 -0.03433586239523834 39.11304584451378 
-0.3 -0.03433586239523834 24.099449752194467 
-0.3 -0.03433586239523834 39.065410538555575 
-0.3 -0.03433586239523834 39.02934006300254 
-0.3 -0.03433586239523834 24.082324097786373 
-0.3 -0.03433586239523834 331.41341954781745 
-0.3 -0.03433586239523834 39.03408068989254 
-0.3 -0.03433586239523834 24.082501462612 
-0.3 -0.03433586239523834 24.082316779143824 
-0.3 -0.03433586239523834 39.025321720818866 
-0.3 -0.03433586239523834 24.0821796330673 
-0.3 -0.03433586239523834 24.082389133981582 
-0.3 -0.03433586239523834 6.0767879889014065 
-0.3 -0.03433586239523834 39.03404843436226 
-0.3 -0.03433586239523834 6.080842296514843 
-0.3 -0.03433586239523834 39.04163914929145 
-0.3 -0.03433586239523834 39.04110793348133 
-0.3 -0.03433586239523834 6.035032487706924 
-0.3 -0.03433586239523834 6.081714792406447 
-0.3 -0.03433586239523834 39.46226560239937 
-0.3 -0.03433586239523834 6.077280379965421 
-0.3 -0.03433586239523834 5.962837238135283 
1.9 -104.0435727243799 153.73835609647955 
1.9 2.863808479114482 156.03568855153486 
1.9 2.7433138917804314 153.50788976593722 
1.9 2.863808479114482 39.03443540480666 
1.9 2.863808479114482 156.03641618961393 
1.9 -104.0435727243799 41.287339823698034 
1.9 -104.00383843990456 39.02464773037358 
1.9 -104.00383843990456 39.02940235288434 
1.9 -103.71555608925624 39.01726289053694 
1.9 -104.0435727243799 41.291251468928486 
1.9 -104.00384292174289 7.661058325990447 
1.9 -104.00383843990456 39.02657523000226 
1.9 -104.00383843990456 39.01614849978899 
1.9 2.7433138917804314 7.666975906520754 
1.9 2.8585171936824025 39.05279250013758 
1.9 -104.00383843990456 39.02562615453084 
1.9 -104.00383843990456 39.02558327191114 
1.9 -104.0435727243799 41.28740636186355 
1.9 -103.71555608925624 39.01742363462773 
1.9 -104.00384292174289 7.661686068155261 
1.9 -103.71556248711549 39.02454675956472 
1.9 -103.7245487065329 7.668779310589548 
1.9 -104.00383843990456 39.02344128671075 
1.9 -104.00383843990456 6.562888864345788 
1.9 -103.72454232986462 331.41163813832696 
1.9 -104.00383843990456 6.563767772273042 
1.9 2.858514006349367 6.463970273985404 
1.9 -103.12766319424018 10.102175778802394 
1.9 -104.00383843990456 39.02639380991631 
1.9 -104.00383843990456 6.562932805040493 
1.9 -104.00383843990456 6.4994099071077 
1.9 -104.00383843990456 6.505434631763063 
1.9 -104.00383843990456 6.570135414522375 
1.9 -104.00383843990456 39.0325723964323 
1.9 -104.00383843990456 39.03352920958414 
1.9 2.8375029152625615 39.037164727506116 
1.9 2.7433138917804314 39.23247931093756 
1.9 1.5190155937303018 39.03017365712398 
1.9 -104.00384292174289 7.6610732896086455 
1.9 -103.7245487065329 7.661906798360764 
1.9 -104.00383843990456 39.022519785647056 
1.9 -104.00383843990456 39.02353496979127 
1.9 -104.00383843990456 39.02317473205818 
1.9 2.7433138917804314 7.700762849975712 
1.9 -103.71555608925624 6.014548365147557 
1.9 -104.00384292174289 39.232543913510455 
1.9 -104.00383843990456 6.156020935997454 
1.9 -104.00383843990456 6.154349314380043 
1.9 -104.00384292174289 39.23289908852997 
1.9 2.7433138917804314 39.23382645399111 
1.9 -104.00383843990456 5.998981308002196 
1.9 -104.00384292174289 39.232808309132245 
1.9 1.332483145037429 39.01639961337759 
1.9 -103.71556248711549 6.489841091331244 
1.9 2.8585171936824025 6.022593425270953 
1.9 -104.00383843990456 6.4994225604719045 
1.9 -104.00383843990456 39.02729127718664 
1.9 -104.00383843990456 39.04139551170822 
1.9 1.0840278893542745 5.981554899307366 
1.9 -104.00383843990456 39.01784206237439 
1.9 -103.71555608925624 6.014461655391544 
1.9 -103.71555608925624 6.015537445026225 
1.9 -104.00383843990456 6.505054296066618 
1.9 2.863808479114482 6.001120454907787 
1.9 -103.71555608925624 6.014361938936859 
1.9 -104.00383843990456 5.9935071916694564 
1.9 1.9898827794609701 5.9548430056644275 
1.9 -104.00383843990456 5.997842002759496 
-0.0 0.03627713972925051 6.125021699834519 
-0.0 0.0 6.113884537728376 
0.0 0.03627713972925051 24.097642356019918 
0.0 0.04023021800988147 5.953760952858077 
0.0 0.03627713972925051 5.9562711690531 
1.4 0.10475306834810283 170.7253114363323 
1.4 0.0671354847271175 169.97450359356745 
1.4 0.1028144466448424 170.7253117379413 
1.4 0.0671354847271175 6.022251123090417 
1.4 0.0671354847271175 6.061595396534405 
1.4 0.0671354847271175 6.029087282599607 
1.1 -0.2908800997336414 24.080355503108464 
1.1 -0.43217082661057304 24.08241507123148 
1.1 -0.43217082661057304 39.031226807565965 
1.1 -0.2908800997336414 24.077483345331874 
1.1 -0.43217082661057304 39.028353699714316 
1.1 -0.43217082661057304 39.02539714769438 
1.1 -0.43217082661057304 39.02829563312128 
1.1 -0.43217082661057304 39.02544171727924 
1.1 -0.43217082661057304 39.053664435871866 
1.1 -0.43217082661057304 6.024917159688827 
1.1 -0.43217082661057304 39.03518009336156 
1.1 -0.43217082661057304 39.026448844046385 
1.1 -0.008025942570853317 24.075872375600344 
1.1 -0.43217082661057304 5.989590609843094 
1.1 -0.43217082661057304 24.082341485408673 
1.1 -0.43217082661057304 39.028172722805664 
1.1 -0.43217082661057304 6.007844954324478 
1.1 -0.43217082661057304 6.099856704226239 
1.1 -0.43217082661057304 6.021395650149443 
1.1 -0.43217082661057304 6.1057865909782665 
1.1 -0.43217082661057304 39.70567155271175 
1.1 -0.43217082661057304 39.01770886480848 
1.1 -0.43217082661057304 5.961204196701116 
1.1 -0.43217082661057304 39.01421844364086 
