-1.0 197.94751299211023 35.992501214885195 
-1.0 197.94751299211023 35.69530665155067 
-1.0 197.94751299211023 39.016838136937885 
-1.0 197.94751299211023 39.02378610065679 
-1.0 197.94751299211023 2.8217698366834614 
-1.0 197.94751299211023 2.822735681014234 
-1.0 197.94751299211023 39.04717861584701 
-1.0 197.94751299211023 2.825806473083944 
-1.0 197.94751299211023 2.82176955613276 
-1.0 197.94751299211023 2.815616956233185 
-1.0 197.94751299211023 2.822661841262508 
-1.0 197.94751299211023 2.813056184928116 
-1.0 197.94751299211023 2.750088295932865 
-1.0 197.94751299211023 2.8222201707849743 
-1.0 197.94751299211023 2.874342529915733 
-1.0 197.94751299211023 2.777681889788339 
-1.0 197.94751299211023 2.7502676559149326 
-1.0 197.94751299211023 39.02520110119809 
-1.0 197.94751299211023 39.0192189323137 
-1.0 197.94751299211023 11.837355340066436 
-1.0 197.94751299211023 39.01397304331493 
-1.0 197.94751299211023 2.725112614394581 
-1.0 197.94751299211023 2.7519454042934948 
-1.0 197.94751299211023 2.811181561939592 
-1.0 197.94751299211023 2.7605185332628106 
-1.0 197.94751299211023 2.7355132220012033 
-1.0 197.94751299211023 39.02152032355079 
0.7 -0.24003445771465248 9.765560294375375 
0.7 -0.1362329724932716 262.7696316983785 
0.7 -0.27372024039777165 139.2136703796683 
0.7 -0.11042727648770922 39.04597658089149 
0.7 -0.12358517794366342 40.48662994435356 
0.7 -0.09443713981403845 39.023712601036046 
0.7 0.1699144212804784 139.19589545683152 
0.7 -0.24003445771465248 9.765211891588196 
0.7 -0.24003445771465248 40.080382863282644 
0.7 -0.09443713981403845 39.03255225592484 
0.7 -0.09443713981403845 39.23548979305847 
0.7 -0.09443713981403845 39.024969039927605 
0.7 -0.32534152260187765 39.01783546773631 
1.5 0.06410760975684537 344.2435998706349 
-0.9 197.94751299211023 39.0200676230868 
-0.9 197.94751299211023 2.8412570549539486 
-0.9 197.94751299211023 39.64371213480656 
0.6 -0.40216107386739885 106.30732059737554 
0.6 -0.40216107386739885 106.30731885838966 
0.6 0.016863843355462205 39.02072603100374 
4.3 -0.22161254313239387 39.022540891106 
3.0 -0.20329226501196085 39.02935337880354 
-0.7 -0.16329319400554532 271.16937025429047 
-0.7 0.025615750940106707 39.02726898156377 
-0.7 -0.16329319400554532 271.17018549025073 
-0.7 0.025615750940106707 39.02695176172436 
-0.7 -0.24763311658723342 270.64413809553 
-0.7 0.025615750940106707 39.02166450321972 
-0.7 -0.16329319400554532 42.51311419819251 
-0.7 0.13284003351626605 39.02465356131536 
-0.7 0.025615750940106707 39.01687636010543 
-0.7 0.025615750940106707 39.0913432809136 
-0.7 -0.24763311658723342 270.6439438070366 
-0.7 -0.2772201964948209 39.022177896046315 
-0.7 0.046591677558249334 39.96155524338679 
-0.7 0.025615750940106707 39.024648283281515 
-0.7 -0.233846221563218 39.017052202992815 
-0.7 -0.02442011933303423 39.47846377664937 
-0.7 0.025615750940106707 39.01694729189325 
-0.7 0.025615750940106707 39.0220984234429 
-0.7 0.025615750940106707 39.02172698649655 
-0.7 -0.24763311658723342 270.64413809602917 
-0.7 -0.3011606819892876 42.509161850474456 
-0.7 0.025615750940106707 39.03112022425661 
-0.7 -0.233846221563218 39.02181378633834 
-0.7 0.025615750940106707 39.01855390393197 
-0.7 0.025615750940106707 39.020194780912895 
-0.7 0.025615750940106707 39.02122969882349 
-0.7 0.025615750940106707 39.47552914467528 
-0.7 -0.02442011933303423 39.02707311150372 
-0.7 -0.02442011933303423 39.02487605274367 
-0.7 -0.16329319400554532 42.94658602437408 
-0.7 0.025615750940106707 39.01812114073234 
-0.7 -0.2772201964948209 39.0793885052908 
-0.7 0.025615750940106707 39.01692754725323 
-0.7 -0.2772201964948209 39.01743427065781 
-0.7 -0.24763311658723342 270.6439437333462 
-0.7 -0.02442207313517919 39.02519014126573 
-0.7 0.025615750940106707 39.01738364389271 
-0.7 -0.2772201964948209 39.07814761470166 
-0.7 -0.3011606819892876 42.509114702824604 
-0.7 -0.2772201964948209 39.017504127178455 
-0.7 0.025615750940106707 39.016876364702306 
-0.7 -0.3008166513467432 43.13896530381717 
-0.7 0.025615750940106707 39.02403504958831 
-0.7 0.025615750940106707 36.93721983862431 
-0.7 0.025615750940106707 39.0162443931968 
-0.7 -0.24763311658723342 39.01599605557004 
-0.7 0.13287290408637675 39.025357927321416 
-0.7 -0.27722083648639284 39.021894145506735 
-0.7 -0.24763311658723342 39.016142505488375 
-0.7 0.025615750940106707 39.02333893052885 
-0.7 -0.27722083648639284 39.022093754796416 
-0.7 -0.3373518985308126 39.01596590626588 
-0.7 -1.2307935504910281 39.01850281730892 
-0.7 0.025615750940106707 36.93676593121871 
-0.7 0.027592336000463735 42.5133779849978 
-0.7 -0.2772201964948209 39.01879654720529 
-0.7 -0.2772201964948209 39.06983668306677 
-0.7 -0.37979933453585746 39.0164245745278 
-0.7 -0.24763311658723342 39.01599281850728 
-0.7 -0.37979933453585746 39.01642016170769 
-0.7 -0.49346789351218834 42.5122442403176 
-0.7 -0.37979933453585746 39.01648592687304 
-0.7 -0.37979933453585746 39.01639847194406 
-0.7 -0.27231297379919184 43.213448160287236 
-0.7 0.025615750940106707 2.740516612145547 
-0.7 -0.37979933453585746 39.01641630176002 
-0.7 -0.37979933453585746 39.016399099794306 
-0.7 -1.2307935504910281 39.05455486974998 
-0.7 -1.117030405440206 36.93439004997903 
-0.7 0.025615750940106707 2.7403414201261445 
-0.7 -0.31191348720736056 39.02258902593494 
-0.7 -0.49346789351218834 42.5120770338162 
-0.7 -0.6124050837370012 42.508174700805434 
-0.7 0.025615750940106707 36.93727144264363 
-0.7 -1.0997026817530267 39.01635141378235 
-0.7 -1.2307935504910281 39.054558020660814 
-0.7 0.025615750940106707 39.01831471918081 
-0.7 -0.37979933453585746 39.01639402764256 
-0.7 0.025615750940106707 39.01782907510442 
-0.7 -0.02442011933303423 39.01635217120296 
-0.7 -0.31730731604608664 2.7162582547940946 
-0.7 -0.2772201964948209 2.827061924468285 
-0.7 -0.3373518985308126 39.10807679515794 
-0.7 0.025615750940106707 2.72722691559621 
-0.7 -0.3373518985308126 39.01728955502366 
-0.7 -0.27722083648639284 2.8348443985185052 
-0.7 -0.3675947116903924 2.7310669312737113 
-0.7 0.025615750940106707 2.742982089108241 
-0.7 0.025615750940106707 39.01609903030882 
-0.7 0.13284003351626605 2.8394371810467254 
-0.7 -0.3675947116903924 2.71770791760375 
-0.7 0.025615750940106707 2.7086170229295115 
-0.7 -1.1176646897738416 39.016343770724475 
-0.7 -1.1197004704279503 39.02001995946049 
-0.7 -0.37979933453585746 39.01579800437555 
-0.7 -0.3373518985308126 39.01596510072628 
-0.7 -1.1257574112169833 36.93432856104512 
-0.7 -1.1224645697943438 39.01635528028301 
-0.7 -0.27722083648639284 2.8348837962758804 
-0.7 -1.2307935504910281 39.01842919691062 
-0.7 -0.2772201964948209 39.02079059816892 
-0.7 0.025615750940106707 36.9354125347192 
-0.7 -1.2307935504910281 39.05455487014046 
-0.7 0.13284003351626605 2.7201932792631403 
-0.7 -0.2986730084472109 2.710502356398877 
-0.7 -1.2307935504910281 39.01914699241556 
-0.7 0.025615750940106707 2.717649844764304 
-0.7 -0.3563384878782523 2.7178789192027923 
-0.7 -0.022109772478580147 2.731425916773158 
-0.7 -1.1082147178982158 39.15100862661898 
-0.7 -0.43368394269874533 39.01642386107579 
-0.7 -1.2307935504910281 39.018428210181455 
-0.7 0.13284003351626605 39.016692299986126 
-0.7 -0.3373518985308126 2.7463265363876834 
-0.7 0.025615750940106707 2.696218669297903 
-0.7 -0.31191348720736056 2.7160487262355644 
-0.7 -1.1718476536457711 39.017715593206994 
-0.7 0.15370741254733788 39.017194861242686 
-0.7 0.025615750940106707 39.02227093966377 
-0.7 -0.27722083648639284 39.0250659985374 
-0.7 -1.2307935504910281 39.0198708840417 
-0.7 -0.3675947116903924 2.7178850682022855 
-0.4 -0.1848873822399124 249.51775814576897 
-0.4 -0.28601225647145934 77.41687702291793 
-0.4 -0.05769711538856925 39.64470652263641 
-0.4 -1.109868565170786 39.02593383942754 
-0.4 0.18386571971260945 230.09851068233596 
-0.4 -1.0213775342615856 39.023571759495226 
-0.4 -0.7740095660356134 249.15793515144748 
-0.4 -1.109868565170786 39.02823136648283 
-0.4 -1.109868565170786 39.023503434843114 
-0.4 -0.3199501125745525 105.95917522446355 
-0.4 -1.0988276296929032 39.02843351540834 
-0.4 -1.1092114072998487 39.01941161853096 
-0.4 -1.045902371448168 39.01880685768958 
-0.4 -1.0070998771087774 39.02170215370083 
-0.4 -0.33163122295667025 39.08861011175916 
-0.4 -1.045902371448168 39.01630726311912 
-0.4 -1.109868565170786 39.02304299778504 
-0.4 -1.093814035643629 39.01987000561112 
-0.4 -1.0213775342615856 39.018653589003804 
-0.4 -0.2904829979866277 39.01957031943198 
-0.4 -0.690633271869854 39.47587120801226 
-0.4 -1.0213775342615856 39.019692603482284 
-0.4 -1.045902371448168 39.016307410789565 
-0.4 -0.6843496208252442 39.0163962850772 
-0.4 -1.1105445488899992 105.95590939234889 
-0.4 -0.285960326402807 39.01667644310163 
-0.4 -1.0899132177893345 39.02233602453354 
-0.4 -0.6885514062553411 39.017225254122216 
-0.4 -1.0988276296929032 2.8213200882417078 
-0.4 -1.045902371448168 39.02024675414904 
-0.4 -1.093814035643629 39.01882354006494 
-0.4 -1.0988276296929032 39.96229892166247 
-0.4 -0.6843496208252442 39.01541815601791 
-0.4 -1.1092114072998487 39.01864448664516 
-0.4 -1.0988276296929032 11.851853638225133 
-0.4 -1.0988276296929032 2.8242075344430457 
-0.4 -0.6860054697855886 39.02322819935671 
-0.4 -0.2901652900390075 39.01868261523279 
-0.4 -1.0988276296929032 2.8211389535328655 
-0.4 -1.109868565170786 39.026878775206775 
-0.4 -1.109868565170786 39.024955380443366 
-0.4 -1.105877154353374 105.95783881825719 
-0.4 -0.7421283701638914 2.821131715422516 
-0.4 -1.0988276296929032 2.842399193919328 
-0.4 -1.109868565170786 39.023997830446426 
-0.4 -0.6900971058450784 39.02352047328542 
-0.4 -0.2876481873246981 39.01652828839721 
-0.4 -1.1092114072998487 39.01655034742153 
-0.4 -0.2904829979866277 39.02097332650655 
-0.4 -1.1054731177447863 105.95609850535064 
-0.4 -0.2904829979866277 39.01989557179829 
-0.4 -0.7421283701638914 2.8191480445727897 
-0.4 -1.1092114072998487 39.023620350103755 
-0.4 -0.6900971058450784 2.8233192261210767 
-0.4 -1.109868565170786 39.023038736138965 
-0.4 -1.0988276296929032 2.846800395156091 
-0.4 -1.1092114072998487 39.017928817746046 
-0.4 -1.1092114072998487 39.01998417549679 
-0.4 -0.7421283701638914 2.763228859136155 
-0.4 -1.1105445488899992 105.95590939216719 
-0.4 -0.7421283701638914 2.8202898138491155 
-0.4 -1.109868565170786 39.02294734559949 
-0.4 -1.1105445488899992 105.95601582313432 
-0.4 -1.0988276296929032 2.7462003307923903 
-0.4 -1.0988276296929032 2.8325356176348646 
-0.4 -1.0213775342615856 39.02003623644609 
-0.4 -1.109868565170786 39.02269635957286 
-0.4 -0.41510261646567526 39.01582216787324 
-0.4 -1.109868565170786 39.02272844998749 
-0.4 -0.6842652438994965 2.746305465010949 
-0.4 -0.6859963897868127 39.01600051932328 
-0.4 -0.33163122295667025 39.02091631003729 
-0.4 -0.897881423915283 39.025234813293565 
-0.4 -1.0988276296929032 39.01942552184458 
-0.4 -0.7421283701638914 2.8222000174228765 
-0.4 -0.2904829979866277 39.019336038324525 
-0.4 -1.1092114072998487 39.273862534653496 
-0.4 -1.0988276296929032 2.740391653615962 
-0.4 -1.0988276296929032 2.7517668042305257 
-0.4 -1.1092114072998487 39.01781072920645 
-0.4 -0.6947455724050022 2.8093854476831663 
-0.4 -0.37881940524735147 39.016398673898756 
-0.4 -1.0883696889874241 39.02115497303899 
-0.4 -1.109868565170786 40.005332936253374 
-0.4 -0.2904829979866277 39.02339944788315 
-0.4 -1.101235287023707 105.95897406562072 
-0.4 -1.1105445488899992 105.95681925821643 
-0.4 -1.109868565170786 39.022970727962814 
-0.4 -1.0988276296929032 39.0178270513517 
-0.4 -1.109868565170786 39.02153525021039 
-0.4 -1.1092114072998487 39.12509052357587 
-0.4 -1.1092114072998487 39.01698680507756 
-0.4 -1.0988276296929032 2.7405518704113736 
-0.4 -1.0988276296929032 2.7959063012085386 
-0.4 -1.1054731177447863 39.01809560637345 
-0.4 -1.109868565170786 39.0215977862478 
-0.4 -0.4143765393731087 39.01615897379851 
-0.4 -1.0984732362212082 39.01700345233722 
-0.4 -0.2904829979866277 2.8185620789326014 
-0.4 -1.0988276296929032 39.01850401666049 
-0.4 -1.045902371448168 39.02270470926438 
-0.4 -0.2904829979866277 39.01760301120912 
-0.4 -1.0988276296929032 2.7367148464806377 
-0.4 -0.897881423915283 2.740406383996092 
-0.4 -1.1092114072998487 39.016420259292914 
-0.4 -0.4143765393731087 39.015115912078834 
-0.4 -0.2904829979866277 39.017774916724306 
-0.4 -1.0883696889874241 39.01645395194876 
-0.4 -0.897881423915283 2.725133153248713 
-0.4 -1.1092114072998487 2.80352061107135 
-0.4 -0.40516869156943347 39.02388802635152 
-0.4 -1.1054731177447863 2.7293705780053803 
-0.4 -1.109868565170786 39.9202860903766 
-0.4 -1.0988276296929032 39.01814315107293 
-0.4 -0.7899635981196471 2.8369456335765886 
-0.4 -1.1092114072998487 2.804460834543877 
-0.4 -1.1054731177447863 39.023570118324194 
-0.4 -0.37881940524735147 39.44322803085553 
-0.4 -1.0694305061627194 2.7085279118234085 
-0.4 -1.0213775342615856 2.726966333347467 
-0.4 -1.1092114072998487 2.807852965603026 
-0.4 -0.33163122295667025 36.93611677408099 
-0.4 -0.690633271869854 39.02364881518064 
-0.4 -1.0727860279106016 2.7003372244629618 
-0.4 -0.12738218599173923 2.734742528117987 
-0.4 -1.0988276296929032 2.734754504626546 
2.2 -0.3559721617936604 94.3901825647593 
2.2 0.03791675590096677 39.03045781604322 
2.2 0.0927586057740899 36.00037095980122 
2.2 -0.09894766919458275 76.01613732095431 
2.2 -0.09894766919458275 94.33546075309577 
-1.2 197.94751299211023 11.852536368393105 
-1.2 197.94751299211023 11.858452746459228 
-1.2 197.94751299211023 39.022933722865695 
-1.2 197.94751299211023 39.02388106678101 
-1.2 197.94751299211023 39.0216516561031 
-1.2 197.94751299211023 39.069534303031084 
-1.2 197.94751299211023 39.021564515663776 
-1.2 197.94751299211023 39.01599995339861 
-1.2 197.94751299211023 11.85891593502866 
-1.2 197.94751299211023 39.02071460910129 
-1.2 197.94751299211023 11.848752800014113 
-1.2 197.94751299211023 11.850435340889199 
-1.2 197.94751299211023 39.02107740730603 
-1.2 197.94751299211023 39.0151737416005 
-1.2 197.94751299211023 11.848239820251282 
-1.2 197.94751299211023 11.849281999327511 
-1.2 197.94751299211023 39.03197021100619 
-1.2 197.94751299211023 39.02234129194363 
-1.2 197.94751299211023 39.02128302416137 
-1.2 197.94751299211023 11.84959754920851 
-1.2 197.94751299211023 11.849204837186493 
-1.2 197.94751299211023 11.831386574143375 
-1.2 197.94751299211023 39.01835529164307 
-1.2 197.94751299211023 11.848233922132334 
-1.2 197.94751299211023 11.83093332170019 
-1.2 197.94751299211023 39.01670837613952 
-1.2 197.94751299211023 39.0158539670334 
-1.2 197.94751299211023 2.7223042228892202 
-1.2 197.94751299211023 39.02137836906328 
-1.2 197.94751299211023 2.7264096602825356 
-1.2 197.94751299211023 11.831219206509273 
-1.2 197.94751299211023 11.831445123236621 
-1.2 197.94751299211023 39.12730893896459 
-1.2 197.94751299211023 11.831456076694677 
-1.2 197.94751299211023 11.828000240457419 
-1.2 197.94751299211023 39.016671523136274 
-1.2 197.94751299211023 39.01686536488441 
-1.2 197.94751299211023 11.830784798017902 
-1.2 197.94751299211023 39.01694751347993 
-1.2 197.94751299211023 39.01600105674912 
-1.2 197.94751299211023 2.7089285871511755 
-1.2 197.94751299211023 2.713851472822021 
-1.2 197.94751299211023 2.7709357852862797 
-1.2 197.94751299211023 2.752833552814635 
-1.2 197.94751299211023 2.833971368134247 
-1.2 197.94751299211023 2.754062086893989 
-1.2 197.94751299211023 2.7089561772822193 
-1.2 197.94751299211023 2.715038333541391 
-1.2 197.94751299211023 39.01528879002874 
-1.2 197.94751299211023 2.7366762432458365 
-1.2 197.94751299211023 2.7856624014290396 
-1.2 197.94751299211023 39.015995629617294 
-1.2 197.94751299211023 2.724676524555597 
-1.2 197.94751299211023 2.7100636246695937 
3.8 0.07443972005168265 39.74663546038776 
3.8 -0.12693741145744886 39.068545649217356 
2.3 0.04638106662567276 93.41590685675529 
1.0 0.09106836117316108 153.91250898585096 
1.0 0.022909710828992402 230.10102639509716 
1.0 -0.30169157056634255 230.10315964335646 
1.0 0.09678427061590522 153.90605372358107 
1.0 -0.13562282572286288 39.04213119731809 
1.0 -0.02052692084424912 36.94514124149467 
1.0 -0.1394520183126804 39.03057752351207 
1.0 0.03277702304796071 3.5171394771377305 
1.0 0.03277702304796071 39.02050965821009 
1.0 0.03275707761438795 39.02037175066459 
1.0 0.03275707761438795 39.02526032005898 
1.0 0.03275707761438795 39.028889582292166 
4.0 0.05885991791831735 14.101225289146758 
4.0 -0.3774106230555201 319.0592907575709 
4.0 0.29202821848514127 39.0459077647534 
4.0 -0.3913742076915179 40.177966662489396 
4.0 0.32697088287810505 8.843914183265378 
4.0 -0.04489890746161862 39.02390089323912 
0.9 -0.4501394485719945 275.3533355610657 
0.9 -0.2191861054474442 39.13403199645488 
0.9 -0.4442837860904436 275.3533553523022 
-0.5 -0.13134478459512255 342.37822245481084 
-0.5 0.02348254363739688 37.97474670568939 
-0.5 0.23468139607119998 39.01778981319076 
-0.5 0.07251355366732959 36.9346436087411 
-0.5 0.02348254363739688 40.11703020068876 
-0.5 0.04151037200857921 39.01358780055458 
-0.5 0.2478961215838993 36.939953106453274 
-0.5 -0.06143653359882739 39.02384249076964 
-0.5 -0.30291707167048165 39.01863285487458 
-0.5 0.24788834178883468 36.942214404292855 
-0.5 -0.1936834491500634 39.01648172087876 
-0.5 0.04151037200857921 39.02063143935554 
-0.5 0.2478961215838993 39.07857585577212 
-0.5 0.3482652627940457 36.94268716257622 
-0.5 0.24788834178883468 36.94235955118617 
-0.5 -0.30291707167048165 39.01600391456904 
-0.5 -0.13134478459512255 342.3784906360466 
-0.5 -0.06143653359882739 39.02426712205328 
-0.5 -0.06143653359882739 39.02732671702909 
-0.5 0.2478961215838993 39.02690328333399 
-0.5 -0.06143653359882739 2.8159547197936745 
-0.5 0.02348254363739688 40.0087277535084 
-0.5 -0.3103083084850946 39.105760416792016 
-0.5 0.2478961215838993 36.93955583288066 
-0.5 0.24788834178883468 39.02381299612442 
-0.5 -0.30291707167048165 39.016002794303844 
-0.5 0.2478961215838993 39.022245327895625 
-0.5 0.1412883592139651 39.020404391033935 
-0.5 -0.06143653359882739 2.8614256167008665 
-0.5 -0.08608243256575787 39.104819755162275 
-0.5 -0.06143653359882739 11.852530284116892 
-0.5 0.2478961215838993 39.02010392830536 
-0.5 0.3482652627940457 2.822758793077884 
-0.5 -0.30291707167048165 39.015989690709276 
-0.5 -0.06143653359882739 39.02879187431865 
-0.5 0.2478961215838993 3.4165928404520245 
-0.5 -0.30291707167048165 39.01604707438499 
-0.5 -0.1936834491500634 39.015169550243584 
-0.5 0.3482652627940457 39.023967188484164 
-0.5 -1.1027176133769707 39.01580069564061 
-0.5 0.3482652627940457 39.02398374597052 
-0.5 0.2478961215838993 39.022513619034655 
-0.5 -0.1936834491500634 39.0151759525357 
-0.5 0.3482652627940457 2.812810674323081 
-0.5 -0.06143653359882739 2.864300553990839 
-0.5 0.3482652627940457 39.02518466692385 
-0.5 -0.30291707167048165 39.024572844569114 
-0.5 0.3482652627940457 39.02394980772337 
-0.5 0.2478961215838993 39.021628546788314 
-0.5 -0.06143653359882739 39.02403632627761 
-0.5 -0.06143653359882739 39.019387596235816 
-0.5 -0.06143653359882739 2.8210033674573602 
-0.5 0.2478961215838993 39.017764186251114 
-0.5 -0.06143653359882739 39.020253281413446 
-0.5 -0.30291707167048165 2.862447081232308 
-0.5 -1.104354334315207 39.018809270166074 
-0.5 0.3482652627940457 39.02666142961733 
-0.5 -0.30291707167048165 2.8702539700135166 
-0.5 0.3482652627940457 2.8170406377782795 
-0.5 -0.06143653359882739 39.02347716882666 
-0.5 0.3482652627940457 2.8427444447259065 
-0.5 0.008672293887590499 2.8152607426858602 
-0.5 -0.06143653359882739 2.8222004639017597 
-0.5 -1.0884741962897921 2.8930603657286826 
-0.5 -0.06143653359882739 2.7736629677659637 
-0.5 -0.30290633840893477 39.05887342757767 
-0.5 -0.06143653359882739 2.749491051133087 
-0.5 -0.06143653359882739 2.8389509775982837 
-0.5 0.24788834178883468 2.8274772444866043 
-0.5 -1.1026868534745686 39.01947595554679 
-0.5 -0.06143653359882739 39.023295678031694 
-0.5 -1.099628599624821 2.819265574174848 
-0.5 -0.30290633840893477 39.02346051902344 
-0.5 -1.097943985798556 39.01590748081075 
-0.5 0.24788834178883468 39.016294590031514 
-0.5 -1.1026868534745686 39.01923975614951 
-0.5 0.008672293887590499 39.015847109532494 
-0.5 -1.0884741962897921 2.898812810026756 
-0.5 -0.06143653359882739 2.7486191294428095 
-0.5 0.008672293887590499 2.7500633724119363 
-0.5 -0.3296296928341784 39.05135549759513 
-0.5 -1.1027176133769707 39.020577571336524 
-0.5 -0.3529883319593441 105.95590939216719 
-0.5 -1.1027176133769707 39.01589318558883 
-0.5 -1.104354334315207 39.01884279641092 
-0.5 -1.1027176133769707 39.01714530061387 
-0.5 -0.06143653359882739 39.016134590374826 
-0.5 0.008672293887590499 39.01577964852758 
-0.5 0.2478961215838993 39.01993660215468 
-0.5 -1.1027176133769707 39.020329892738935 
-0.5 0.2478961215838993 39.017252062137324 
-0.5 -0.41724644991156623 39.01597392405192 
-0.5 -1.0884741962897921 2.7777567856741103 
-0.5 -0.06820791470547749 2.8197611735650043 
-0.5 -0.6078895527986468 42.50916451169914 
-0.5 -1.099628599624821 2.8195047987127078 
-0.5 -0.08072473706262517 2.7511640371354256 
-0.5 -0.002007095951013227 39.02436261267505 
-0.5 -1.096393782016733 39.0163646998145 
-0.5 -1.0884741962897921 39.0243010463313 
-0.5 -1.099628599624821 2.8231917766558103 
-0.5 -0.30291707167048165 39.037465767052154 
-0.5 -1.104354334315207 39.01901231497165 
-0.5 -1.0955326915876615 39.02086337362941 
-0.5 -1.099628599624821 2.8027047493668387 
-0.5 -1.1027176133769707 39.01656977161872 
-0.5 -1.099628599624821 2.8240116391108616 
-0.5 -1.1090618511462198 2.8218339387068534 
-0.5 -1.099628599624821 39.02365238095834 
-0.5 -0.3296296928341784 2.817090425908582 
-0.5 -1.0468469488047183 2.713972215855075 
-0.5 -0.3296296928341784 2.7129672536386145 
-0.5 -0.4184285467117874 39.0208498989334 
-0.5 -0.06143653359882739 2.732761031623625 
-0.5 -0.3296296928341784 39.02241008779466 
-0.5 -1.1090618511462198 39.022047873075785 
-0.5 -1.0895550076708842 2.7173292866023733 
-0.5 -1.099628599624821 2.804556701860884 
-0.5 0.008672293887590499 2.8212636889838794 
-0.5 -0.6748434932429532 2.8233441854931867 
-0.5 -0.30291707167048165 2.7985459682095746 
-0.5 0.24788834178883468 39.80074040513295 
-0.5 -0.08072473706262517 2.806300832955092 
-0.5 -0.06143653359882739 2.7145362037829 
-0.5 -0.41700560484026616 2.7778382271209017 
-0.5 -1.0531613517722995 2.714076159396682 
-0.5 -0.41700560484026616 2.7778382271211495 
-0.5 -1.099628599624821 2.8027047493665926 
-0.5 -1.0895550076708842 2.715503320032652 
-0.5 -1.1026868534745686 39.0205351696664 
-0.5 -1.1190986074953058 39.022039516403886 
-0.5 -1.0458310058688325 2.71515050176281 
-0.5 -1.0649478946995385 39.016379385204836 
-0.5 -1.0531613517722995 2.709205851383747 
-0.5 -1.0750612925703447 2.7152478515152887 
-0.5 -0.06143653359882739 2.8165212475894617 
-0.5 -1.0649478946995385 39.01581640650524 
-0.5 -0.30290633840893477 39.01523338963849 
-0.5 -1.10437105282946 39.016234293427786 
-0.5 -0.3296296928341784 2.7133899415595333 
-0.5 -1.0677639514678123 39.0187408563403 
-0.5 -0.41700560484026616 2.803845711378467 
-0.5 -0.06143653359882739 2.70719274690626 
-0.5 -0.06143653359882739 2.7103888709472663 
-0.5 -1.0468469488047183 2.714724194020362 
-0.5 -1.0750612925703447 2.7145936907366353 
-0.5 -1.1186189251855432 2.7976285157644454 
-0.5 -0.41700560484026616 2.808381416405758 
-0.5 -1.053132359797997 2.7239356152912992 
-0.5 -0.06143653359882739 2.7111204104025908 
-0.5 -0.41700560484026616 2.717833988171992 
-0.5 0.008672293887590499 2.7105779661027105 
-0.5 -1.0895550076708842 39.0268749549906 
-0.5 -1.053132359797997 2.7065069821868684 
-0.5 -1.053132359797997 2.7166687545573334 
-0.5 -0.06143653359882739 2.709453933890881 
-0.5 -1.0531613517722995 2.718630023475758 
3.1 0.15691497489716344 39.28697120331814 
2.6 0.2687132199464797 3.0080891244464913 
3.6 0.13491116750265553 258.18867778173507 
3.6 0.15578362956427583 39.0133358499019 
1.3 -0.1846591285617798 231.38385233110589 
1.6 0.04614550224326308 345.8898547744666 
1.6 -0.16649865793353946 344.2613747145343 
1.6 -0.11718313246478851 39.276657899727866 
1.6 -0.1444627041935025 39.18345989582214 
1.6 0.16579776751773556 39.02801482549551 
1.6 -0.02987975420755795 344.23795549586214 
1.6 102.9797043414671 39.02672020396977 
0.1 -0.024488574062557333 51.10511056912124 
0.1 0.030866716349558843 9.764734568206896 
0.1 0.029186472682326325 9.7659880055449 
0.1 0.058896974312163675 2.795739269904276 
0.1 -0.23674035233562862 39.01517997133485 
0.1 0.058896974312163675 2.8034346261100245 
0.1 0.06879819534502474 2.773687854477952 
0.1 0.05851486342518264 2.847662346627786 
0.1 0.058896974312163675 2.749442736732487 
0.1 0.058896974312163675 39.02202195564181 
0.1 0.058896974312163675 2.8634356609964606 
0.1 0.06889397944639208 2.78209521847808 
0.1 0.06889397944639208 2.7398508596507267 
0.1 0.05878912348569587 2.755793034174594 
0.1 0.11885242781839356 2.808486497447615 
0.1 0.058896974312163675 2.8660345169256782 
0.1 -0.4940009128813623 105.95597898117163 
0.1 0.06879819534502474 36.93513412889124 
0.1 0.06879819534502474 2.7864652681204944 
0.1 0.058896974312163675 39.0180576422563 
0.1 0.058896974312163675 39.018032388585816 
0.1 0.06889397944639208 2.7531359227058214 
0.1 0.058896974312163675 39.018854198880604 
0.1 0.06889397944639208 2.731746496038617 
3.5 0.14518606205522833 6.138909529965317 
3.5 0.14518606205522833 6.138911037108602 
3.5 0.008701086603127628 39.06990521674828 
2.8 0.20444198339229525 258.7415920889279 
2.8 -0.16847840974738415 175.00516243503483 
2.8 -0.361336887476317 195.1164373642248 
2.8 -0.12006798925265438 68.14181662333714 
2.8 0.1294673128469288 108.33587829846888 
2.8 -0.2572550746012676 39.04547166401094 
2.8 -0.3386417495768812 39.05284533794865 
2.8 -0.3413713772057214 39.035108078676735 
2.8 -0.407786054761095 117.85653220413054 
2.8 -0.16496652298857706 40.55477456478917 
2.8 -0.12036685084175058 42.46297342377501 
2.8 -0.3197040383489629 175.00833198180786 
2.8 -0.3413713772057214 39.03498132884173 
2.8 -0.407786054761095 117.85662678401201 
1.7 0.5276829723430305 39.02663052644638 
1.7 -0.028875911352763683 39.01630891360597 
1.7 -0.038523561516294436 39.01936697440697 
2.1 -0.0621111212239851 139.1498152282826 
-1.1 197.94751299211023 21.297782582274376 
-1.1 197.94751299211023 19.790586423113535 
-1.1 197.94751299211023 284.41468011171315 
-1.1 197.94751299211023 39.170026324662736 
-1.1 197.94751299211023 284.40875112875614 
-1.1 197.94751299211023 19.777823761929312 
-1.1 197.94751299211023 39.0255703441848 
-1.1 197.94751299211023 11.850484424649181 
-1.1 197.94751299211023 39.016882557956535 
-1.1 197.94751299211023 39.02348095815401 
-1.1 197.94751299211023 39.02041879036574 
-1.1 197.94751299211023 39.01563536796732 
-1.1 197.94751299211023 39.015870491439294 
-1.1 197.94751299211023 39.028884170680044 
-1.1 197.94751299211023 11.85056299292684 
-1.1 197.94751299211023 39.02778257932229 
-1.1 197.94751299211023 11.850982040051056 
-1.1 197.94751299211023 39.02426972419788 
-1.1 197.94751299211023 39.01845235301703 
-1.1 197.94751299211023 2.8660550041268853 
-1.1 197.94751299211023 39.02406840711511 
-1.1 197.94751299211023 2.861790473065731 
-1.1 197.94751299211023 39.01896719718191 
-1.1 197.94751299211023 2.7729499247801765 
-1.1 197.94751299211023 39.84361329726925 
-1.1 197.94751299211023 39.01884473293788 
-1.1 197.94751299211023 2.7144874688539113 
-1.1 197.94751299211023 2.7905847176824827 
-1.1 197.94751299211023 2.714676066762129 
-1.1 197.94751299211023 2.783456432985479 
-1.1 197.94751299211023 39.01622564999176 
-1.1 197.94751299211023 2.728288337590937 
-1.1 197.94751299211023 2.7268019639485352 
-1.1 197.94751299211023 2.7214968140065867 
-1.1 197.94751299211023 2.7167018411659747 
-1.1 197.94751299211023 2.712643042763067 
-1.1 197.94751299211023 2.714570092497685 
-1.1 197.94751299211023 2.802230180690287 
-1.1 197.94751299211023 2.830395819507544 
2.5 -0.09238847744736733 213.69559962494395 
2.5 -0.18135954566996904 118.31630937549338 
2.5 -0.11442581092425397 107.03881403191411 
2.5 -0.11457613764106211 213.4701277357368 
0.5 0.01426419570495785 181.42772117926035 
0.5 -0.06432662434277803 39.020889130940134 
3.2 0.11763919605224116 32.146198072041486 
3.2 -0.12590950820022995 19.055721774606585 
3.2 0.2772157884498294 39.029701919193236 
-0.8 197.94751299211023 249.7747006734171 
-0.8 197.94751299211023 253.82612034683714 
-0.8 197.94751299211023 342.16159453141495 
-0.8 197.94751299211023 94.37211496950266 
-0.8 197.94751299211023 270.64354569452723 
-0.8 197.94751299211023 39.99378309516159 
-0.8 197.94751299211023 39.01865273264553 
-0.8 197.94751299211023 39.02204171164873 
-0.8 197.94751299211023 271.1694339057361 
-0.8 197.94751299211023 11.852506243806268 
-0.8 197.94751299211023 39.47824528836834 
-0.8 197.94751299211023 105.95827791679213 
-0.8 197.94751299211023 39.02411538292107 
-0.8 197.94751299211023 11.848869786340446 
-0.8 197.94751299211023 42.50916195342282 
-0.8 197.94751299211023 42.509114702824604 
-0.8 197.94751299211023 2.786617712571885 
-0.8 197.94751299211023 2.8097716239365766 
-0.8 197.94751299211023 39.02211972177987 
-0.8 197.94751299211023 2.869428397885175 
-0.8 197.94751299211023 39.02136950079182 
-0.8 197.94751299211023 2.7399638345915487 
-0.8 197.94751299211023 2.7865010165766475 
-0.8 197.94751299211023 39.0268322376152 
-0.8 197.94751299211023 2.7375614198294627 
-0.8 197.94751299211023 39.02195674143658 
-0.8 197.94751299211023 2.7401422658456225 
-0.8 197.94751299211023 2.7404776362740937 
-0.8 197.94751299211023 39.04294589277752 
-0.8 197.94751299211023 39.01854399994256 
-0.8 197.94751299211023 39.015411337060705 
4.2 -0.5330135204814681 132.9810002645041 
4.2 0.04160009705094181 26.123462582369275 
4.2 -0.18398835500623956 39.02052649911473 
4.2 -0.18398902598118405 39.0229412001868 
4.2 -0.18398905542667277 39.024766641604586 
4.2 -0.18398905542667277 39.022929509474984 
4.2 101.91070825491396 22.31710379235172 
4.2 -0.5330149665489243 132.9810194277726 
4.2 0.07537012719870839 39.01372276575495 
4.2 -0.8002296329035647 39.021745209599814 
4.2 -0.18398905542667277 132.21034000037244 
4.2 -0.18398891401427808 39.02300160946426 
4.2 -0.18398914569088753 39.01787139552729 
4.2 -0.8002296329035647 39.02243835697594 
4.2 -0.18398681604228018 39.02853196198616 
4.2 -0.18398891401427808 11.857696420256133 
4.2 -0.27303898399056203 39.02522407489016 
4.2 -0.8002296329035647 39.02240861820796 
4.2 -0.8002296329035647 39.021731359843784 
2.7 -0.38664384220355763 256.4187620011028 
2.7 0.17051923806175173 39.07280408007225 
1.8 -0.3839221043291723 39.015684844617944 
1.8 -0.3839221043291723 39.015659684903504 
1.8 0.003021594192115895 39.01622296801656 
1.8 -0.3781852392629821 39.020734047204314 
1.8 -0.3478538580572965 39.215383017829666 
1.8 -0.3813116420347671 39.016368752031354 
0.4 0.2691093464664842 199.53855314891973 
0.4 -0.9340691164862072 39.03281676239113 
0.4 -0.9542410423269376 3.457296666768137 
0.4 -0.9340691164862072 39.032992478807685 
0.4 -0.9340691164862072 39.032986645295566 
0.4 -0.9542410423269376 3.4562556780226408 
0.4 -0.9542410423269376 3.4297879621402845 
0.4 -0.9542410423269376 39.469575964242026 
0.4 -0.9542410423269376 39.01712264028957 
0.4 -0.9542410423269376 3.44813529603609 
0.4 -0.8947209420003708 36.937886981689175 
0.4 -0.051681367681454926 271.16940419157095 
0.4 -0.9542410423269376 3.458736587936477 
0.4 -0.9340691164862072 39.02387546514409 
0.4 -0.9542410423269376 39.0211902838195 
0.4 -0.9542410423269376 39.02110628490548 
0.4 -0.9545092650517606 2.740451852888958 
0.4 0.038052787549256006 39.282657810946624 
0.4 -0.9542410423269376 39.01809153431786 
0.4 -0.7039318926856901 39.01767149077229 
0.4 -0.2715341080868874 39.0158345709123 
0.4 -0.9542410423269376 2.760727571249705 
0.4 -0.9545092650517606 2.7100259014367967 
-0.2 -0.0760583447914096 77.3307584478307 
-0.2 -0.006415705729286625 11.11434905540778 
-0.2 -0.058644269770475876 2.891613914680761 
-0.2 -0.05112824886177281 41.513931466242134 
-0.2 -0.22057754366097315 39.02576133226768 
-0.2 -0.0779438755217765 39.02554492286627 
-0.2 -0.058644269770475876 2.8916126235479402 
-0.2 -0.006415705729286625 11.11434939154899 
-0.2 0.25100955066282404 39.02794317637919 
-0.2 -0.058644269770475876 2.867162044353586 
-0.2 0.004757081481766345 19.80040934994668 
-0.2 -0.058644269770475876 39.029061942487374 
-0.2 -0.058644269770475876 2.891512050152186 
-0.2 -0.0779438755217765 39.025323515938474 
-0.2 -0.22057108529077007 39.02587345863131 
-0.2 -0.0779438755217765 39.018428187230015 
-0.2 -0.0779438755217765 39.13992716123523 
-0.2 -0.16592105690746428 39.01783189632975 
-0.2 -0.16592105690746428 39.017254604819264 
-0.2 0.25100955066282404 36.93665774419971 
-0.2 0.25100955066282404 39.06915130731672 
-0.2 0.1488431709576412 2.7814686026246824 
-0.2 -0.4236781029827903 39.01658655685244 
-0.2 -0.423219127969541 2.7106341746584857 
-0.1 -0.33427849541748644 117.84264632993325 
-0.1 -0.33427849541748644 117.84264723503905 
-0.1 -0.31399037511330063 117.84329982861634 
-0.1 -0.08597141811362063 39.03236714772738 
-0.1 -0.13348915376844728 39.244361668102066 
-0.1 0.24847255884843733 39.01828467059958 
-0.1 -0.3343512415441119 39.023305352431635 
-0.1 -0.3343512415441119 2.7184944279291647 
-0.1 -0.33431968468101947 2.7183404130849316 
-0.6 0.08722872783914726 106.30741449157152 
-0.6 0.09104269166918666 116.75363463957791 
-0.6 0.35731293328660474 39.81328403497127 
-0.6 0.1594324010202799 39.023842074698294 
-0.6 0.09104269166918666 42.310189902942234 
-0.6 0.1594324010202799 39.02464022587657 
-0.6 0.08722872783914726 106.30741645252327 
-0.6 -0.26564175914829846 106.30980530759153 
-0.6 -0.12545811310565358 105.95589397046004 
-0.6 0.2514842188724109 106.3074537385179 
-0.6 0.13336942007007613 39.02559520605748 
-0.6 0.1594324010202799 39.5082227789517 
-0.6 0.09104269166918666 249.5177581438435 
-0.6 -0.010045967018357693 106.30756988781448 
-0.6 0.1594324010202799 39.02010392830536 
-0.6 -0.09258645974511448 39.0229628784318 
-0.6 0.038996441254756764 39.024203100630686 
-0.6 0.11946249623940508 39.02040439109618 
-0.6 0.08722872783914726 39.960691883709465 
-0.6 0.2028370265202657 39.0246517210619 
-0.6 -0.12545811310565358 105.95589438244174 
-0.6 -0.35175464711045157 105.95780412182134 
-0.6 0.16651834103640262 36.93666109172387 
-0.6 0.05327670610613744 39.02390987994061 
-0.6 0.13336942007007613 39.02704609480872 
-0.6 0.15952738807699607 39.01747702500389 
-0.6 0.038996441254756764 39.02244714876058 
-0.6 0.1594324010202799 39.018529154515214 
-0.6 -0.010045967018357693 39.96082863153583 
-0.6 -0.31678319950812206 39.01579387341341 
-0.6 0.16651834103640262 36.93738269436159 
-0.6 -0.35234465246171043 105.95590177837332 
-0.6 -0.09258645974511448 39.02296650140943 
-0.6 -0.274435759733475 39.97259284461297 
-0.6 -0.09258645974511448 39.017567595196354 
-0.6 -0.09258645974511448 39.01869475298709 
-0.6 0.1594324010202799 39.023808578888065 
-0.6 -0.274435759733475 39.97101735518801 
-0.6 -0.09258645974511448 39.01588165840545 
-0.6 -0.05554871425465224 39.969551750038086 
-0.6 0.1594324010202799 39.97372317585434 
-0.6 -0.09258645974511448 39.02395072205869 
-0.6 -0.35175464711045157 105.95792005666509 
-0.6 -0.3314418120478926 39.01630022370648 
-0.6 -0.11243822415876847 39.01948993385335 
-0.6 -0.35175464711045157 105.95780396198127 
-0.6 -0.31678319950812206 39.01579395550704 
-0.6 0.16651834103640262 36.939240179256295 
-0.6 -0.35175464711045157 39.0214911062758 
-0.6 -0.09258645974511448 39.024038297780095 
-0.6 -0.35175464711045157 39.99310028107077 
-0.6 0.1467407369971232 39.01800053050381 
-0.6 -0.3314418120478926 39.014840114093836 
-0.6 -0.09258645974511448 39.0224726775216 
-0.6 -0.35234465246171043 105.95642841126502 
-0.6 -0.3337305165620086 39.0153496338281 
-0.6 0.35731293328660474 39.016106243219085 
-0.6 -0.3337305165620086 39.01968819956899 
-0.6 -0.3314418120478926 39.0157777457692 
-0.6 -0.09258645974511448 39.017185395571374 
-0.6 -0.35175464711045157 39.01985655606948 
-0.6 -0.35175464711045157 39.01610960974274 
-0.6 -0.35234465246171043 105.9559026495536 
-0.6 -0.3314418120478926 39.014753114735264 
-0.6 -0.35234465246171043 39.01544202576 
-0.6 -0.3337305165620086 105.95640058042248 
-0.6 -0.35234465246171043 39.01410953909502 
-0.6 0.15952738807699607 39.019549945925384 
-0.6 -0.6094155036750954 42.50909336137615 
-0.6 -0.3337305165620086 36.93485601949703 
-0.6 0.15952738807699607 39.016962916460855 
-0.6 -0.09258645974511448 2.8710037295230926 
-0.6 -0.3178722836537289 39.01477040288856 
-0.6 -0.3337305165620086 36.938927142053714 
-0.6 -0.35234465246171043 39.01412539817876 
-0.6 -0.35175464711045157 2.794202089977493 
-0.6 -0.09258645974511448 39.017074765114025 
-0.6 -0.09258645974511448 2.873728702584594 
-0.6 -0.3314418120478926 39.01468602077167 
-0.6 -0.09258645974511448 2.740451852888958 
-0.6 0.1594324010202799 2.7607112172583856 
-0.6 -0.35175464711045157 39.0157242568922 
-0.6 -0.09258645974511448 39.02240636338048 
-0.6 -0.35234465246171043 39.01414743863016 
-0.6 0.1594324010202799 2.778323853431684 
-0.6 -0.09258645974511448 39.025881478085765 
-0.6 -0.22915005165667623 42.50834442062043 
-0.6 0.1594324010202799 2.762126205344316 
-0.6 -0.33598330035815005 2.79930092244089 
-0.6 -0.35175464711045157 39.014175244330474 
-0.6 0.1594324010202799 39.01605006779226 
-0.6 -0.33435736532773563 39.01884340171207 
-0.6 -0.09258645974511448 39.01565381229052 
-0.6 -0.35175464711045157 2.826211361496392 
-0.6 -0.35175464711045157 2.797093893291288 
-0.6 -0.31674496455338685 36.937532321128344 
-0.6 -0.18453328807794978 39.01750220194695 
-0.6 0.1594324010202799 2.7657682121521274 
-0.6 0.038996441254756764 2.7278556114011203 
-0.6 -0.3314418120478926 39.018594780911855 
-0.6 -0.09258645974511448 2.7269310181310407 
-0.6 -0.35175464711045157 39.015800279593975 
-0.6 -0.35175464711045157 2.7410233637288104 
-0.6 -0.35175464711045157 2.7323662624655363 
-0.6 -0.35175464711045157 39.0166856046584 
-0.6 0.3820525955779157 39.023248091870855 
-0.6 -0.35175464711045157 39.01459517766543 
-0.6 -0.6094155036750954 42.50908389772104 
-0.6 -0.33582534439986467 39.019560024601155 
-0.6 -0.35175464711045157 2.794369827504149 
-0.6 0.038996441254756764 2.7278556112895074 
-0.6 -0.09258645974511448 2.743592478726635 
-0.6 0.053648450486290855 2.75710404235836 
-0.6 -0.33435736532773563 39.02100132207971 
-0.6 -0.09258645974511448 39.01671555332982 
-0.6 -0.33435736532773563 2.7184363547896773 
-0.6 -0.35175464711045157 2.741014180760903 
-0.6 -0.33435736532773563 39.01799856137173 
-0.6 -0.35175464711045157 39.01632877811801 
-0.6 -0.09258645974511448 39.016668844508246 
-0.6 -0.4105749748285572 2.7288719499100123 
-0.6 -0.35175464711045157 39.01735400691416 
-0.6 -0.3337305165620086 2.7769641207959497 
-0.6 -0.33121559408526235 39.016967732722094 
-0.6 -0.35175464711045157 2.7379624190357994 
-0.6 0.3820525955779157 2.7446472228695455 
-0.6 0.28783391819295545 39.02221894604906 
-0.6 -0.35175464711045157 39.018097425693924 
-0.6 0.038996441254756764 2.7267333526538406 
-0.6 -0.31907190825490495 2.7116747579417977 
-0.6 -0.4105749748285572 2.7288720382232263 
-0.6 -0.3365148469638226 39.01394403286456 
-0.6 -0.34885076502932555 2.7249129492487705 
-0.6 -0.09258645974511448 39.01837307191125 
-0.6 -0.35175464711045157 2.710301272884351 
-0.6 -0.33435736532773563 39.0165597619312 
-0.6 0.1594324010202799 2.7226727003903393 
-0.6 -0.35175464711045157 2.731996579207542 
-0.6 -0.35175464711045157 2.710502356398877 
-0.6 -0.1894694953953453 39.02244564313708 
-0.6 -0.3574694298591705 39.609438147851456 
-0.6 -0.31907190825490495 39.015836208631946 
-0.6 -0.33435736532773563 2.721401600592355 
-0.6 -0.35175464711045157 39.01580379643975 
-0.6 -0.16611204762084797 39.017288997419016 
-0.6 -0.35175464711045157 2.734694118622661 
-0.6 0.05404808739853406 39.01702542525682 
-0.6 -0.35175464711045157 36.9343892402569 
-0.6 -0.35175464711045157 2.7118937447626816 
-0.6 -0.35175464711045157 36.934736374489106 
-0.6 0.1594324010202799 39.017274508128686 
-0.6 -0.35175464711045157 2.710514977304197 
-0.6 -0.307051680062449 39.01850322035299 
-0.6 -0.33435736532773563 2.7993328411058815 
-0.6 -0.35175464711045157 2.7099746997917564 
-0.6 -0.18453328807794978 2.725705952507363 
3.7 -0.39514645439109275 7.366061404677914 
3.7 -0.2046175991382848 39.02983396431254 
3.7 -0.39514645439109275 7.360897790674002 
2.0 -0.1891289222554755 39.033140352347125 
0.2 0.029855258628817882 270.64398989931726 
0.2 0.17078678889929622 39.02599794860847 
-0.3 0.35149337670188796 94.33680412663236 
-0.3 -0.05829509683329337 2.8021522203088365 
-0.3 -0.05829509683329337 2.802152372659386 
-0.3 -0.05829509683329337 2.7986761866176284 
-0.3 -0.05829509683329337 39.021850018191266 
-0.3 0.35149337670188796 2.7582601523018773 
-0.3 0.2513839580341153 39.4776148589504 
-0.3 0.23503989280811233 39.023213169254625 
-0.3 -0.05829509683329337 2.867793747787822 
-0.3 0.23503989280811233 39.017167910536834 
-0.3 -0.05829509683329337 39.01675200753323 
-0.3 -0.43496669632438545 2.8271190281773735 
1.9 0.07619114716030229 262.1023594648247 
1.9 0.06585363497284424 39.54582141815471 
1.9 0.19616355718403478 39.01604531819599 
1.9 0.19325679197301415 39.018330697785565 
1.9 0.0657497335868511 39.5427100858247 
1.9 0.11027006583246335 39.60210163854947 
-0.0 -0.3341888410221723 39.01796674527341 
-0.0 -0.0757291073563402 39.0180450697702 
1.4 -0.3482779145900865 344.2436024046675 
1.1 -1.108196914317317 39.02350088950253 
1.1 -1.0447305700107505 39.02694742250029 
1.1 -1.0447038794153185 39.02757252103243 
1.1 -1.108196914317317 39.025931164208124 
1.1 -1.0447305700107505 39.02062962662842 
1.1 -0.6963222466015324 39.02394631546688 
1.1 -1.0447305700107505 39.027265146955635 
1.1 -1.0874712781431204 39.03174591564159 
1.1 -1.0447305700107505 39.02062952764378 
1.1 -1.0447305700107505 39.020221172457205 
1.1 -1.0447305700107505 39.017712912449845 
1.1 -1.097772415977558 39.02364065948747 
1.1 -1.097772415977558 39.60427778215254 
1.1 -1.108196914317317 39.02393671624137 
1.1 -1.0874712781431204 39.020446344842036 
1.1 -1.0447305700107505 39.01535404234623 
1.1 -1.108196914317317 39.02328007259645 
