-0.7 -0.31730731604608664 2.7162582547940946 
-0.7 -0.3675947116903924 2.71770791760375 
-0.7 -1.1257574112169833 36.93432856104512 
-0.7 -0.2986730084472109 2.710502356398877 
-0.7 -1.2307935504910281 39.018428210181455 
-0.7 0.025615750940106707 2.696218669297903 
-0.7 -0.31191348720736056 2.7160487262355644 
-0.7 -1.1718476536457711 39.017715593206994 
-0.4 -1.1054731177447863 2.7293705780053803 
-0.4 -1.0727860279106016 2.7003372244629618 
-1.2 197.94751299211023 2.7089285871511755 
-0.5 -1.0895550076708842 2.715503320032652 
-0.5 -1.0531613517722995 2.709205851383747 
-0.5 -1.0750612925703447 2.7145936907366353 
-0.5 -1.1186189251855432 2.7976285157644454 
-0.5 -1.053132359797997 2.7065069821868684 
-0.6 -0.4105749748285572 2.7288719499100123 
-0.6 -0.35175464711045157 2.7099746997917564 
