-0.7 [[29.63100021532427], [2.4996081227539033, 12.4751224658503, 93.82648775073432], [1.5889544651839373, 4.213229427088301], [1.0680294175785447, 6.265989764457574]] 
-0.7 [[29.581190261150073], [2.499999527142813, 7.725807418468321, 93.82648775073432], [0.4976060265968201, 3.45420654399598], [1.0801085759682865, 5.7632038919290265]] 
-0.7 [[26.791473483917535], [2.4999980317550725, 106.4017375358904, 192.29279128953402], [0.11349833309705931, 14.13646230971213], [1.0440954479623858, 6.779630544415458]] 
-0.7 [[28.206626000370733], [2.4996081227539033, 15.005937400788433, 93.82648775073432], [1.5889544651839373, 4.213229427088301], [1.0680294175785447, 6.7670471652322846]] 
-0.7 [[36.81965460689481], [2.498086010835201, 15.657208770195574, 2.5], [0.5399506665747531, 1.1619894313845944], [1.062970075456393, 4.674306967444471]] 
-0.7 [[24.023706372262964], [2.499998770118462, 26.27364648377221, 93.82648775073432], [0.8012745830336647, 73.59514743618023], [0.9081165024427944, 3.3146202310231683]] 
-0.7 [[29.63100021532427], [2.4996081227539033, 12.4751224658503, 93.82648775073432], [1.5889544651839373, 21.6107296407766], [0.788414572065496, 6.265989764457574]] 
-0.7 [[34.37597953232091], [2.4999780960160023, 12.377059184471332, 2.5], [1.6841725978581779, 1.618390856044286], [0.8597171296051286, 4.668772060406661]] 
-0.4 [[33.393470361034666], [2.4999729564935875, 24.539142223948904, 93.82648775073432], [0.8019130611911978, 73.59514743618023], [0.9081165024427944, 3.3146202310231683]] 
-0.4 [[24.7844908560357], [2.4999885858384276, 87.8680258497194, 93.82648775073432], [1.8941755497856476, 13.866432522711822], [2.0242617399208895, 4.782445075638348]] 
-1.2 [[27.40941513511483], [2.4999885858384276, 89.02432629131916, 93.82648775073432], [1.8941755497856476, 16.07623101008089], [2.0503608839713956, 4.785596120836539]] 
-0.5 [[29.925465298849492], [2.499999897714301, 19.64341415445694, 93.82648775073432], [1.5089028197991787, 49.59557680663083], [1.0604587280976665, 6.303974686756148]] 
-0.5 [[27.359428125065527], [2.4981240020449382, 89.58237563053657, 93.82648775073432], [1.6118276080781528, 4.8789235621879214], [1.0596944727534456, 4.8498448384425625]] 
-0.5 [[29.63100021532427], [2.4996165816184894, 19.803383878441153, 93.82648775073432], [1.6148645636039316, 50.57137235767423], [0.8590921442172765, 6.865833735652375]] 
-0.5 [[45.92264183150966], [2.4981148114105904, 94.83859211293048, 93.82648775073432], [0.5489005131820847, 2.689716457144371], [3.7341210096911714, 6.638743404301028]] 
-0.5 [[27.49989564217603], [2.4981148114105904, 75.1263511209686, 93.82648775073432], [1.8545424922979148, 2.689716457144371], [3.648865415142933, 7.004516266894959]] 
-0.6 [[30.28368460458123], [2.499999527142813, 110.57944676219996, 93.82648775073432], [0.4976060265968201, 3.45420654399598], [0.28385251993661664, 5.7632038919290265]] 
-0.6 [[28.203190474285964], [2.4996081227539033, 16.0326661965781, 93.82648775073432], [1.5889544651839373, 4.213229427088301], [1.0680294175785447, 5.746198503023156]] 
