-1.0 -1.8692305642254086 231.90332862271185 
-1.0 -1.8841547347883028 38.13856560524631 
-1.0 -1.8692305642254086 231.90332862271603 
-1.0 -1.8530151965336166 39.029488047742305 
-1.0 -1.8841547347883028 39.349548911117544 
-1.0 -1.8692305642254086 39.22747332907263 
-1.0 -1.8692305642254086 39.025345019667874 
-1.0 -1.8841547347883028 38.13856560383882 
-1.0 -1.8852241218645007 39.346126129288095 
-1.0 -1.8530151965336166 39.019737369313894 
-1.0 -1.8852241218645007 39.34528486940577 
-1.0 -1.8692305642254086 39.37513811024186 
-1.0 -1.8530151965336166 11.931515653073497 
-1.0 -1.8530151965336166 39.01968244617936 
-1.0 -1.8692305642254086 39.04684108953077 
-1.0 -1.8692305642254086 11.929505663295023 
-1.0 -1.8852241218645007 39.345945808764185 
-1.0 -1.8841547347883028 38.13788670811575 
-1.0 -1.8765858526346035 39.23025487546627 
-1.0 -1.8765858526346035 39.123900497384135 
-1.0 -1.8530151965336166 39.015923190714425 
-1.0 -1.8841547347883028 30.732078317922475 
-1.0 -1.8852241218645007 39.34519794458429 
-1.0 -1.8530151965336166 11.930838023906183 
-1.0 -1.8765858526346035 39.0236330490314 
-1.0 -1.8841547347883028 30.732293835942162 
-1.0 -1.8796181371371519 39.01856877686657 
-1.0 -1.8530151965336166 23.72370715044454 
-1.0 -1.8530151965336166 39.01867513279867 
-1.0 -1.8796181371371519 39.02023844521329 
-1.0 -1.8692305642254086 11.929327789828454 
-1.0 -1.8692305642254086 11.929387841479802 
-1.0 -1.8692305642254086 39.015940258569024 
-1.0 -1.8796181371371519 39.01769002664057 
-1.0 -1.8765858526346035 39.02527710861811 
-1.0 -1.891868459405832 11.924995656358982 
-1.0 -1.8841547347883028 39.16462051443289 
-1.0 -1.8841547347883028 39.01657142354149 
-1.0 -1.8692305642254086 39.021869583233844 
-1.0 -1.891868459405832 11.927499734465282 
-1.0 -1.8692305642254086 39.13655105189657 
-1.0 -1.8530151965336166 39.04774291202791 
-1.0 -1.8841547347883028 39.013435277423184 
-1.0 -1.8692305642254086 39.01427946223288 
-1.0 -1.8692305642254086 11.92494665687238 
-1.0 -1.891868459405832 39.014585384916785 
-1.0 -1.891868459405832 11.925073469469426 
-1.0 -1.8692305642254086 11.924956204063026 
-1.0 -1.8692305642254086 39.05429206634866 
-1.0 -1.891868459405832 39.023543890901664 
-1.0 -1.8692305642254086 39.01767824056725 
-1.0 -1.8852241218645007 5.390512516859989 
-1.0 -1.8692305642254086 11.926706912408987 
-1.0 -1.8692305642254086 3.116381893841391 
-1.0 -1.891868459405832 11.931180007314127 
-1.0 -1.891868459405832 11.922554615805527 
-1.0 -1.8692305642254086 39.01620700330016 
-1.0 -1.8530151965336166 39.01679679786096 
-1.0 -1.8692305642254086 39.020721768203686 
-1.0 -1.8765858526346035 39.025873400375104 
-1.0 -1.8692305642254086 39.017934617503606 
-1.0 -1.8796181371371519 39.022265858290474 
-1.0 -1.8796181371371519 5.395648479688401 
-1.0 -1.8692305642254086 39.01601665083829 
-1.0 -1.8692305642254086 39.01718004809065 
-1.0 -1.8692305642254086 3.117649465789459 
-1.0 -1.8852241218645007 3.054102108017155 
-1.0 -1.891868459405832 3.056130999743247 
-1.0 -1.8852241218645007 39.01927444672856 
-1.0 -1.8852241218645007 5.3780426470656035 
0.7 -1.847946839700101 51.676856104420395 
0.7 -2.6492940038390933 23.705567606104978 
0.7 -2.605695288527032 23.70548929334587 
0.7 -2.6073389440390677 23.704430749338957 
0.7 -2.4128545474458623 23.706216362964074 
0.7 -2.6492940038390933 23.70555194111162 
0.7 -2.6492940038390933 23.70523193030923 
0.7 -2.4128545474458623 39.01959913557081 
0.7 -2.5850573354920776 23.705687829136895 
0.7 -2.6492940038390933 39.01959686247536 
0.7 -2.6492940038390933 23.705238581305487 
0.7 -2.6073389440390677 23.70442033088654 
0.7 -2.475220602470946 39.014706701877856 
0.7 -2.4258221032158485 23.703241840831325 
0.7 -2.6492940038390933 23.705534194860206 
0.7 -2.3386753165534766 23.704734878408292 
0.7 -2.6370325537715003 23.69864593622554 
0.7 -2.600323059409587 11.9323624423114 
0.7 -2.6492940038390933 23.708133276665045 
0.7 -2.6261557164394587 39.01682035225251 
0.7 -2.6492940038390933 39.019133075333215 
0.7 -2.4871836774614566 23.698668828746143 
0.7 -2.492448845286873 39.01705852051391 
0.7 -2.6370325537715003 23.698645568225228 
0.7 -2.564041921411326 39.01859223076796 
0.7 -2.6077845524096293 23.698697743493206 
0.7 -2.6492940038390933 23.705136548854867 
0.7 -2.6492940038390933 39.015111836249865 
0.7 -2.4871706993917 23.698760968485896 
0.7 -2.6492940038390933 39.01510856582106 
0.7 -2.6492940038390933 39.01502767417567 
1.5 -0.012145589745071739 268.67311896692553 
1.5 -1.9618605960287108 122.16393629752025 
1.5 -1.902489460393178 268.67305222447044 
1.5 -2.3716264040089765 259.69856811913786 
1.5 -2.5087108924890913 17.645641958293282 
1.5 -2.5087108924890913 17.645726312387644 
1.5 -2.6012943171520964 39.02092880970589 
1.5 -2.6012943171520964 39.01960628680792 
1.5 -2.6012943171520964 39.01528510073675 
1.5 -2.6012943171520964 17.639261785885537 
1.5 -2.4450007553351476 39.017197315800075 
-0.9 -1.9473700465504467 29.44527511900269 
-0.9 -1.9938454814831539 39.067569146011095 
-0.9 -1.9680612010461325 41.58855051958658 
-0.9 -1.966790823288839 39.01897893457534 
-0.9 -1.9459193901530367 39.01938529687595 
-0.9 -2.0389885404862866 39.02094284636172 
-0.9 -1.9938454814831539 39.06759039817413 
-0.9 -1.9680612010461325 41.59319870992925 
-0.9 -2.0389885404862866 39.02478466463587 
-0.9 -1.9938454814831539 25.085423652168334 
-0.9 -1.9938454814831539 25.085931201889935 
-0.9 -1.9473700465504467 41.955442255927665 
-0.9 -2.008345828516881 3.124901872777681 
-0.9 -1.9938454814831539 39.02023961652002 
-0.9 -1.9459193901530367 25.083422300407666 
-0.9 -1.9938454814831539 39.02078403595688 
-0.9 -2.017113596571 39.018122423497594 
-0.9 -2.024706604618247 39.02086723829379 
-0.9 -2.0389885404862866 39.02445478228591 
-0.9 -1.9661278565609148 39.94808443112349 
-0.9 -2.017113596571 39.0288502562308 
-0.9 -2.008345828516881 3.124704551131494 
-0.9 -1.9625833256400864 39.346514246804716 
-0.9 -2.024706604618247 39.02130129787004 
-0.9 -2.0389885404862866 39.018074479945284 
-0.9 -2.0011412712680694 3.134831446201901 
-0.9 -1.9739767373411272 3.1208482513657123 
-0.9 -1.9938454814831539 3.1373612746424566 
-0.9 -1.966790823288839 39.0178275967416 
-0.9 -1.9508225245020843 5.388377715855333 
-0.9 -1.9739767373411272 3.120956180537444 
-0.9 -1.9508225245020843 39.01420469281239 
-0.9 -2.0389885404862866 39.01807090266381 
-0.9 -2.008345828516881 39.01891459172357 
-0.9 -2.008345828516881 39.01972940609828 
-0.9 -1.966790823288839 39.01811180125699 
-0.9 -1.9739767373411272 3.1208262465616308 
-0.9 -1.9938454814831539 39.02343668098073 
-0.9 -1.9794866694120214 5.458815719172324 
-0.9 -1.9508225245020843 39.014068101306854 
-0.9 -2.0389885404862866 39.01937016071205 
-0.9 -2.0389885404862866 39.01920762192196 
-0.9 -1.9625833256400864 39.0177549793288 
-0.9 -1.9938454814831539 23.70135768977517 
-0.9 -2.008345828516881 3.1241165117737295 
-0.9 -1.9938454814831539 39.263453819803864 
-0.9 -2.008345828516881 39.6231174477305 
-0.9 -1.953855412111587 3.0977262227653135 
-0.9 -1.969300251371036 39.01697880773648 
-0.9 -1.9508225245020843 39.01472788368787 
-0.9 -1.9459193901530367 39.01584087147517 
-0.9 -2.0389885404862866 39.02192460973228 
-0.9 -1.9414501149994265 3.0548641058873724 
-0.9 -2.0389885404862866 39.01750394001849 
-0.9 -1.9938454814831539 39.02050399407144 
-0.9 -2.008345828516881 39.018838749348774 
-0.9 -2.0389885404862866 39.017571149810315 
-0.9 -1.966790823288839 39.014403668794664 
-0.9 -2.008345828516881 39.019029581428846 
-0.9 -2.024706604618247 39.015926399905794 
-0.9 -1.9414501149994265 39.01457952554449 
-0.9 -2.0389885404862866 39.319950492732026 
-0.9 -1.966790823288839 39.014142627673074 
-0.9 -1.9459193901530367 39.01704692685885 
-0.9 -1.9459193901530367 3.0540280386920675 
-0.9 -1.966790823288839 39.023352993710525 
-0.9 -1.9651345360548065 3.1064844028445746 
-0.9 -1.9625833256400864 39.11415401192837 
-0.9 -1.9459193901530367 39.60818957219615 
-0.9 -2.0389885404862866 39.30967789548881 
-0.9 -2.0389885404862866 39.017400368483216 
-0.9 -1.9459193901530367 39.01336877032963 
-0.9 -2.024706604618247 39.0159871096198 
-0.9 -1.953855412111587 39.015435303329156 
-0.9 -2.024706604618247 39.01763084190956 
-0.9 -1.9508225245020843 39.02141108485786 
-0.9 -1.9625833256400864 3.1339238171616945 
-0.9 -1.9651345360548065 3.0529082965168035 
-0.9 -2.0389885404862866 39.01780278565715 
-0.9 -1.969300251371036 39.018537485370544 
-0.9 -2.0389885404862866 39.01743593986376 
-0.9 -1.9625833256400864 11.92353284680051 
-0.9 -1.9508225245020843 39.0131915110299 
-0.9 -1.9508225245020843 39.02138218541532 
-0.9 -1.966790823288839 39.01411200000005 
-0.9 -1.9651345360548065 3.076723636272783 
-0.9 -1.9944951131655757 39.01610736636365 
-0.9 -1.9508225245020843 5.38817974710956 
-0.9 -1.9508225245020843 39.01433214812517 
-0.9 -1.966790823288839 39.01441743541149 
-0.9 -2.008345828516881 3.090831680960459 
-0.9 -1.9625833256400864 39.020137372378215 
-0.9 -1.966790823288839 23.704571291135906 
-0.9 -1.9508225245020843 3.06191163162183 
-0.9 -2.024706604618247 39.01525500060197 
-0.9 -2.017113596571 39.02421431976722 
-0.9 -2.024706604618247 39.017788318514 
0.6 -1.8508918904779759 310.1876263534962 
0.6 -2.377526885747126 39.01650123715881 
0.6 -2.4790913095671305 23.699444008593733 
3.0 -2.161513949120776 238.11805603104057 
3.0 -2.161513949120776 238.11805474671928 
-0.7 -1.9327025044619417 9.150472782788253 
-0.7 -1.8479744695145472 39.98345398396571 
-0.7 -1.9384839517185648 314.7826578412325 
-0.7 -1.9327025044619417 9.143275103650335 
-0.7 -1.9327025044619417 39.36468610794042 
-0.7 -1.9384839517185648 39.02805413930408 
-0.7 -1.9384839517185648 39.02727525031467 
-0.7 -1.9384839517185648 39.02393055694922 
-0.7 -1.9242061118197988 41.588563560923845 
-0.7 -1.9327025044619417 39.02703308095835 
-0.7 -1.9355483429139448 11.922061922711737 
-0.7 -1.9384839517185648 39.28266116886343 
-0.7 -1.852597498775984 3.095467394312082 
-0.7 -1.957341773294727 11.929502089958769 
-0.7 -1.957341773294727 39.013624581259926 
-0.7 -1.9346973681613002 39.04390502156194 
-0.7 -1.9355483429139448 11.932458958836659 
-0.7 -1.957341773294727 39.01441189430305 
-0.7 -1.9355483429139448 39.01595590224872 
-0.4 -1.8009179986736568 326.7824265145503 
-0.4 -1.795664526864876 351.04317260876553 
-0.4 -1.7931473826174325 324.79027096891974 
-0.4 -1.8523392610125118 39.02329583133266 
-0.4 -1.8363400471285793 39.02490770999965 
-0.4 -1.84072381257762 39.02571493028778 
-0.4 -1.8523392610125118 39.01994507881169 
-0.4 -1.821743498147662 39.01991210174649 
2.2 0.04295570569113316 290.95577620465104 
2.2 -2.110508072365465 168.05133716479384 
2.2 -1.9610834730388809 49.264500119322236 
2.2 0.007537384812438042 39.98410326772989 
3.8 -2.486065353299792 3.186982996244004 
3.8 -2.486065005301114 39.0624556157318 
3.8 -2.406148500954192 39.025034651632815 
3.8 -2.486065353299792 3.1869836841212575 
3.8 -2.486064370998788 39.02369689006152 
0.3 -2.344528668309508 39.029472427625834 
0.3 -0.015493977814312831 3.120845279579563 
0.3 -2.470982351616412 3.1216341716062166 
0.3 -0.015493977814312831 3.120593977644337 
0.3 0.030109335390695602 39.02097207108106 
0.3 -0.015717648780590565 39.0185730588314 
0.3 0.052093759329740585 3.1239138966296665 
0.3 -0.015493977814312831 3.1673627577127847 
0.3 -2.5223383840592333 3.121828590602836 
0.3 -0.015493977814312831 3.121399683048227 
0.3 -2.470984535056602 3.1498198664866295 
0.3 -0.015493977814312831 3.1143867304148687 
0.3 0.030109335390695602 39.019617228640975 
0.3 -2.5477118453784486 3.075963608477663 
0.3 -2.417259179226381 39.01846496086658 
0.3 -2.588597908332327 39.01620667027589 
0.3 -2.5477118453784486 3.122273230621319 
0.3 -2.4906814466366383 3.0800857628038862 
0.3 -2.5670978401037496 39.02044747470518 
0.3 -2.61903861942897 39.01867353876478 
0.3 0.030109335390695602 39.017197851250806 
0.3 -2.5477275384253297 3.0907701250742328 
0.3 -2.5477118453784486 3.0541323292978078 
0.3 -2.4907075938566634 3.090831748590295 
0.3 -2.5223383840592333 3.0770145704720693 
0.3 -2.4722750826208166 39.3171123190054 
0.3 -2.5218370497629863 3.0701854365139187 
2.3 -2.110929519709094 39.75158188365542 
3.4 -2.224602130979331 36.064039054279746 
3.4 -2.101758709461711 106.74866653757127 
3.4 -2.5590781239708136 5.4538602097898865 
3.4 -2.4993360517086574 5.454444753278145 
3.4 -2.654782967395037 5.456868087165494 
3.4 -2.497212160307195 39.01732871618551 
3.4 -2.5590781239708136 5.477990364591302 
3.4 -2.654782967395037 5.462844088465949 
3.4 -2.170599335123524 39.01840517087126 
3.4 -2.4575645320374 39.026508317576734 
3.4 -2.4575687177555863 39.02533277530036 
3.4 -2.3763952705654288 39.01756229345147 
3.4 -2.4575687177555863 5.46303775591546 
3.4 -2.6547827604774428 5.464236585628818 
3.4 -2.5080751956343397 5.427675090893374 
3.4 -2.655968675039878 5.412633128131864 
3.4 -2.1875865416253912 39.01866452480922 
3.4 -2.6559684228216907 39.01561552941181 
3.4 -2.4575608044129034 5.453473274892406 
3.4 -2.655968675039878 39.01879268287612 
3.4 -2.1662121727942107 39.01716987684833 
3.4 -2.655968675039878 39.01462998252988 
3.4 -2.655968675039878 39.23061273981873 
1.0 -2.5525001909114446 5.404358140901645 
1.0 -2.653252871417711 39.01677755306783 
1.0 -2.621826978784828 11.932704212583156 
1.0 -2.6532526457888967 39.017980761967124 
1.0 -2.6036161263178137 39.023672098632346 
1.0 -2.6532526457888967 39.02307511987031 
1.0 -2.653252871417711 39.017249501527594 
1.0 -2.609540852440396 5.404496635739373 
1.0 -2.5418125414035595 5.393400147622246 
1.0 -2.653252871417711 39.217606325924855 
1.0 -2.6425236435360078 39.0180293571335 
1.0 -2.3826662744958695 11.922640607853747 
1.0 -2.603616112203257 39.01754864536152 
1.0 -2.5418125414035595 5.393365240369075 
1.0 -2.6078181436304533 39.02054241924947 
1.0 -2.5971047784414947 5.404671021628502 
1.0 -2.621826978784828 11.932269606950522 
1.0 -2.653252871417711 39.0167874760628 
1.0 -2.653252871417711 39.76737518195259 
1.0 -2.653252871417711 39.0178025174319 
1.0 -2.6425236435360078 39.017999977769726 
1.0 -2.653252871417711 39.01687791470113 
1.0 -2.473572518836587 39.01729150183018 
1.0 -2.553112350023916 5.3944675842911725 
1.0 -2.6078186188987993 39.01831464169691 
1.0 -2.541812270920594 5.40029355176377 
1.0 -2.653252871417711 39.0189085782052 
1.0 -2.609540852440396 5.406083802021317 
1.0 -2.105451607716597 5.383918682831741 
1.0 -2.653252871417711 39.01706385675297 
1.0 -2.6532525254008146 39.01900190071884 
1.0 -2.5418125414035595 5.393364698342127 
1.0 -2.602371325009676 39.01628617308062 
1.0 -2.653252871417711 39.0167373643658 
1.0 -2.621826978784828 11.923881999919184 
1.0 -2.653252871417711 39.25131278058413 
1.0 -2.653252871417711 39.016734111761366 
1.0 0.0240990122542315 39.02002230460903 
1.0 -2.526181015823491 5.394517137906482 
1.0 -2.4825160465738874 39.01580941002372 
1.0 -2.6036127010569023 39.0179949562969 
1.0 -2.653252548357265 39.01562207070512 
1.0 -2.6095410785594333 39.0164053966972 
1.0 -2.653252871417711 39.01423067769268 
1.0 -2.653252871417711 39.01701339479496 
1.0 -2.653252871417711 39.01502929655357 
1.0 -2.577984191461828 39.0206786053569 
1.0 -2.6095410785594333 39.016522059499685 
1.0 -2.653252871417711 39.19730856411455 
1.0 -2.603616112203257 39.327155590340276 
1.0 -2.653252871417711 39.01415607877332 
1.0 0.0240990122542315 39.01588325545982 
1.0 -2.609540852440396 5.408532338230229 
1.0 -2.653252871417711 11.923712730667779 
1.0 -2.653252871417711 39.59076414815021 
1.0 -2.6142892821505983 5.403698592148483 
1.0 -2.603616112203257 39.014042090030436 
1.0 -2.653252871417711 11.923712787649645 
1.0 -2.483620671781152 39.02048849540017 
1.0 -2.6036127010569023 39.017277403852525 
1.0 -2.653252871417711 39.01480710515611 
4.0 -2.1627947403582954 48.394364212776274 
4.0 -2.5406684099650056 39.0251276677318 
4.0 -2.5406684099650056 39.025124368493074 
4.0 -2.6539737822288263 39.27081149531752 
0.9 -2.5863004981171405 39.017786328994674 
0.9 -2.538224207491816 5.393530470163162 
0.9 -2.476706910035889 39.29010940154329 
0.9 -2.5435420371820556 39.01646750097984 
0.9 -2.475349811231227 5.386675959110743 
0.9 -2.523769628567039 11.928550619864843 
0.9 -2.5841238215080526 39.01508230795214 
0.9 -2.6261818252011127 39.01884535977801 
0.9 -2.6261818252011127 39.0199905404986 
0.9 -2.564313345092589 5.390313260695312 
0.9 -2.548053408415599 39.02002274578607 
0.9 -2.61873804599463 23.69864593622554 
0.9 -2.5155034806954997 3.105735967179839 
0.9 -2.572669201802792 39.01579973775916 
-0.5 -2.2585670544206855 11.936175175658763 
-0.5 -1.8070511710733324 5.418941510748915 
-0.5 -2.2585670544206855 11.934074942381233 
-0.5 -2.2585670544206855 11.934085052348669 
-0.5 -2.250785839829056 39.163697783673946 
-0.5 -2.2585670544206855 39.018129352886255 
-0.5 -1.817404557200246 11.933882827054475 
3.1 -2.4204857266913775 248.46542070117445 
3.1 0.020377316965095815 31.011212917198765 
3.1 -2.462077377593018 39.021288046396855 
3.1 0.020377316965095815 31.020199263102512 
2.6 -1.9004103112717756 215.90472884063175 
2.6 -2.1976099181126365 39.044525128413596 
2.6 -1.9207841005735062 215.90202863471998 
2.6 -2.381179040168701 13.85074299910132 
2.6 -2.4039818071731034 39.021200063278165 
2.6 -2.1976099181126365 39.02444041431981 
2.6 -2.3887619499773747 13.850846236882777 
2.6 -2.4074179811339054 39.07542729671831 
2.6 -2.404024964844246 39.01714717533337 
3.6 -2.401646725099674 39.02730471967386 
3.6 -2.2008959803516985 39.02312635325171 
3.9 -2.1861097438001638 51.6727496332177 
3.9 -2.2151555526736466 16.498255459547686 
3.9 -2.1863987378797947 59.818210514385974 
3.9 -2.187056127744082 40.46436291607432 
3.9 -2.487234209686245 39.03732471871916 
3.9 -2.2151555526736466 16.498458876476043 
3.9 -2.4597245598818267 34.43874185099368 
3.9 -2.187126677070884 39.025707174238406 
3.9 -2.4597241678658586 3.1828673598185797 
3.9 -2.4597281759088023 3.1483117169269987 
3.9 -2.4597281759088023 3.1589301877961358 
3.9 -2.4597241678658586 3.1994490184762725 
1.3 0.0325757806417033 122.05954860070474 
1.3 -2.659175565235488 39.038889833517445 
1.3 -2.659175565235488 39.01978969559469 
1.3 -2.5677445170195785 39.038923180214006 
1.3 -2.4261687359803332 39.03754792471031 
1.3 -2.4969634977415285 39.015513904390545 
1.3 -2.4259753130358908 39.02779508828703 
1.3 -2.659175565235488 39.01892750271555 
1.3 -2.659175565235488 39.01978983644922 
1.3 -2.659175565235488 39.01785273984909 
1.3 -2.4260398826756955 39.01786386991414 
1.3 -2.496923879400156 39.01778787387964 
1.3 -2.5066384013214593 39.02271000361087 
1.3 -2.659175565235488 39.017837742250286 
1.3 -2.659175565235488 39.01792236576184 
1.3 -2.4901812018672613 39.020908064170584 
1.3 -2.659175565235488 39.018644471372994 
1.3 -2.659175565235488 39.35265809798056 
1.3 -2.659175565235488 39.01649767997623 
1.3 -2.659175565235488 39.01775151114716 
1.3 -2.659175565235488 39.01645602068093 
1.3 -2.659175565235488 39.018173768218475 
1.3 -2.4259753130358908 39.01712346068548 
1.3 -2.659175565235488 39.019102525589695 
1.3 -2.659175565235488 39.01590254847838 
1.3 -2.4969634977415285 39.01534058372032 
1.3 -2.659175565235488 39.01867196945505 
1.3 -2.497481144430294 39.0152344060252 
1.3 -2.659175565235488 39.01569790885708 
1.3 -2.659175565235488 39.01682898931064 
1.3 -2.659175565235488 39.0159404857101 
1.3 -2.502504975300357 39.018916210655036 
1.3 -2.606592080781863 39.015649277708384 
1.3 -2.6591761559794205 39.01430523717543 
1.3 -2.5114549167819193 39.014726036704104 
1.3 -2.510944483899149 39.01423482235992 
1.3 -2.531075905034663 39.0213334556722 
1.3 -2.659175565235488 39.01470531841177 
1.3 -2.65917582006077 39.01416151278863 
1.3 -2.6591761559794205 39.0142978625902 
1.3 -2.5066384013214593 39.01963368100284 
1.3 -2.4969634977415285 39.01379704854942 
1.3 -2.65917582006077 39.01402174293693 
1.6 -2.046799208651106 330.42558213754955 
1.6 -2.2644845564402645 19.6711749840096 
1.6 -2.342681788988971 34.43886436096059 
1.6 -2.4421159859180674 39.04737333236934 
1.6 -2.2644845564402645 39.95503681692047 
1.6 -2.342681788988971 34.438889230302934 
1.6 -2.4421159859180674 39.04735682890897 
1.6 -2.4421159859180674 39.02815759272356 
1.6 -2.4421159859180674 39.0218078236566 
1.6 -2.4421159859180674 39.02892317876671 
1.6 -2.510069739393193 39.021705016194225 
1.6 -2.342681788988971 34.43890830404713 
1.6 -2.2644845564402645 39.9766281738194 
1.6 -2.0605591369644336 39.02123235799039 
1.6 -2.543201594128408 17.642900965189007 
2.4 -2.105054824515304 272.4008114875832 
2.4 -2.6447273842631525 39.01622460695575 
2.4 -2.1071478217439195 39.97551835637319 
2.4 -2.6447273842631525 39.016225227646714 
2.4 -2.6447273842631525 39.016201328510526 
2.4 -2.6447273842631525 39.01590043068017 
2.4 -2.6447273842631525 39.018611393042164 
2.4 -2.5697189044145996 39.023395862640605 
2.4 -2.6447273842631525 39.01589707223722 
2.4 -2.617502557013099 39.02467100149688 
2.4 -2.6447273842631525 39.01589714201028 
0.1 -1.8205124230545806 275.19187038612694 
0.1 -0.021435556040815484 39.02025454634958 
0.1 -2.1936294246937504 39.02136705050336 
0.1 -1.8703154044661792 39.03051023140025 
0.1 -2.1936294246937504 39.02065497717171 
0.1 -2.1936294246937504 39.090034678293655 
0.1 -2.0324024519101513 39.04962935060174 
0.1 -2.1936294246937504 39.02135514395592 
0.1 -2.1936294246937504 39.02141779990213 
0.1 -2.4790891220795226 39.02064626924669 
0.1 -2.3772128374157413 39.02119466126038 
0.1 -2.4394634344330317 39.02194935753556 
0.1 -2.4790891220795226 39.021706703908755 
0.1 -2.4790891220795226 39.02106051568565 
0.1 -2.1936294246937504 39.02119171149375 
0.1 -2.220191515049031 39.013753871309305 
0.1 -2.3766992696680784 39.02083890782477 
0.1 -2.4793343258632485 39.01985111738543 
0.1 -1.8703154044661792 39.0228238546682 
0.1 -2.4793343258632485 39.01990661595092 
0.1 -2.1936294246937504 39.01654638729472 
0.1 -2.4394634344330317 39.01993378583792 
0.1 -1.8703154044661792 23.70860929389896 
0.1 -2.4793343258632485 39.10956200630856 
0.1 -2.364208402249176 39.0241969688071 
0.1 -2.492630998624578 39.0222534845116 
0.1 -2.4793343258632485 39.01987392947209 
0.1 -2.4793343258632485 39.020118937444515 
0.1 -2.3788343929441247 39.0148958928479 
0.1 -2.492630998624578 39.022264192337055 
0.1 -2.3766992696680784 39.021012501115656 
0.1 -2.220191515049031 39.016259510922694 
0.1 -2.391327161746109 39.02225295591661 
0.1 -2.437318986816127 3.069151875498682 
0.1 -2.492630998624578 39.02241883656699 
0.1 -0.03253915918955119 3.106291826644355 
0.1 -2.0324024519101513 39.505423987179064 
0.1 -0.029062632657047338 39.01322066285714 
0.1 -2.294205029162903 39.0217858692177 
0.1 -2.1936294246937504 39.021923963689815 
0.1 -2.494118534324461 39.02027076204947 
0.1 -2.3863281356882826 39.0179877255953 
0.1 -2.1992115854104144 39.02060584719086 
0.1 -2.4976040155006327 39.024225497221295 
3.5 -2.0862917156893177 315.276122467256 
3.5 -2.206657926450866 10.65073371566079 
3.5 -2.169700465283694 41.68690324541654 
3.5 -2.206657926450866 40.030421571029535 
3.5 -2.086246476749463 40.457647924089436 
3.5 -2.086266342775259 40.48473916422271 
3.5 -2.206657926450866 10.452769221269126 
1.7 -1.9742173909110392 59.889007566371596 
1.7 -2.1091191885713796 316.0854033649071 
1.7 -2.503850163230025 39.038409232388275 
1.7 -1.9803630412972284 3.179457400161516 
1.7 -2.1099940683514222 316.08256958161036 
1.7 -1.9803630412972284 3.1794561332102047 
1.7 -2.099999918875495 39.372938431727036 
1.7 -1.9803483192315068 3.199586776785231 
1.7 -1.9803630412972284 3.1841697815213035 
1.7 -1.9811185552009751 3.235094211353071 
1.7 -2.429531737042377 17.642507463592402 
1.7 -2.429531737042377 39.01590275507307 
2.1 -2.0101198051794933 173.2763394907065 
-1.1 196.94829765112027 29.949629708222613 
-1.1 196.94829765112027 27.73121826286337 
-1.1 196.94829765112027 39.137064219632485 
-1.1 196.94829765112027 29.949585881296443 
-1.1 196.94829765112027 39.0217212632935 
-1.1 196.94829765112027 29.946611845361957 
-1.1 196.94829765112027 41.59044877389053 
-1.1 196.94829765112027 41.58814259349014 
-1.1 196.94829765112027 39.024830713427065 
-1.1 196.94829765112027 41.58778038186846 
-1.1 196.94829765112027 39.01905192971882 
-1.1 196.94829765112027 39.01852144704328 
-1.1 196.94829765112027 29.94650907185508 
-1.1 196.94829765112027 23.7055346783502 
-1.1 196.94829765112027 23.706612305014165 
-1.1 196.94829765112027 39.05060863998812 
-1.1 196.94829765112027 39.01929439537707 
-1.1 196.94829765112027 30.731594586835644 
-1.1 196.94829765112027 39.01841584187309 
-1.1 196.94829765112027 39.01514373179778 
-1.1 196.94829765112027 39.01791407900597 
-1.1 196.94829765112027 39.02147750975831 
-1.1 196.94829765112027 39.014428568776104 
-1.1 196.94829765112027 23.704887772689506 
-1.1 196.94829765112027 39.017048766313636 
-1.1 196.94829765112027 39.017819262658605 
-1.1 196.94829765112027 39.018612775502035 
-1.1 196.94829765112027 23.70697173494749 
-1.1 196.94829765112027 39.331936677834946 
-1.1 196.94829765112027 23.705599826634423 
-1.1 196.94829765112027 23.704950912066362 
-1.1 196.94829765112027 23.709278782328113 
-1.1 196.94829765112027 23.704106976854625 
-1.1 196.94829765112027 39.01512720726511 
-1.1 196.94829765112027 23.704083142286418 
-1.1 196.94829765112027 39.018852266101234 
-1.1 196.94829765112027 39.02004287715771 
-1.1 196.94829765112027 23.704977889299403 
-1.1 196.94829765112027 23.704620694862932 
-1.1 196.94829765112027 23.704004691219694 
-1.1 196.94829765112027 23.70412090922971 
0.8 0.05048909430325166 16.322528305652543 
0.8 -2.257481140974402 39.033726974201116 
2.5 -2.396554069830612 39.37479905432036 
2.5 -2.164437635448568 13.690733547662122 
3.3 -2.1533597331295162 39.045110132077134 
3.3 -2.5408834507553766 330.00878209756604 
3.3 -2.605408737069082 39.021020618617065 
3.3 -2.6115186014867735 5.457006154164419 
3.3 -2.4575099651839314 13.720925632113044 
3.3 -2.6118935251372415 5.456882518951583 
3.3 -2.645920199789171 39.02903508031484 
3.3 -2.6162628611465815 39.02509054886846 
3.3 -2.414752280716998 23.705937397348826 
3.3 -2.6115186014867735 5.459497815814737 
3.3 -2.6118935251372415 5.4484769288700745 
3.3 -2.5353748962673865 39.02510521908391 
3.3 -2.6095179660472967 5.4478806984848 
3.3 -2.558818784653066 39.01985111738543 
3.3 -2.6162377851634533 5.456455682928701 
3.3 -2.6459054372475803 39.023687291995564 
3.3 -2.645905908565424 39.0267601140476 
3.3 -2.6459059752301894 39.02387894425142 
3.3 -2.645919443824564 39.014298887385465 
0.5 -2.4151040603387983 23.705488508912214 
0.5 -2.4151040603387983 39.01851718740952 
3.2 -2.5678645240128932 5.454848672388083 
-0.8 -1.8642414498687692 95.86959439514897 
-0.8 -1.8602769794166099 39.69974741531051 
-0.8 -2.0991533221976773 314.83055485994663 
-0.8 -1.9507769368945795 287.1808641836071 
-0.8 -2.2094396740086286 39.417943565313564 
-0.8 -2.190072516165949 314.7826578412325 
-0.8 -1.8602769794166099 287.127473902738 
-0.8 -1.848415297064316 18.550177097100587 
-0.8 -2.0847158028428154 287.1271278904825 
-0.8 -2.190072516165949 39.033725994675606 
-0.8 -2.2094396740086286 39.41797896813489 
-0.8 -2.2137866826321946 39.062506754904646 
-0.8 -1.8642414498687692 39.031916123439174 
-0.8 -2.190072516165949 39.03273395701767 
-0.8 -1.8602769794166099 39.69973965404202 
-0.8 -2.223277775949887 39.02337073283972 
-0.8 -2.173523728728881 11.963034766644517 
-0.8 -2.173523728728881 39.2950734997128 
-0.8 -2.1716819366714 11.924978741574387 
-0.8 -2.14216061565749 39.06250005865644 
-0.8 -2.1380252387268674 39.01617358751544 
-0.8 -2.0991533221976773 11.924040877758435 
-0.8 -2.0847158028428154 39.08367627100246 
-0.8 -2.173523728728881 39.02704559868551 
-0.8 -1.8321438618283445 41.52147686101795 
-0.8 -2.190072516165949 39.017983049398154 
-0.8 -2.205855265566563 39.02198093894324 
-0.8 -2.190072516165949 39.02733914540334 
-0.8 -2.173523728728881 39.014958514688004 
-0.8 -2.173523728728881 11.96642885748665 
-0.8 -2.1716819366714 11.925038289648741 
-0.8 -2.223277775949887 39.01571317340258 
-0.8 -2.223277775949887 39.02323858618608 
-0.8 -2.122565134971765 39.0136239004575 
-0.8 -2.190072516165949 39.02619468127315 
-0.8 -2.0927360702332685 39.3830950203182 
-0.8 -2.1380252387268674 39.01606109087718 
-0.8 -2.092105735333548 39.0152537083522 
-0.8 -2.223277775949887 11.924941428005754 
-0.8 -2.223277775949887 39.02199230706095 
-0.8 -2.0927360702332685 37.8059481245305 
-0.8 -2.122565134971765 39.01418400698646 
-0.8 -2.067413287863835 39.01489934108129 
-0.8 -2.122565134971765 39.01548086127995 
-0.8 -2.1102515886997955 3.1716694630757787 
-0.8 -2.0991533221976773 11.922244317916949 
-0.8 -2.0933391190115636 39.018620420723416 
-0.8 -2.0991533221976773 11.92391122568174 
-0.8 -2.1380252387268674 39.01426245470003 
-0.8 -2.0927360702332685 39.02371454916391 
-0.8 -2.0991533221976773 11.922423778803788 
-0.8 -2.223277775949887 39.01401927366969 
-0.8 -2.092105735333548 30.54422242960127 
-0.8 -2.227892925237408 11.932580869940914 
-0.8 -2.2094396740086286 11.934506524706876 
-0.8 -2.2229925904116397 11.924929287423014 
-0.8 -2.228169964140001 11.936989952529398 
-0.8 -2.1380252387268674 39.02269551758615 
-0.8 -2.173523728728881 39.01582966076326 
-0.8 -2.227892925237408 11.932593341820526 
-0.8 -2.223277775949887 39.0861675344298 
-0.8 -2.227892925237408 39.01711055291375 
-0.8 -2.1380252387268674 39.54396126594393 
-0.8 -2.173523728728881 11.924907603417095 
-0.8 -2.190072516165949 39.01506471013237 
-0.8 -2.223277775949887 39.01428745078381 
-0.8 -2.223277775949887 11.925453480292111 
-0.8 -2.2094396740086286 39.023853399358025 
-0.8 -2.122565134971765 11.950577166572344 
-0.8 -2.228169964140001 39.01947219985041 
-0.8 -2.1716819366714 11.935231810766435 
-0.8 -2.228169964140001 11.939755224079308 
-0.8 -2.0933391190115636 39.03334517701712 
-0.8 -2.2229925904116397 11.924173112843967 
-0.8 -2.228169964140001 11.936939520406929 
-0.8 -2.223277775949887 39.74880655335622 
-0.8 -2.1380252387268674 39.02395762194572 
-0.8 -2.1716819366714 3.0818771498168958 
-0.8 -2.190072516165949 39.014801871013226 
-0.8 -2.1102515886997955 3.1511310114995186 
-0.8 -2.228169964140001 39.01948515725292 
1.2 -2.0840689862202852 336.5194257410455 
1.2 -2.5661898163226162 39.01962568366998 
1.2 -2.5661898163226162 39.019458194479974 
1.2 -2.5661898163226162 39.02305357899429 
1.2 -2.5262871089531176 39.01763656942339 
1.2 -2.3992368461393365 40.008895546892376 
1.2 -1.925257182640695 39.71118555666373 
1.2 -2.5241785604215092 39.016428559786966 
1.2 -2.434367150082727 39.01721784774912 
1.2 -2.521047275227203 39.022027966190656 
1.2 0.06399849853917106 3.0981151681418764 
1.2 -2.521047275227203 39.01970102831203 
2.7 -2.4058205403226873 39.030552063130976 
2.7 -2.4467910551130423 39.02302255872524 
1.8 -2.594087257477055 39.02343360430991 
1.8 -1.9897062861403099 34.438093449715666 
1.8 -2.604166191061816 39.019847128377315 
1.8 -1.9783760814236073 39.01414473320333 
0.4 -1.8378078098981037 214.18865048397066 
0.4 -1.8378078098981037 41.82903359422697 
0.4 0.003143181216779478 39.06323004985585 
0.4 -2.6229993479987 39.389440799273636 
0.4 -0.006538453442658909 39.01322038909826 
0.4 -2.4927595495723054 11.921681330341285 
-0.2 -0.0013084867865531535 41.53109638229897 
-0.2 -2.1779518357825998 39.019867369786105 
-0.1 -2.161143199690919 3.1699336911403835 
-0.1 -2.161143199690919 39.02318001897935 
-0.1 -2.1799073585960835 39.02307385936979 
-0.1 -1.994919277727972 3.186740408992112 
-0.1 -2.161143199690919 3.169997834556554 
-0.1 -2.161143199690919 39.02565694838747 
-0.1 -1.994919277727972 39.1667315676199 
-0.1 -2.161143199690919 3.166145449324231 
-0.1 -2.1799073585960835 39.02231612773325 
-0.1 -2.151864645505808 11.928745733025819 
-0.1 -2.1799073585960835 39.0222088986019 
-0.1 -2.1799073585960835 39.02227778465535 
-0.1 -2.1799073585960835 39.08012596327423 
-0.1 -2.4273821998958613 39.01448916617246 
-0.1 -2.4273821998958613 39.02249525505176 
-0.1 -2.3335611244396377 39.01902135684303 
-0.1 -2.218288619616128 3.073429895851714 
-0.1 -2.4273821998958613 39.118200291257125 
-0.1 -2.3504268796030727 39.01922934933984 
-0.1 -2.4273821998958613 39.01482933576371 
-0.1 -2.218288619616128 3.087171595301373 
-0.1 -2.218288619616128 3.0729382955015514 
-0.1 -2.4273821998958613 39.014755574097 
-0.1 -2.4273821998958613 39.01889807239311 
-0.1 -2.4273821998958613 39.014542472238546 
-0.1 -2.4273821998958613 39.01800895270831 
-0.1 -2.4273821998958613 39.01463511884607 
-0.1 -2.218288619616128 3.0733952045890143 
-0.1 -2.4273821998958613 39.01502566785765 
-0.1 -2.218288619616128 3.0967862949960354 
-0.6 -1.8286850627059634 238.7837488973854 
-0.6 -1.8662119081493758 39.03726496554524 
-0.6 -1.8662119081493758 39.024191641866565 
-0.6 0.06228244335400923 39.01672315852926 
-0.6 0.13356345854543017 39.0148042112351 
-0.6 -1.8687131640916081 39.01993593821948 
3.7 -2.3921045683704434 13.862342075225262 
3.7 -2.101133574562445 215.90548452242373 
3.7 -2.1855676728088254 39.02228589953129 
3.7 -2.410136262904714 13.728136655663375 
3.7 -2.470251227051235 5.46641875937895 
3.7 -2.523146095721677 39.01695178316691 
3.7 -2.5726517073707167 5.439062147565328 
2.0 -2.4174367248278212 290.95393139081875 
2.0 -2.1220522236445287 290.9538859266936 
0.2 -2.353878005385722 30.732041094088462 
0.2 -2.591947902598921 39.03694115585435 
0.2 -0.025678901004192234 39.02025454634958 
0.2 -2.6281621142528753 39.02186628581184 
0.2 -1.8316435879964408 39.029823740785055 
0.2 -2.353878005385722 39.16520303516194 
0.2 -2.353878005385722 39.16403894723708 
0.2 -2.591947902598921 39.03695779219356 
0.2 -2.5207896901711146 39.02207361814978 
0.2 -2.6281621142528753 39.03072990274064 
0.2 -2.353878005385722 30.733881874040446 
0.2 -2.023991889142028 39.170255706032314 
0.2 -2.619892653251827 39.01716724409856 
0.2 -2.5005440707818143 30.55596787501461 
0.2 -2.4102403920597517 39.02331179710312 
0.2 -2.619892653251827 39.0171523275809 
0.2 -2.6281621142528753 39.02186622722303 
0.2 -2.023084463119489 30.56170499153608 
0.2 -2.3913453487146348 30.544237333097243 
0.2 -2.6238007281212194 23.705143101831148 
0.2 -2.6281621142528753 39.02266843337806 
0.2 -2.6238007281212194 39.018951470831844 
0.2 -2.3913453487146348 30.543989509656104 
0.2 -2.5340689616116983 39.018926480191226 
0.2 -2.4040429402737846 39.01921389594672 
0.2 -2.6238007281212194 23.70515631907659 
0.2 -2.622868176781508 39.019337103077 
0.2 -2.5108378431587086 39.01754771500376 
0.2 -1.981638918230511 23.70517072056953 
0.2 -2.478504131308972 39.016338736899 
0.2 -2.6238007281212194 39.01921501505584 
0.2 -2.6281621142528753 39.02265480809771 
0.2 -2.426989928229284 39.024943958376966 
0.2 -2.5151482985687736 39.028745142578956 
0.2 -0.025678901004192234 39.020800618965794 
0.2 -2.6174051782902286 39.01438605677289 
0.2 -2.6238007281212194 23.714069559936377 
0.2 -2.502080378333057 39.01941593807752 
0.2 -2.6238007281212194 39.02178612379072 
0.2 -2.530845638354744 39.01883958029617 
0.2 -2.6281621142528753 39.046841687823346 
0.2 -2.6238007281212194 23.705136520237872 
0.2 -2.6281621142528753 39.01802060977151 
0.2 -2.473208124995054 39.020292741599064 
0.2 -2.6238007281212194 23.704001120202534 
0.2 -2.618403535031233 39.014112721587104 
0.2 -2.6008287711079223 39.01679467663531 
-0.3 -1.8053528841293789 259.70284790715544 
-0.3 -1.8090902200827526 39.76505039966333 
-0.3 -1.9769016144702867 39.027133131747135 
-0.3 -2.381908758824622 39.01793618940085 
-0.3 -1.9682253220843562 39.50940492412364 
-0.3 -1.9769016144702867 39.01778676147145 
-0.3 -2.381908758824622 39.01491697831448 
-0.3 -2.4176059652129895 39.0155629300507 
-0.3 -2.381908758824622 39.018249072587366 
1.9 -1.9142360615621774 18.557513363152133 
1.9 0.045917593386263 39.70332686486205 
1.9 -2.093584531247852 41.52529487226668 
1.9 -2.5809087065125347 39.017957845165306 
1.9 -2.505700649011987 39.01737328328935 
1.9 -2.086272267568537 3.178299325964511 
1.9 -2.5809087065125347 39.98649466811925 
1.9 -2.086272267568537 3.1782999893010353 
1.9 -2.46900203870166 39.048422846527366 
1.9 -2.0814515572566155 39.02321279436672 
1.9 -2.0804298186692933 39.02461349353945 
1.9 -2.086272267568537 3.196718942771179 
1.9 -2.425956612698311 39.02380978720705 
1.9 -2.086272267568537 3.1611685659779187 
1.9 -2.086272267568537 39.02193720750173 
1.9 -2.086272267568537 3.161415943441117 
0.0 -2.3945344481937294 39.034296906818454 
0.0 -2.3945344481937294 39.034333315753216 
0.0 -2.3945344481937294 39.03145126693685 
-0.0 -2.1680368677908985 39.04222476801447 
0.0 -0.013589777769130507 39.20734341379434 
0.0 -2.3945344481937294 39.03187464303747 
0.0 -2.394635548603207 39.0310145071238 
0.0 -0.013589777769130507 39.02257595417005 
-0.0 -2.1842463669409886 11.924410185504298 
-0.0 0.03328411160414291 11.922375012300481 
-0.0 -2.3293493997741344 39.0223380562888 
0.0 -2.1842463669409886 39.03256420413487 
-0.0 -2.2015206638052986 39.01434552459725 
-0.0 -2.367906122553103 11.933057085661089 
-0.0 -2.1748305436470496 11.924408302976678 
-0.0 -2.367906122553103 11.933055067471996 
-0.0 -2.378747824630286 39.017002228054 
-0.0 -2.383288726509024 39.015230197263776 
-0.0 -2.383288726509024 39.01500174000049 
-0.0 -2.367906122553103 11.932952751910618 
-0.0 -2.2015206638052986 11.924493985288933 
-0.0 -2.3504048682532908 39.01702662604211 
-0.0 -2.2015206638052986 11.924406140041597 
-0.0 -2.3667674087473336 39.01502720661808 
-0.0 -2.189880897682336 11.927483156295013 
-0.0 -2.1596783744976524 11.924413308959476 
-0.0 -2.1748305436470496 11.924408204111133 
-0.0 -2.383288726509024 39.01445260322345 
-0.0 -2.2015206638052986 11.926367204542025 
-0.0 0.03328411160414291 39.01625329992304 
-0.0 -2.2015206638052986 11.924468309432907 
0.0 -2.4251938990434376 39.014737514551186 
-0.0 -2.4251938990434376 11.933243119239735 
-0.0 -2.3667674087473336 39.015100284572064 
-0.0 -2.367906122553103 11.932702267400751 
-0.0 -2.367906122553103 11.932724402727045 
-0.0 -2.3504048682532908 39.019122493455825 
-0.0 -2.367906122553103 11.93270791460508 
-0.0 -2.3504048682532908 11.925310605774168 
0.0 -2.489190758173715 39.0206384776807 
-0.0 -2.367906122553103 39.01698966735771 
0.0 -2.4877347726361654 39.022171671230325 
-0.0 -2.4426856791553533 39.015281983579754 
0.0 -2.45635404265641 39.01985111738543 
0.0 -2.3348442599592927 11.937350795566608 
-0.0 -2.170666447836245 39.02175117421929 
-0.0 -2.374862494906165 39.0151873393011 
-0.0 -2.387315141831274 39.017707452315584 
-0.0 -2.1483563559597982 39.018077466588714 
0.0 -0.013589777769130507 39.022902634720744 
-0.0 -2.476048334623683 39.03976661280021 
0.0 -2.4426856791553533 39.01705977069288 
0.0 -2.1632863952827073 11.924076062673734 
0.0 -2.45635404265641 39.01985100591096 
-0.0 -2.3504048682532908 39.014660456495605 
0.0 -0.013589777769130507 39.0199566460727 
-0.0 -2.3426216373099003 3.1268158799106094 
0.0 -2.2015206638052986 39.01730517005431 
1.4 -2.093743730864886 324.78959920579194 
1.4 -1.621383579873691 348.3706328060158 
1.4 -2.6496938489962987 39.01736037174504 
1.4 0.04385403989082448 348.3706846843814 
1.4 -2.6496938489962987 39.0218078236566 
1.4 -2.258384546660548 19.671555755415643 
1.4 -2.6496938489962987 39.017371182968276 
1.4 -2.6496938489962987 39.04633244587282 
1.4 -2.6496938489962987 39.01642069924906 
1.4 -2.645235162282101 39.02468468550789 
1.4 -2.4118085105129934 17.65825404727412 
1.4 -2.285807862692106 19.627618281444715 
1.4 -2.645235127559719 39.015086538872545 
1.4 -2.645235127559719 17.644899336314914 
1.4 -2.608601130435312 39.02182624826318 
1.4 -2.4118085105129934 39.025647184728236 
1.4 -2.4118085105129934 17.663659760540213 
1.4 -2.645235127559719 39.018313273828554 
1.4 -1.9533952597528188 39.017349603145945 
1.4 -2.6496938489962987 39.15968730717524 
1.4 -2.6012747939253127 39.0193509400508 
1.4 -2.4118085105129934 39.01829690593582 
1.4 -2.6009925721624714 11.932224294344373 
1.4 -1.9533952597528188 39.73736405877649 
1.4 -2.645235127559719 17.64398137733715 
1.4 -2.6496938489962987 39.01736790627177 
1.4 -2.3664411535583647 39.01803347750603 
1.4 -2.645235127559719 39.01953672290297 
1.4 -2.485579291110662 17.637400569321287 
1.4 -2.645235127559719 17.642863677962723 
1.4 -2.645235162282101 39.020082857420604 
1.4 -2.6172882578951517 11.924450321373236 
1.4 -2.6172882578951517 11.92445014128067 
1.4 -2.6172882578951517 11.924875026629687 
1.4 -2.5030832234838485 11.924793795469231 
1.4 -2.645235127559719 39.01870263509544 
1.4 -2.5030832234838485 11.924685657914305 
1.4 -2.48953777035939 39.01505736664021 
1.4 -2.645235127559719 17.642897071016456 
1.4 -2.48953777035939 3.1851886950248365 
1.4 -2.48953777035939 39.01496929971205 
1.4 -2.6009925721624714 17.63711344996362 
1.4 -2.645235127559719 17.650702938217126 
1.4 -2.645235127559719 39.02052231723037 
1.4 -2.386071177053317 39.02292002451971 
1.4 -2.645235127559719 17.64286649392552 
1.4 -2.645235162282101 39.02278574877884 
1.4 -2.645235162282101 39.013835969056416 
1.4 -2.645235162282101 17.64304900649405 
1.4 -2.4078098765498157 39.02502340940477 
1.4 -2.4942875511986085 39.015757800206075 
1.1 -2.639364802692469 23.710052495941035 
1.1 -2.4152881194700346 39.01364153245723 
1.1 -2.6249204997023043 39.01532516318014 
1.1 -2.639364802692469 39.01420925101787 
