-1.0 -1.8852241218645007 3.054102108017155 
-1.0 -1.891868459405832 3.056130999743247 
0.7 -2.600323059409587 11.9323624423114 
0.7 -2.6370325537715003 23.698645568225228 
0.7 -2.6492940038390933 23.705136548854867 
-0.9 -2.0389885404862866 39.017400368483216 
-0.9 -1.9651345360548065 3.0529082965168035 
-0.9 -2.008345828516881 3.090831680960459 
-0.9 -2.024706604618247 39.01525500060197 
0.3 -2.5477275384253297 3.0907701250742328 
0.3 -2.5477118453784486 3.0541323292978078 
3.4 -2.655968675039878 5.412633128131864 
1.0 -2.653252871417711 11.923712730667779 
1.0 -2.6142892821505983 5.403698592148483 
0.9 -2.564313345092589 5.390313260695312 
-0.5 -2.2585670544206855 11.934074942381233 
1.3 -2.6591761559794205 39.0142978625902 
1.3 -2.65917582006077 39.01402174293693 
0.1 -2.4793343258632485 39.01985111738543 
0.1 -2.437318986816127 3.069151875498682 
0.1 -2.494118534324461 39.02027076204947 
0.1 -2.4976040155006327 39.024225497221295 
-1.1 196.94829765112027 23.704004691219694 
3.3 -2.6162377851634533 5.456455682928701 
-0.8 -2.223277775949887 11.924941428005754 
-0.8 -2.227892925237408 11.932580869940914 
-0.8 -2.2229925904116397 11.924173112843967 
-0.8 -2.228169964140001 11.936939520406929 
-0.8 -2.1716819366714 3.0818771498168958 
-0.1 -2.4273821998958613 39.01448916617246 
-0.1 -2.218288619616128 3.0729382955015514 
0.2 -2.6281621142528753 39.01802060977151 
0.2 -2.6238007281212194 23.704001120202534 
-0.3 -2.381908758824622 39.01491697831448 
-0.3 -2.4176059652129895 39.0155629300507 
-0.0 -2.4251938990434376 11.933243119239735 
-0.0 -2.367906122553103 11.932702267400751 
-0.0 -2.3504048682532908 11.925310605774168 
0.0 -2.489190758173715 39.0206384776807 
-0.0 -2.4426856791553533 39.015281983579754 
0.0 -2.45635404265641 39.01985100591096 
-0.0 -2.3426216373099003 3.1268158799106094 
