-1.0 [[6.474900580443304], [2.4990235557610903, 47.493279870464406, 92.802316680892], [26.0804358333593, 9.0115598067926], [0.24455236478754538, 14.423073001238171]] 
-1.0 [[6.534003162528806], [2.4990235557610903, 21.26233779105419, 92.802316680892], [26.07248979634885, 7.258964720490439], [0.34899416862301835, 13.243861330369436]] 
0.7 [[8.052571914453129], [2.499999992813395, 17.666071233476757, 70.30684935899345], [0.450097411881152, 119.73301429579168], [7.21143944126667, 28.607546808182285]] 
0.7 [[9.371998783890964], [2.499986143245904, 15.64235886293865, 40.81559330570772], [0.15882290231569018, 123.86487437163507], [2.167675628470067, 20.57014582087345]] 
0.7 [[13.689849234285557], [2.5, 159.95353707579363, 40.81559330570772], [0.44808435332612717, 119.7109367818322], [7.252359682564739, 20.38077045185707]] 
-0.9 [[29.47898514724174], [2.5, 51.150452137601484, 2.5], [2.3387131920527215, 173.59069095295442], [0.28424088722427554, 12.655864972049082]] 
-0.9 [[9.175643162633317], [2.5, 46.01485177205421, 92.802316680892], [2.3351142684821298, 8.995181917678153], [0.3246444557822685, 12.636001408214826]] 
-0.9 [[29.493261787428125], [2.5, 46.01485177205421, 92.802316680892], [2.3351142684821298, 8.995181917678153], [0.3246444557822685, 12.635651449597223]] 
-0.9 [[17.660537646418362], [2.5, 114.4324860291782, 2.5], [25.83234566878278, 1.067353150346932], [1.9079520196436288, 11.897587687862153]] 
0.3 [[6.474900580443304], [2.324594860733387, 91.4805366244775, 92.802316680892], [26.0804358333593, 144.90479451778373], [0.8596586727863491, 10.348643123965127]] 
0.3 [[6.474900580443304], [2.4990235557610903, 47.493279870464406, 92.802316680892], [26.0804358333593, 7.258964720490439], [0.29476970633333477, 14.425388330657904]] 
3.4 [[21.044604484860542], [2.4987619647539128, 12.046252214531478, 113.1860889283941], [0.18154125771491192, 159.80084107345388], [3.8433038865990525, 30.17987112432189]] 
1.0 [[10.37326545984858], [2.4999925653458104, 25.79654591350149, 70.30684935899345], [1.6009023901055777, 158.8662780084665], [0.5820109634881656, 7.362665280312649]] 
1.0 [[7.660673573820612], [2.4983048162617005, 13.015417602963097, 113.1860889283941], [1.2790614087359682, 195.56319641005962], [0.6836737912660305, 28.373974993654972]] 
0.9 [[6.82209797507428], [2.4999994928469467, 89.211805539635, 113.1860889283941], [1.2186199100473196, 203.22336980358472], [3.0992200033796826, 17.094163313751555]] 
-0.5 [[8.080189877841162], [2.4999999999679035, 141.1797944131537, 70.30684935899345], [66.74902056265437, 4.13816467255981], [1.9196090776871135, 23.347416890134294]] 
1.3 [[8.81407871365092], [2.4999999679118385, 18.785097320495225, 2.5], [0.19954010941354672, 159.99651264505982], [3.6524187298909947, 7.362665280312649]] 
1.3 [[9.174229639896907], [2.4999993353584706, 18.785097320495225, 2.5], [0.19954010941354672, 136.04329230396203], [3.8568525959729243, 7.955992267687708]] 
0.1 [[5.6257197017023755], [2.5, 191.4844094944244, 2.5], [0.5880594379600987, 126.27595237418718], [0.8329094840621567, 7.6759669908843176]] 
0.1 [[10.32467562742473], [2.5, 16.81856677940096, 92.802316680892], [25.443133997596675, 160.81691139503369], [1.818677949885717, 10.202727315363154]] 
0.1 [[5.6257197017023755], [2.4999995532915285, 196.0406479963502, 2.5], [1.6078112603368693, 126.27595237418718], [0.8329094840621567, 7.674198617078357]] 
0.1 [[5.6257197017023755], [2.176783381527502, 196.0406479963502, 2.5], [0.13945847869994132, 162.6500612466319], [0.8329094840621567, 5.0681682943016115]] 
-1.1 [[13.045454809931455], [2.5, 159.96330896075054, 40.81559330570772], [0.587787359628706, 69.1873331577566], [0.8340295266044055, 20.3943971183912]] 
3.3 [[22.731134443452948], [2.5, 198.91859333869317, 113.1860889283941], [14.139400856718968, 134.6455968639573], [0.8021506061945933, 28.461285704215236]] 
-0.8 [[7.281897070312507], [2.5, 90.58752295165868, 70.30684935899345], [26.087914869815343, 130.0713628342594], [0.8132963262227906, 15.294783540349616]] 
-0.8 [[20.953821513787602], [2.5, 90.58752295165868, 70.30684935899345], [26.44129642525404, 130.0713628342594], [1.9609283527055434, 22.59700695522001]] 
-0.8 [[10.00243718519282], [2.4999998465706414, 19.48424523184972, 70.30684935899345], [25.96848260143254, 128.88919330555743], [0.8132963262227906, 14.365799957830667]] 
-0.8 [[9.791572671137237], [2.5, 144.23142014915084, 70.30684935899345], [66.74902056265437, 140.06126838319483], [1.9196090776871135, 22.807669997468164]] 
-0.8 [[10.129871411002911], [2.5, 51.88318202937518, 92.802316680892], [1.6439305401259654, 146.4230189481167], [0.2772439866841402, 23.327253624020816]] 
-0.1 [[7.456931822598747], [2.5, 90.58752295165868, 2.5], [26.657309112773955, 129.7609608315792], [2.8223043918919313, 14.38518730408565]] 
-0.1 [[10.32467562742473], [2.5, 111.11669681031098, 92.802316680892], [25.443133997596675, 115.80979237725386], [1.818677949885717, 10.202727315363154]] 
0.2 [[7.665535163740945], [2.173471886549936, 90.98643580776246, 2.5], [1.9829743426999338, 163.3981869124324], [1.4232701351987185, 5.1172489040598315]] 
0.2 [[17.482663248536568], [2.5, 160.65792954269244, 40.81559330570772], [0.28516237337499284, 120.10633615418121], [3.832002247350801, 11.884073520473752]] 
-0.3 [[8.074797078757747], [2.4761164545449548, 88.885401253546, 2.5], [67.50127801454587, 143.28025506293238], [3.618680522363296, 14.098225936844505]] 
-0.3 [[13.537174816271172], [2.4761164545449548, 88.885401253546, 2.5], [67.50127801454587, 153.0850878281429], [7.235173476201577, 14.098225936844505]] 
-0.0 [[8.085545034817297], [2.4999999969702547, 17.221586498471176, 70.30684935899345], [25.740578490728844, 143.36261269524493], [3.6739157555778723, 29.29500519677073]] 
-0.0 [[8.052571914453129], [2.499999992813395, 17.666071233476757, 70.30684935899345], [1.28500603023378, 120.21643994143402], [7.21143944126667, 29.012953811067582]] 
-0.0 [[10.909586643005623], [2.499999998826472, 90.6612691480119, 70.30684935899345], [0.8292498743560506, 128.92651225940767], [0.8132963262227906, 15.103451399428248]] 
0.0 [[5.685378737143343], [2.4765034304427127, 191.4844094944244, 2.5], [0.8466026952716561, 127.43928300864712], [0.8329094840621567, 15.53549924000426]] 
-0.0 [[8.085545034817297], [2.499999998594676, 17.2229571535259, 2.5], [25.740578490728844, 141.82516709020754], [4.523398449059951, 20.349399805087288]] 
0.0 [[5.6257197017023755], [2.5, 191.4844094944244, 2.5], [0.5874900907689554, 126.27595237418718], [0.8139466655817856, 7.6759669908843176]] 
-0.0 [[20.966468058356277], [2.4999991837643494, 111.11669681031098, 92.802316680892], [25.443133997596675, 115.80979237725386], [1.8303907156849448, 30.20958885571939]] 
