0.7 0.591993462470839 9.357749072408657 
0.7 0.591993462470839 39.022892069667094 
0.7 0.591993462470839 39.02604094856254 
0.7 0.591993462470839 3.037497277078861 
0.7 0.591993462470839 39.02167608173445 
0.7 0.591993462470839 2.9249515753470217 
0.7 0.591993462470839 2.9782979146493878 
0.7 0.5927366188550707 1.3033298290935953 
1.5 0.5959349028200336 337.32420604712934 
0.6 0.5920100375766708 2.4835805366197277 
0.6 0.5920100375766708 39.22153616236518 
0.6 0.5920100375766708 2.47567866606899 
0.6 0.5920100375766708 1.550757810591894 
0.6 0.5920100375766708 2.476475246716398 
0.6 0.5920100375766708 1.572940922337447 
0.6 0.5920100375766708 39.13112470496498 
0.6 0.5920100375766708 1.3568568046047662 
0.6 0.5920100375766708 39.07062519841252 
0.6 0.5920100375766708 39.06960207592937 
0.6 0.5920100375766708 39.01589160286481 
0.6 0.5920100375766708 1.5499395677717585 
0.6 0.5920100375766708 1.5519659954394849 
0.6 0.5920100375766708 1.3625520546237837 
0.6 0.5920100375766708 2.9221698518295094 
0.6 0.5920100375766708 1.310872725107691 
0.6 0.5920100375766708 39.02382642666519 
0.6 0.5920100375766708 39.01439105909055 
0.6 0.5920100375766708 1.488995459728938 
0.6 0.5920100375766708 1.3559264138279643 
0.6 0.5920100375766708 39.01415105399515 
0.6 0.5920100375766708 39.01592032767452 
0.6 0.5920100375766708 1.3677494029721684 
0.6 0.5920100375766708 1.3575938660736286 
0.6 0.5920100375766708 1.351590044896874 
0.6 0.5920100375766708 1.3122782752505562 
0.6 0.5920100375766708 1.3527829262125517 
0.6 0.5920100375766708 1.3614331673586617 
0.6 0.5920100375766708 1.3238540862904957 
0.6 0.5920100375766708 1.3523185542669498 
0.6 0.5920100375766708 1.3120088243875039 
0.6 0.5920100375766708 1.3517683930917492 
0.6 0.5920100375766708 1.31487382800959 
0.6 0.5920100375766708 39.01457316358766 
0.6 0.5920100375766708 1.3109084611157367 
0.6 0.5920100375766708 1.3146022882889448 
0.6 0.5920100375766708 39.014069667519685 
0.6 0.5920100375766708 1.3127357001504232 
0.6 0.5920100375766708 1.2909124291750032 
0.6 0.5920100375766708 1.2982460010084726 
0.6 0.5920100375766708 1.329512117114222 
0.6 0.592207844213732 1.31627421530568 
0.6 0.5920100375766708 1.2993836900454032 
0.6 0.5920100375766708 1.296371434272781 
0.6 0.5920100375766708 1.3090940406115126 
0.6 0.5920100375766708 39.01337593650293 
0.6 0.5920100375766708 1.2878473089625038 
0.6 0.5920100375766708 39.01348596083345 
0.6 0.5920100375766708 1.2895218381813625 
0.6 0.5920100375766708 1.2889053784211244 
0.6 0.5920100375766708 1.2878566746294229 
4.3 0.05460583742146241 292.1026878429548 
-0.7 -0.005416993906351308 23.8716843725749 
-0.7 -0.005416993906351308 23.871652682821697 
-0.7 -0.005416993906351308 39.03963069471555 
-0.7 -0.005416993906351308 39.021284239991935 
-0.7 -0.005416993906351308 39.31538338370443 
-0.7 -0.005416993906351308 22.218580753897907 
-0.7 -0.005416993906351308 39.02445679113817 
-0.7 -0.005416993906351308 3.0741128685331516 
-0.7 -0.005416993906351308 39.03489607410641 
-0.7 -0.005416993906351308 39.030030255995456 
-0.7 -0.005416993906351308 39.01917608480771 
-0.7 -0.005416993906351308 39.021447367685525 
-0.7 -0.005416993906351308 39.14641821751085 
-0.7 -0.005416993906351308 39.09768669265282 
-0.7 -0.005416993906351308 39.02437249631979 
-0.7 -0.005416993906351308 39.02832772485208 
-0.7 -0.005416993906351308 39.02447765577025 
-0.7 -0.005416993906351308 23.871747338041803 
-0.7 -0.005416993906351308 39.02718538868108 
-0.7 -0.005416993906351308 39.02340919639814 
-0.7 -0.005416993906351308 39.01833073804157 
-0.7 -0.005416993906351308 23.873958363630752 
-0.7 -0.005416993906351308 39.98284915160077 
-0.7 -0.005416993906351308 39.03165973039412 
-0.7 -0.005416993906351308 22.227286804378494 
-0.7 -0.005416993906351308 40.68784329060153 
-0.7 -0.005416993906351308 22.219367317089272 
-0.7 -0.005416993906351308 22.218511945289094 
-0.7 -0.005416993906351308 39.02316183516096 
-0.7 -0.005416993906351308 23.871748291323197 
-0.7 -0.005416993906351308 39.01819079491856 
-0.7 -0.005416993906351308 22.218652958936424 
-0.7 -0.005416993906351308 39.06426341862711 
-0.7 -0.005416993906351308 39.02785936843904 
-0.7 -0.005416993906351308 22.23057783232172 
-0.7 -0.005416993906351308 22.231008336291243 
-0.7 -0.005416993906351308 23.87143075889636 
-0.7 -0.005416993906351308 22.227508729632927 
-0.7 -0.005416993906351308 22.22680066137696 
-0.7 -0.005416993906351308 22.22440606321564 
-0.7 -0.005416993906351308 22.233385282522033 
-0.7 -0.005416993906351308 22.221415904931956 
-0.7 -0.005416993906351308 39.027492740722074 
-0.7 -0.005416993906351308 39.02449280931567 
-0.7 -0.005416993906351308 22.212364800723666 
-0.7 -0.005416993906351308 1.396346408150423 
-0.7 -0.005416993906351308 39.014998497288964 
-0.7 -0.005416993906351308 39.01711695151037 
-0.7 -0.005416993906351308 22.216149052591515 
-0.7 -0.005416993906351308 39.03020572289155 
-0.7 -0.005416993906351308 39.02211788479081 
-0.7 -0.005416993906351308 22.219346582897344 
-0.7 -0.005416993906351308 22.211233538434655 
-0.7 -0.005416993906351308 1.3965238460711216 
-0.7 -0.005416993906351308 39.02429497161103 
-0.7 -0.005416993906351308 1.492789199899367 
-0.7 -0.011280121962954581 1.3976642291409238 
-0.7 -0.005416993906351308 39.0283233669054 
-0.7 -0.005416993906351308 39.02492143083379 
-0.7 -0.005416993906351308 39.01984494204356 
-0.7 -0.011280121962954581 1.379976781159775 
-0.7 -0.005416993906351308 1.395140356696116 
-0.7 -0.005416993906351308 1.4927891768273147 
-0.7 -0.005416993906351308 1.387664856132426 
-0.7 -0.005416993906351308 3.0846622811077595 
-0.7 -0.005416993906351308 1.3895203271035976 
-0.7 -0.005416993906351308 1.4123595110904867 
-0.7 -0.005416993906351308 22.211643363344905 
-0.7 -0.005416993906351308 39.02777517807207 
-0.7 -0.005416993906351308 39.02253016622826 
-0.7 -0.011280121962954581 1.5514701687988326 
-0.7 -0.005416993906351308 39.015015145698335 
-0.7 -0.005416993906351308 1.3005400166143803 
-0.7 -0.011280121962954581 39.01423067470422 
-0.7 -0.005416993906351308 1.491881349446033 
-0.7 -0.011280121962954581 39.01481228184771 
-0.7 -0.005416993906351308 1.397264021171346 
-0.7 -0.005416993906351308 1.3722090164354919 
-0.7 -0.005416993906351308 1.3901499364649916 
-0.7 -0.005416993906351308 1.4132722785876746 
-0.7 -0.005416993906351308 1.3876637319441298 
-0.7 -0.005416993906351308 1.4124952655958387 
-0.7 -0.005416993906351308 1.3068890328449427 
-0.7 -0.005416993906351308 1.4170776277729693 
-0.7 -0.005416993906351308 1.4299938043320362 
-0.7 -0.005416993906351308 1.3568849091596613 
-0.7 -0.005416993906351308 1.396557901162137 
-0.7 -0.005416993906351308 39.016804944373995 
-0.7 -0.005416993906351308 1.3910051713616503 
-0.7 -0.011280121962954581 1.3799465780684788 
-0.7 -0.005416993906351308 1.382612470577718 
-0.7 -0.005416993906351308 1.3879467086078308 
-0.7 -0.011280121962954581 39.01409632396695 
-0.7 -0.011280121962954581 39.014261197383476 
-0.7 -0.011280121962954581 1.3918379537711199 
-0.7 -0.011280121962954581 1.5460335688083475 
-0.7 -0.005416993906351308 1.3892433599966663 
-0.7 -0.005416993906351308 1.3089346431645195 
-0.7 -0.011280121962954581 1.3793420420795441 
-0.7 -0.005416993906351308 1.391028294476408 
-0.7 -0.011280121962954581 1.3976692596191131 
-0.7 -0.011280121962954581 1.371550182867104 
-0.7 -0.005416993906351308 1.3871449231633508 
-0.7 -0.005416993906351308 1.3391436159743328 
-0.7 -0.011280121962954581 1.3905800690484984 
-0.7 -0.005416993906351308 1.388362791458537 
-0.7 -0.005416993906351308 1.3876648578161235 
-0.7 -0.005416993906351308 1.4335992643967435 
-0.7 -0.005416993906351308 39.016999536907555 
-0.7 -0.005416993906351308 1.3004281102803814 
-0.7 -0.011280121962954581 39.01482473490989 
-0.7 -0.011280121962954581 39.014812762463144 
-0.7 -0.005416993906351308 39.01687268878913 
-0.7 -0.011280121962954581 1.3906599199633842 
-0.7 -0.011280121962954581 39.016493340491934 
-0.7 -0.005416993906351308 1.3503964065752712 
-0.7 -0.011280121962954581 1.3793838308701554 
-0.7 -0.005416993906351308 39.01439786146222 
-0.7 -0.005416993906351308 1.3006864838101069 
-0.7 -0.011280121962954581 1.3826755858094086 
-0.7 -0.011280121962954581 1.3741992931852463 
-0.7 -0.005416993906351308 1.3732937017649138 
-0.7 -0.011280121962954581 1.3250478823120118 
-0.7 -0.005416993906351308 1.339679632726918 
-0.7 -0.005416993906351308 1.3281711626161135 
-0.7 -0.005416993906351308 1.4069142630443576 
-0.7 -0.011280121962954581 1.3108658869553138 
-0.7 -0.005416993906351308 1.3004281111900107 
-0.7 -0.011280121962954581 39.014216971818584 
-0.7 -0.005416993906351308 39.01380567076507 
-0.7 -0.011280121962954581 1.3806421305797687 
-0.7 -0.011280121962954581 1.4022565115498722 
-0.7 -0.005416993906351308 1.3449211712648463 
-0.7 -0.005416993906351308 39.0193047132471 
-0.7 -0.005416993906351308 1.311688907837353 
-0.7 -0.011280121962954581 1.3215664276334624 
-0.7 -0.011280121962954581 1.3250413527119125 
-0.7 -0.011280121962954581 1.3862181563625091 
-0.7 -0.005416993906351308 1.387050354742786 
-0.7 -0.011280121962954581 1.3260699517688481 
-0.7 -0.005416993906351308 1.2975469743244465 
-0.7 -0.011280121962954581 1.3796972402779026 
-0.7 -0.005416993906351308 39.0137716953435 
-0.7 -0.005416993906351308 1.3822092851668297 
-0.7 -0.005416993906351308 1.3122545683452382 
-0.7 -0.011280121962954581 1.3666731174689637 
-0.7 -0.005416993906351308 1.3965555223614425 
-0.7 -0.005416993906351308 1.3120349842766958 
-0.7 -0.011280121962954581 1.3746492161562995 
-0.7 -0.011280121962954581 1.2958492035690081 
-0.7 -0.005416993906351308 1.3279467288893916 
-0.7 -0.011280121962954581 1.3598101318444673 
-0.7 -0.011280121962954581 1.3000337149127157 
-0.7 -0.005416993906351308 1.309321407130568 
-0.7 -0.005416993906351308 39.01380198325531 
-0.7 -0.011280121962954581 1.3208780040054355 
-0.7 -0.011280121962954581 39.01421251359437 
-0.7 -0.011280121962954581 1.3763143256815473 
-0.7 -0.005416993906351308 1.2998074238542636 
-0.7 -0.011280121962954581 1.3124688766819557 
-0.7 -0.011280121962954581 1.3234896466371477 
-0.7 -0.005416993906351308 1.3327022892862717 
-0.7 -0.005416993906351308 1.2946467345191879 
-0.7 -0.005416993906351308 1.312060515885376 
-0.7 -0.005416993906351308 1.312316241793404 
-0.7 -0.011280121962954581 1.2992355285271593 
-0.7 -0.005416993906351308 1.3035202259201673 
-0.7 -0.005416993906351308 1.3647539494444783 
-0.7 -0.011280121962954581 1.3093438950834841 
-0.7 -0.005416993906351308 1.3180053628738546 
-0.7 -0.005416993906351308 1.3129234449862706 
-0.7 -0.011280121962954581 1.3026300105281194 
-0.7 -0.005416993906351308 39.01360146058294 
-0.7 -0.011280121962954581 1.2984640001735617 
-0.7 -0.005416993906351308 1.3003832975653626 
-0.7 -0.005416993906351308 1.2997850601350358 
-0.7 -0.011280121962954581 1.2936791681657795 
-0.7 -0.005416993906351308 1.2981462279747138 
-0.7 -0.005416993906351308 1.3059433641131717 
-0.7 -0.005416993906351308 1.2951076517611502 
-0.7 -0.005416993906351308 1.2917195363590026 
-0.7 -0.005416993906351308 1.326335251308957 
-0.7 -0.005416993906351308 1.293755587822614 
-0.7 -0.005416993906351308 1.2974740358974315 
-0.7 -0.005416993906351308 1.3017792476156462 
-0.7 -0.011280121962954581 1.314135058933788 
-0.7 -0.005416993906351308 1.307230548144814 
-0.7 -0.005416993906351308 1.296439095520576 
-0.7 -0.005416993906351308 1.294953771940808 
-0.7 -0.011280121962954581 1.3258640711007186 
-0.7 -0.005416993906351308 1.3475822342791342 
-0.7 -0.011280121962954581 1.2957361749116754 
-0.7 -0.005416993906351308 1.298743756718538 
-0.7 -0.011280121962954581 39.013886153850166 
-0.7 -0.005416993906351308 1.2933455020386955 
-0.7 -0.005416993906351308 39.013915433054486 
-0.7 -0.011280121962954581 1.298066864594577 
-0.7 -0.005416993906351308 39.01349316770876 
-0.7 -0.011280121962954581 1.2988180179499693 
-0.7 -0.005416993906351308 1.305440606411221 
-0.7 -0.005416993906351308 1.2949215179254294 
-0.7 -0.005416993906351308 1.2918239416842334 
-0.7 -0.011280121962954581 1.2936037960907334 
-0.7 -0.005416993906351308 1.285582814841233 
-0.7 -0.011280121962954581 1.3071373279134273 
-0.7 -0.011280121962954581 1.2977898421569942 
-0.7 -0.005416993906351308 1.2902154488989 
-0.7 -0.005416993906351308 1.2941752271598004 
-0.7 -0.005416993906351308 1.3080809074957234 
-0.7 -0.011280121962954581 1.2981190643256921 
-0.7 -0.005416993906351308 1.2957230750014042 
-0.7 -0.005416993906351308 1.2957567421759437 
-0.7 -0.011280121962954581 1.2980762189668502 
-0.7 -0.005416993906351308 39.01457516019803 
-0.7 -0.011280121962954581 1.2990332999245937 
-0.7 -0.011280121962954581 1.2955059401727662 
-0.7 -0.005416993906351308 1.291745422698267 
-0.7 -0.011280121962954581 1.2980450655374518 
-0.7 -0.005416993906351308 1.2931203179318222 
-0.7 -0.005416993906351308 1.2875518392085368 
-0.7 -0.011280121962954581 1.2877968645330065 
-0.7 -0.005416993906351308 1.404263057691503 
-0.7 -0.005416993906351308 39.013377122772326 
-0.7 -0.011280121962954581 1.3283586319967253 
-0.7 -0.011280121962954581 1.2973749029347437 
-0.7 -0.005416993906351308 1.2875470370492705 
-0.7 -0.005416993906351308 1.2940594952061681 
-0.7 -0.011280121962954581 1.2932250335651565 
-0.7 -0.005416993906351308 39.01349590075933 
-0.7 -0.005416993906351308 1.2860317418744587 
-0.7 -0.011280121962954581 1.2958165573627112 
-0.7 -0.011280121962954581 1.287763528686371 
-0.7 -0.005416993906351308 1.3201186218145837 
-0.7 -0.005416993906351308 1.2896356515411214 
-0.7 -0.011280121962954581 1.2852060899542104 
-0.7 -0.005416993906351308 1.2922854820340515 
-0.7 -0.011280121962954581 1.2957357890507062 
-0.7 -0.011280121962954581 1.2938953562228979 
-0.7 -0.005416993906351308 1.2885544084750964 
-0.7 -0.005416993906351308 1.2874868202533891 
-0.7 -0.005416993906351308 1.2857176770915766 
-0.7 -0.005416993906351308 1.3051944860943934 
-0.7 -0.005416993906351308 1.2919684402579694 
-0.7 -0.005416993906351308 1.2956053307938047 
-0.7 -0.005416993906351308 1.2875299332897072 
-0.7 -0.005416993906351308 1.2876358042838265 
-0.7 -0.005416993906351308 39.013595488541014 
-0.7 -0.011280121962954581 1.2927213313318728 
-0.7 -0.005416993906351308 1.2877294580203484 
-0.7 -0.005416993906351308 1.2853921898833232 
-0.7 -0.005416993906351308 1.2856698191967544 
-0.7 -0.005416993906351308 1.2868393649882628 
-0.7 -0.005416993906351308 1.2850252079608127 
-0.7 -0.011280121962954581 1.290337994793575 
-0.7 -0.011280121962954581 1.2918911682832321 
-0.7 -0.005416993906351308 1.2777586444130729 
-0.7 -0.005416993906351308 1.2875852060000672 
-0.7 -0.011280121962954581 1.284179373495373 
-0.7 -0.005416993906351308 1.2930771166321622 
-0.7 -0.011280121962954581 1.28625283879289 
-0.7 -0.005416993906351308 1.2885120216445058 
-0.7 -0.005416993906351308 1.2851252397456054 
-0.7 -0.011280121962954581 39.01319324612916 
-0.7 -0.011280121962954581 1.2929362716785378 
-0.7 -0.011280121962954581 1.2804328582099784 
-0.4 -0.002880835214369881 27.380771839840534 
-0.4 -0.002880835214369881 39.01917172587681 
-0.4 -0.002880835214369881 39.03708792034001 
-0.4 -0.002880835214369881 39.0266573852171 
-0.4 -0.002880835214369881 1.297596919472476 
-0.4 -0.002880835214369881 1.2911319638882455 
-0.4 -0.002880835214369881 1.2965493230080865 
-0.4 -0.002591768278705331 1.3177436732032728 
-0.4 -0.002880835214369881 1.2924865139421418 
-0.4 -0.002880835214369881 1.2911431874338126 
-0.4 -0.002880835214369881 1.2858745208728433 
-0.4 -0.002880835214369881 1.2883490684403611 
-0.4 -0.002880835214369881 1.2902880118043774 
-0.4 -0.002880835214369881 1.3020670898707853 
-0.4 -0.0026686625188574453 1.2963924518640582 
-0.4 -0.002880835214369881 1.2959126302213848 
-0.4 -0.002880835214369881 1.2929171073875072 
-0.4 -0.002880835214369881 1.2917605517056785 
-0.4 -0.002880835214369881 1.294823649852879 
-0.4 -0.002880835214369881 1.2970343570833038 
-0.4 -0.002880835214369881 1.2924059680831603 
-0.4 -0.002880835214369881 1.2909786240560477 
-0.4 -0.002880835214369881 1.2908182755257727 
-0.4 -0.002880835214369881 1.2916978156122783 
-0.4 -0.002880835214369881 39.01340349443581 
-0.4 -0.002880835214369881 1.2873233918847953 
-0.4 -0.002591768278705331 1.2885135800524865 
-0.4 -0.002880835214369881 1.2868873606471687 
-0.4 -0.002880835214369881 39.01348815120294 
-0.4 -0.002591768278705331 1.2895879075880938 
-0.4 -0.002880835214369881 1.2949594029997256 
-0.4 -0.002880835214369881 39.013746109618864 
-0.4 -0.002880835214369881 39.01347501163803 
-0.4 -0.002880835214369881 1.2905429764962255 
-0.4 -0.002880835214369881 1.2883699474154096 
-0.4 -0.002880835214369881 1.2880857924630338 
-0.4 -0.002591768278705331 39.01347500287173 
-0.4 -0.002880835214369881 1.277419367297043 
-0.4 -0.002880835214369881 39.013168272330105 
-0.4 -0.002880835214369881 1.2901535764690284 
-0.4 -0.002880835214369881 1.2869928910235497 
-0.4 -0.002880835214369881 1.2906646171368175 
-0.4 -0.002880835214369881 1.2929031936398552 
-0.4 -0.002880835214369881 1.2951290338538233 
-0.4 -0.002880835214369881 1.3112472698135589 
-0.4 -0.002880835214369881 1.2791256933182082 
-0.4 0.5999422379749433 1.273531058801657 
-0.4 -0.002880835214369881 1.2870234746179292 
-0.4 0.5999422379749433 1.2740400914558774 
-0.4 -0.002880835214369881 1.2726587779710201 
-0.4 -0.002880835214369881 1.3061693995994101 
-0.4 -0.002591768278705331 1.2957927343296385 
-0.4 -0.0026686625188574453 1.2885649187465555 
2.2 0.05443855012504173 94.04896040751709 
2.2 0.5946766460825756 30.84286984416783 
2.2 0.5946766460825756 30.842862508049805 
2.2 0.05443855012504173 94.0489618444834 
2.2 0.5946766460825756 41.57658062421914 
2.2 0.5976631093977289 39.01799535559985 
2.2 0.5977415965651289 27.390860613310412 
2.2 0.5977415965651289 39.084393704901345 
3.8 0.8646759345458008 291.5615055013301 
3.8 0.5607500769362161 3.0548758324226957 
0.3 0.5897129254821323 257.06870466284636 
0.3 0.5897129254821323 257.0687104238212 
0.3 0.5866500019598391 39.33526239632101 
0.3 0.5897129254821323 1.539146150452805 
0.3 0.5897129254821323 1.3003723561231193 
0.3 0.5897129254821323 1.3556801571410366 
0.3 0.5897129254821323 1.3001454212405978 
0.3 0.5897129254821323 1.2990262365651253 
0.3 0.5897129254821323 1.2929755572330313 
2.3 0.5976609993114153 63.53563409841486 
2.3 0.5976637622136991 269.6871983036046 
2.3 0.5977244009946787 29.256414501949696 
2.3 0.5976081245501348 63.392247415871324 
2.3 0.5977244009946787 39.95192993359727 
2.3 0.5976609993114153 63.53553305258013 
2.3 0.5977244009946787 29.25588064849612 
2.3 0.5977141230072789 39.02704780607922 
2.3 0.5976202992985407 39.01402490630835 
1.0 0.5940998724868791 295.8626767264072 
1.0 0.5940998724868791 39.025479178799 
1.0 0.5940998724868791 1.290571307036465 
0.9 0.009122689231446657 35.263249645437384 
0.9 0.009122689231446657 158.73021359509147 
0.9 0.5934396117097833 157.97412613119977 
0.9 0.5934396117097833 157.97311020366377 
0.9 0.009122689231446657 158.72979981227473 
0.9 0.5934396117097833 32.73413537742984 
0.9 0.5934396117097833 32.73769223099601 
0.9 0.594104170691395 35.26075459735268 
0.9 0.5934396117097833 39.02847306118423 
0.9 0.5934396117097833 32.73413502003974 
-0.5 -0.0036851869541862925 129.59862419785168 
-0.5 -0.0036851869541862925 192.3643175568879 
-0.5 -0.0036851869541862925 192.36424736338398 
-0.5 -0.0036851869541862925 39.04518091196526 
-0.5 -0.0036851869541862925 39.01357402258093 
-0.5 -0.0036851869541862925 192.3643155862388 
-0.5 -0.0036851869541862925 192.36425029008225 
-0.5 -0.0036851869541862925 39.04424082302844 
-0.5 -0.0036851869541862925 39.03341667039504 
-0.5 -0.0036851869541862925 1.3433874337414002 
-0.5 -0.0036851869541862925 1.290971831772387 
-0.5 -0.0036851869541862925 1.2875970984940128 
-0.5 -0.003314847859570591 39.01376627894239 
-0.5 -0.0036851869541862925 1.2912692634987426 
-0.5 -0.0036851869541862925 1.293595284715617 
-0.5 -0.0036851869541862925 1.2856836934672857 
-0.5 0.5935381435474198 39.013009214705306 
-0.5 -0.0036851869541862925 39.0135639174273 
-0.5 -0.0036851869541862925 1.295698099150399 
-0.5 -0.0036851869541862925 1.2914116974383398 
-0.5 -0.0036851869541862925 1.2876241137826723 
-0.5 -0.0036851869541862925 1.2889752433982098 
-0.5 -0.0036851869541862925 1.2936593117103596 
-0.5 -0.0036851869541862925 1.2880552636545324 
-0.5 -0.0036851869541862925 1.2909696843122347 
-0.5 -0.0036851869541862925 1.3118527351917428 
-0.5 -0.0036851869541862925 1.2901494949532122 
-0.5 -0.0036851869541862925 1.2938393912234198 
-0.5 -0.0036851869541862925 1.2890122558198922 
-0.5 -0.0036851869541862925 1.281798634457743 
-0.5 -0.0036851869541862925 1.2841870276896936 
-0.5 -0.003314847859570591 1.2978267844273652 
-0.5 -0.0036851869541862925 1.2874870806809413 
-0.5 -0.0036851869541862925 1.2864252211249314 
-0.5 -0.0036851869541862925 1.287509366513845 
-0.5 -0.0036851869541862925 1.281772019294245 
-0.5 -0.0036851869541862925 1.2865033443361367 
-0.5 -0.0036851869541862925 1.2925239653942429 
-0.5 -0.0036851869541862925 1.28420670762317 
-0.5 -0.0029989412618363076 1.2834032979126482 
-0.5 -0.0028707532613623243 1.277593665219977 
-0.5 -0.0036851869541862925 1.2857958630330852 
-0.5 -0.0028707532613623243 1.2838271019266778 
-0.5 -0.0036851869541862925 1.2832538676768905 
-0.5 -0.0028707532613623243 1.28101377689128 
-0.5 -0.0036851869541862925 1.2839679278103155 
-0.5 -0.0036851869541862925 1.285943001883975 
-0.5 -0.003314847859570591 1.281325706543825 
-0.5 -0.0029989412618363076 1.2868018963083157 
-0.5 -0.0036851869541862925 1.2861457673339027 
-0.5 -0.0029989412618363076 1.2834911236623243 
-0.5 -0.0036851869541862925 1.2817674112828272 
-0.5 -0.0036851869541862925 1.2832637807533782 
-0.5 -0.0036851869541862925 1.2945326651159705 
3.1 0.0549605990781572 293.2894335257039 
3.1 0.5947447327064594 247.32718543589823 
3.6 0.5604590624927823 9.35592689071243 
3.6 0.5603947557948459 155.39796856979825 
3.6 0.5604590624927823 9.38529713924237 
3.6 0.5604100238989815 155.39809454416513 
3.6 0.5604445523026413 9.38685046770737 
3.6 0.5604695505079746 8.026068305815016 
3.6 0.5604695505079746 8.026494452837515 
3.6 0.5604590624927823 39.33178793356246 
3.6 0.560393353707326 8.03041310164575 
3.6 0.5604400975443582 39.02955196160698 
3.6 0.5604116105815251 39.02447903437712 
3.6 0.5604590624927823 9.37676091805997 
3.9 0.56025642664045 40.82929316739267 
1.3 0.046049178262506985 47.12907769142401 
1.3 0.592179400452153 323.0735007966749 
1.3 0.5952437713121981 43.721639508300846 
1.3 0.5952437713121981 43.720938474074806 
1.6 0.040909045971034175 350.58443484924294 
1.6 0.0535574883079164 217.10650444164867 
1.6 0.0535574883079164 39.76018463164382 
2.4 0.5976421123326645 90.10746669119503 
0.1 0.0007717454482190078 222.08896136491563 
0.1 0.0007717454482190078 222.08896165748098 
0.1 0.0007717454482190078 222.08830059059474 
0.1 0.0007717454482190078 2.4792552705001327 
0.1 0.0007717454482190078 39.01972711188599 
0.1 0.0007717454482190078 2.478274773498848 
0.1 0.0007717454482190078 1.3536042044431462 
0.1 0.0007717454482190078 1.422437617948837 
0.1 0.0007717454482190078 1.3585095542363355 
3.5 0.05428044807266019 227.38273805831454 
3.5 0.05466186969778164 127.20689622614577 
3.5 0.5602022373797411 155.39802438407088 
3.5 0.5599837937357961 39.01572846789174 
3.5 0.5602852311251922 7.999378720677466 
2.8 1.8322700600373025 227.54676318462612 
2.8 0.5977194845863778 39.01754739903111 
2.8 1.8322700600373025 227.5467631740924 
2.8 0.5977793681234402 39.0175349152195 
1.7 0.05112142296869138 172.0309052590925 
1.7 0.05112142296869138 172.03090651522555 
0.8 0.008474366437411618 6.039883022152043 
0.8 0.5927434955026456 3.0001735095725883 
0.8 0.5927434955026456 39.140968764113545 
0.8 0.5927434955026456 39.025010578551765 
0.8 0.5927434955026456 3.0740582234178095 
0.8 0.5927434955026456 3.0766248580437154 
0.8 0.5927434955026456 3.060525188526219 
0.8 0.5927434955026456 3.074344125885156 
0.8 0.5927434955026456 23.87167642096216 
0.8 0.5927434955026456 3.0373388588440933 
0.8 0.5927434955026456 39.80423107031779 
0.8 0.008474366437411618 6.018730408736886 
0.8 0.5927434955026456 39.02739763216537 
0.8 0.5927434955026456 39.03090548764628 
0.8 0.5927434955026456 39.04309008134996 
0.8 0.5934366761201773 39.371678952651465 
0.8 0.5927434955026456 3.0450814726897257 
0.8 0.5927434955026456 39.027252095168336 
0.8 0.5927434955026456 2.9989285905670418 
0.8 0.5927434955026456 39.02445787522612 
0.8 0.5927434955026456 3.006389715461558 
3.3 0.595381360205721 37.1783474115311 
3.3 0.05475788578721108 53.45755565726974 
3.3 0.5953912001039896 138.84058766701773 
3.3 0.05475788578721108 53.463154358987204 
0.5 0.5882516266729851 53.37090753017775 
0.5 0.5913157951904964 3.039723912034843 
0.5 0.5913157951904964 1.3559277089530202 
0.5 0.5913157951904964 1.5107455328723627 
0.5 0.5913157951904964 1.355526049893501 
0.5 0.5913157951904964 1.5450522168897882 
0.5 0.5914838593623983 1.5207845532336535 
0.5 0.5913157951904964 1.3450541869866184 
3.2 0.5945800881652303 120.27448124029986 
3.2 0.055267705164482095 53.45796056999041 
4.2 0.5545176100262097 40.1274314185951 
1.2 0.006490665169081922 323.4041046474581 
1.2 0.006490665169081922 88.72721875008222 
1.2 0.5946247251925456 251.9334850611703 
1.2 0.5946247251925456 39.025132034373016 
1.2 0.5946247251925456 88.59716661122195 
1.2 0.006490665169081922 88.72722480690588 
1.2 0.006490665169081922 39.311716697680595 
1.2 0.5946247251925456 323.0735262309091 
1.2 0.5946247251925456 39.255357806235246 
1.2 0.006490665169081922 40.14108802984249 
1.2 0.5946247251925456 9.352229815812136 
2.7 0.594825932961669 96.05552383724122 
2.7 0.597784111735109 3.5250161094950183 
2.7 0.5977211679780794 39.0223631710638 
2.7 0.05548631385940439 96.05015646533913 
2.7 0.5947237755038941 6.039914878357127 
2.7 0.597890578096866 39.14165622627881 
2.7 0.5977211679780794 3.525245127290597 
2.7 0.5977211679780794 39.14142921662934 
2.7 0.5979294607654708 39.02888746853675 
4.1 0.5607886834132785 138.9182007273515 
4.1 0.5605527017444558 36.36461768425089 
4.1 0.5605527017444558 36.36751642271931 
0.4 0.002434616727214234 133.79916178106967 
0.4 0.5905223712939005 133.27769865519159 
0.4 0.5874588212266758 133.28336162876997 
0.4 0.5905223712939005 39.036419471198386 
0.4 0.5979207546654948 257.069132821234 
0.4 0.006400260015738013 40.749086482598976 
0.4 0.5905223712939005 39.02612314458944 
0.4 0.5905223712939005 1.6541002991241174 
0.4 0.5905223712939005 22.225357599571467 
0.4 0.5905223712939005 1.3056155848726025 
-0.2 -0.0013626440644998183 39.03075710356278 
-0.2 -0.0013626440644998183 39.02171282965475 
-0.2 -0.0013626440644998183 22.210856691362665 
-0.2 -0.0013626440644998183 39.02143309575587 
-0.2 -0.0013626440644998183 22.210889611379326 
-0.2 -0.0013626440644998183 39.02108412699621 
-0.2 -0.0013626440644998183 39.01743777487648 
-0.2 -0.0013626440644998183 39.01970581264115 
-0.2 -0.0012058881662255772 1.293571069427826 
-0.1 -0.0006650305971618309 25.588024551532527 
-0.1 -0.0006650305971618309 39.0288527266159 
-0.1 -0.0006650305971618309 23.81051408259926 
-0.1 -0.0006650305971618309 39.014812809277565 
-0.1 -0.0006650305971618309 39.0289621616295 
-0.1 -0.0006650305971618309 23.81701819560627 
-0.1 -0.0006650305971618309 39.04174778635745 
-0.1 -0.0006650305971618309 42.84959268444979 
-0.1 -0.0006650305971618309 39.31538338370443 
-0.1 -0.0006650305971618309 39.072777385629394 
-0.1 -0.0006650305971618309 39.01489622363235 
-0.1 -0.0006650305971618309 39.01520218576292 
-0.1 -0.0006650305971618309 39.027630579741945 
-0.1 -0.0006650305971618309 39.01798380324903 
-0.1 -0.0006650305971618309 39.02281260273956 
-0.1 -0.0006650305971618309 23.811063006486027 
-0.1 -0.0006650305971618309 39.98142397452388 
-0.1 -0.0006650305971618309 39.021668450637755 
-0.1 -0.0006650305971618309 39.02328059891969 
-0.1 -0.0006650305971618309 39.168018608165696 
-0.1 -0.0006650305971618309 39.02212276375953 
-0.1 -0.0006650305971618309 23.811120420619947 
-0.1 -0.0006650305971618309 39.020228378107134 
-0.1 -0.0006650305971618309 1.6803501083685424 
-0.1 -0.0006650305971618309 39.01975443668438 
-0.1 -0.0006650305971618309 1.6907437546271609 
-0.1 -0.0006650305971618309 7.999669942459035 
-0.1 -0.0006650305971618309 39.02087026298152 
-0.1 -0.0006650305971618309 39.0245461890818 
-0.1 -0.0006650305971618309 1.6896341325693809 
-0.1 -0.0006650305971618309 1.6898127582894407 
-0.1 -0.0006650305971618309 7.9998521216336265 
-0.1 -0.0006650305971618309 1.5423081784875534 
-0.1 -0.0006650305971618309 1.5334657045437186 
-0.1 -0.0006650305971618309 39.02750094639001 
-0.1 -0.0006650305971618309 7.982874940649904 
-0.1 -0.0006650305971618309 1.7791906672009916 
-0.1 -0.0006650305971618309 39.0292871495187 
-0.1 -0.0006650305971618309 1.562795447385135 
-0.1 -0.0006650305971618309 1.5328377287850252 
-0.1 -0.0006650305971618309 1.535472402657942 
-0.1 -0.0002857480308762206 1.6861277300842943 
-0.1 -0.0006650305971618309 1.533879247295899 
-0.1 -0.0006650305971618309 39.01895254771071 
-0.1 -0.0006650305971618309 1.3771696706793677 
-0.1 -0.0006650305971618309 1.2908476500402708 
-0.1 -0.0006650305971618309 1.3145165276436994 
-0.1 -0.0006650305971618309 39.0139123350324 
-0.1 -0.0006650305971618309 1.2939128753390665 
-0.1 -0.0006650305971618309 1.2955751672824591 
-0.1 -0.0006650305971618309 1.286031080282403 
-0.1 -0.0006650305971618309 1.290777479764235 
-0.1 -0.0006650305971618309 1.2835505027019898 
-0.1 -0.0006650305971618309 1.2909905172089822 
-0.1 -0.0006650305971618309 1.2999631267379432 
-0.1 -0.0006650305971618309 39.0133242342244 
-0.1 -0.0006650305971618309 1.2878123396061931 
-0.1 -0.0006650305971618309 1.286172889958842 
-0.1 -0.0005482701377275134 1.290533763732735 
-0.6 -0.004577893142510447 196.02921631327297 
-0.6 -0.004577893142510447 39.07372286403268 
-0.6 -0.004577893142510447 196.01975311857956 
-0.6 -0.004577893142510447 27.39066322672063 
-0.6 -0.004577893142510447 39.02372459270833 
-0.6 -0.004577893142510447 39.02782868373602 
-0.6 -0.004577893142510447 39.04168158777028 
-0.6 -0.004577893142510447 2.9686329951681776 
-0.6 -0.004577893142510447 39.08156160470145 
-0.6 -0.004577893142510447 9.378333912688886 
-0.6 -0.004577893142510447 39.0258364714922 
-0.6 -0.004577893142510447 8.013684771391498 
-0.6 -0.004577893142510447 2.968542831563056 
-0.6 -0.004577893142510447 2.995117645996758 
-0.6 -0.004577893142510447 39.0773121131001 
-0.6 -0.004577893142510447 39.026709118488434 
-0.6 -0.004577893142510447 39.025490499376744 
-0.6 -0.004577893142510447 39.02605889725523 
-0.6 -0.004577893142510447 39.0322001570774 
-0.6 -0.004577893142510447 2.955159894722621 
-0.6 -0.004577893142510447 8.018855726207663 
-0.6 -0.004577893142510447 39.03600783223968 
-0.6 -0.004577893142510447 39.07117046803704 
-0.6 -0.004577893142510447 7.997473863531096 
-0.6 -0.004577893142510447 39.03127031123711 
-0.6 -0.004577893142510447 22.218623550358295 
-0.6 -0.004577893142510447 39.027892498263604 
-0.6 -0.004577893142510447 8.019353113866243 
-0.6 -0.004577893142510447 8.024293638740469 
-0.6 -0.004577893142510447 39.01930425382397 
-0.6 -0.004577893142510447 39.0191797187314 
-0.6 -0.004577893142510447 39.03198515268145 
-0.6 -0.004577893142510447 2.9972558856246065 
-0.6 -0.004577893142510447 2.971059112667753 
-0.6 -0.004577893142510447 1.4384887539403013 
-0.6 -0.004577893142510447 39.02302053220506 
-0.6 -0.004577893142510447 39.018833550001425 
-0.6 -0.004577893142510447 39.01827069533666 
-0.6 -0.004577893142510447 39.01867188871675 
-0.6 -0.004577893142510447 39.019283956619944 
-0.6 -0.004577893142510447 2.974029140309112 
-0.6 -0.004577893142510447 2.968544206281338 
-0.6 -0.004577893142510447 2.975806555643039 
-0.6 -0.004577893142510447 2.9565316692979327 
-0.6 -0.004577893142510447 39.01948202968287 
-0.6 -0.004577893142510447 2.9710591372883957 
-0.6 -0.004577893142510447 39.01917191137235 
-0.6 -0.004577893142510447 39.02158954638042 
-0.6 -0.004577893142510447 39.02152942176407 
-0.6 -0.004577893142510447 2.9657488770233544 
-0.6 -0.004577893142510447 1.3554371848496662 
-0.6 -0.004577893142510447 1.313968234500548 
-0.6 -0.004577893142510447 1.3115470631610895 
-0.6 -0.004577893142510447 1.3084070517365007 
-0.6 -0.004577893142510447 1.3412459201881821 
-0.6 -0.004577893142510447 1.31904995961982 
-0.6 -0.004577893142510447 1.2981468841714423 
-0.6 -0.004577893142510447 1.3705001202050286 
-0.6 -0.0033630784599267827 1.3168197397417787 
-0.6 -0.004577893142510447 39.01408441235153 
-0.6 -0.004577893142510447 1.3598010819821937 
-0.6 -0.004577893142510447 1.306149797988547 
-0.6 -0.004577893142510447 1.2961456945488818 
-0.6 -0.004577893142510447 1.2986474499443577 
-0.6 -0.0041214904334196945 39.014495520270145 
-0.6 -0.004577893142510447 1.2989104984642745 
-0.6 -0.0041214904334196945 1.3039613396650223 
-0.6 -0.004577893142510447 1.2942793623677613 
-0.6 -0.004577893142510447 1.3117433146479671 
-0.6 -0.004577893142510447 1.2993314197978172 
-0.6 -0.004577893142510447 39.01356204152103 
-0.6 -0.004577893142510447 1.2891892352428271 
-0.6 -0.004577893142510447 39.01339516796584 
-0.6 -0.0041214904334196945 39.01372276801045 
-0.6 -0.0041214904334196945 1.281693224947996 
-0.6 -0.004577893142510447 1.296285429215131 
-0.6 -0.004577893142510447 1.2927106595005644 
-0.6 -0.004577893142510447 1.329010002379683 
-0.6 -0.0041214904334196945 1.2853266749145291 
-0.6 -0.004577893142510447 1.2838651536427346 
-0.6 -0.004577893142510447 1.294534971930835 
-0.6 -0.004577893142510447 1.3049780328717653 
-0.6 -0.004577893142510447 1.2902305277613844 
-0.6 -0.004577893142510447 1.2917341524648038 
-0.6 -0.004577893142510447 1.2898534725871873 
-0.6 -0.004577893142510447 1.2876431575982081 
-0.6 -0.0041214904334196945 1.28466278306149 
-0.6 -0.004577893142510447 1.2855636945354363 
-0.6 -0.0033630784599267827 1.284899281549381 
-0.6 -0.0041214904334196945 39.01329728994824 
-0.6 -0.0041214904334196945 1.2903748940205781 
-0.6 -0.0041214904334196945 1.285716265381629 
-0.6 -0.004577893142510447 1.3191625198657764 
-0.6 -0.004577893142510447 1.284117639433815 
-0.6 0.000990954983052461 1.278072551509722 
-0.6 -0.0041214904334196945 1.2816700930924791 
-0.6 -0.004577893142510447 1.3876909137338655 
-0.6 -0.004577893142510447 1.2784278020956965 
-0.6 -0.0033630784599267827 1.2824487591359395 
-0.6 -0.0041214904334196945 1.2812144735332336 
-0.6 -0.0041214904334196945 39.01326575721255 
-0.6 -0.0033630784599267827 39.01321357431021 
-0.6 -0.004577893142510447 1.2817390000590771 
-0.6 -0.0033630784599267827 1.2918618724892346 
3.7 0.6217193409362949 196.0274135686234 
3.7 0.6217193409362949 196.02784236702306 
3.7 0.5605602189642411 8.025561866467832 
3.7 0.560579094576525 3.0734307985663607 
3.7 0.5605551556163277 39.04208482559385 
3.7 0.5603074917937079 8.023204136476183 
3.7 0.5603208264832915 27.306923827896636 
3.7 0.5603074917937079 39.031487423668295 
3.7 0.5605999517669034 3.073789883422735 
2.0 0.05694251092182867 181.56952287966212 
2.0 0.5970546817419233 180.87399161476066 
0.2 0.0012918971182500627 11.609933247227652 
0.2 0.5864823541629676 251.93344981985905 
0.2 0.0012918971182500627 323.40415133579995 
0.2 0.0012918971182500627 11.429316800874348 
0.2 0.0012918971182500627 2.450001153699481 
0.2 0.0012918971182500627 40.683972788842624 
0.2 0.5864823541629676 39.0146392910584 
0.2 0.0012918971182500627 2.4842675146784496 
0.2 0.0012918971182500627 2.5492726940245283 
0.2 0.0012918971182500627 11.447857550835275 
0.2 0.0012918971182500627 39.07340783662441 
0.2 0.0012918971182500627 40.68356316046001 
0.2 0.5895276582382394 39.015462180940425 
0.2 0.0012918971182500627 39.29804605793649 
0.2 0.5864823541629676 39.02091974903799 
0.2 0.0012918971182500627 2.452866892672547 
0.2 0.5864823541629676 39.02091318986189 
0.2 0.5864823541629676 39.01461180308057 
0.2 0.5864823541629676 1.690823743715056 
0.2 0.0012918971182500627 39.07368000011978 
0.2 0.5895276582382394 23.806798701110935 
0.2 0.0012918971182500627 39.06901752047562 
0.2 0.5864823541629676 39.01563669420703 
0.2 0.0012918971182500627 2.4590442638715895 
0.2 0.0012918971182500627 2.450501844100884 
0.2 0.0012918971182500627 11.610522046903142 
0.2 0.0012918971182500627 40.637338535743176 
0.2 0.5864823541629676 1.6932149916624353 
0.2 0.5895276582382394 23.810940253790914 
0.2 0.0012918971182500627 39.07174392621584 
0.2 0.5895276582382394 39.02173112678375 
0.2 0.0012918971182500627 2.4593080632354907 
0.2 0.0012918971182500627 2.4651760983115847 
0.2 0.0012918971182500627 11.42383319529099 
0.2 0.5864823541629676 39.028758660722445 
0.2 0.0012918971182500627 2.4639195928674527 
0.2 0.0012918971182500627 2.502673061771463 
0.2 0.0012918971182500627 39.06997145897007 
0.2 0.0012918971182500627 11.424277793837307 
0.2 0.5864823541629676 1.503579169577597 
0.2 0.5864823541629676 39.02727977046335 
0.2 0.0012918971182500627 39.069198453309305 
0.2 0.5864823541629676 1.504044255159275 
0.2 0.5895276582382394 1.3804658592228574 
0.2 0.5864823541629676 1.5053740410098961 
0.2 0.5864823541629676 1.6720474191411883 
0.2 0.5895276582382394 39.02781596635387 
0.2 0.5864823541629676 1.553363320380119 
0.2 0.0012918971182500627 2.573363986890719 
0.2 0.5864823541629676 1.6611119130544436 
0.2 0.5864823541629676 1.6942859338743161 
0.2 0.5864823541629676 1.6540992130516752 
0.2 0.5895276582382394 39.025126952040054 
0.2 0.0012918971182500627 2.484553312864425 
0.2 0.0012918971182500627 2.4639092897551103 
0.2 0.5864823541629676 1.5049535710744115 
0.2 0.0012918971182500627 2.454386471817197 
0.2 0.5895276582382394 1.3568679137007262 
0.2 0.5895276582382394 1.7440954224418979 
0.2 0.5864823541629676 1.6726051850641168 
0.2 0.5864823541629676 1.5038476156305767 
0.2 0.5864823541629676 1.4994675178521457 
0.2 0.5864823541629676 1.6719047898042723 
0.2 0.5864823541629676 1.5001903246372408 
0.2 0.5895276582382394 22.23364298271627 
0.2 0.5864823541629676 1.5040113613046273 
0.2 0.5864823541629676 1.6611339698584757 
0.2 0.5864823541629676 39.025679884762205 
0.2 0.5864823541629676 1.4985207941520353 
0.2 0.5864823541629676 1.5137916319378175 
0.2 0.5895276582382394 39.01560732567389 
0.2 0.5864823541629676 1.5742792181624798 
0.2 0.5864823541629676 1.4700824241035675 
0.2 0.5979138464386153 1.5003823783350074 
0.2 0.595213483870026 39.02212963788105 
0.2 0.5895276582382394 1.3688800408843875 
0.2 0.5895276582382394 1.3568800613990715 
0.2 0.5864823541629676 1.4991515273785212 
0.2 0.5864823541629676 1.5369274338537924 
0.2 0.5955477942853236 39.02116930559936 
0.2 0.5864823541629676 1.501064763498074 
0.2 0.5864823541629676 7.980385707411483 
0.2 0.0012918971182500627 2.4500011126015755 
0.2 0.5895276582382394 1.3444669736501238 
0.2 0.5864823541629676 1.469582414461989 
0.2 0.5895276582382394 39.02705236819892 
0.2 0.5895276582382394 1.3386252933394551 
0.2 0.5979138464386153 1.3759044467310955 
0.2 0.5864823541629676 1.4926534766218482 
0.2 0.5895276582382394 39.01539818893293 
0.2 0.5895276582382394 39.01576236432307 
0.2 0.5864823541629676 1.4598054834637322 
0.2 0.5864823541629676 1.5081960504653913 
0.2 0.5895276582382394 1.3562108144894938 
0.2 0.5895276582382394 1.2976644289892616 
0.2 0.5895276582382394 39.01821141599941 
0.2 0.5895276582382394 1.3624873976270506 
0.2 0.5864823541629676 1.3868233180983673 
0.2 0.5895276582382394 1.4214331219097256 
0.2 0.5895276582382394 39.01529473628924 
0.2 0.5864823541629676 1.3775575966656226 
0.2 0.5895276582382394 39.015392395128714 
0.2 0.5864823541629676 1.4563049230066611 
0.2 0.5895276582382394 1.3567558915150757 
0.2 0.5864823541629676 1.4802096922129029 
0.2 0.5895276582382394 39.015433177064615 
0.2 0.5895276582382394 1.3674899860927616 
0.2 0.5895276582382394 1.296141595092099 
0.2 0.5895276582382394 1.3926179924185331 
0.2 0.5895276582382394 1.3480726936391862 
0.2 0.5895276582382394 39.014444471633425 
0.2 0.5895276582382394 1.3554259994592852 
0.2 0.5979138464386153 1.3763001647045383 
0.2 0.5864823541629676 1.4123429021098222 
0.2 0.5895276582382394 1.3442424880343284 
0.2 0.5895276582382394 1.3608351192018104 
0.2 0.5895276582382394 1.3579700714001794 
0.2 0.5895276582382394 1.347332839162893 
0.2 0.5895276582382394 1.3477946753873662 
0.2 0.5864823541629676 1.3069135050035858 
0.2 0.5895276582382394 1.3305678608327292 
0.2 0.595213483870026 1.3454220082770902 
0.2 0.5895276582382394 1.3570294516316312 
0.2 0.5895276582382394 1.344120121726956 
0.2 0.5895276582382394 1.2967830871376145 
0.2 0.5895276582382394 1.3004520166577955 
0.2 0.5895276582382394 1.342084875634667 
0.2 0.5895276582382394 1.350217663918734 
0.2 0.5895276582382394 39.01367036822312 
0.2 0.5895276582382394 1.2967394036808098 
0.2 0.5895276582382394 1.343849095200929 
0.2 0.5895276582382394 1.3563897849636952 
0.2 0.5864823541629676 1.3176410512577295 
0.2 0.5895276582382394 1.2958058397710968 
0.2 0.5896100905042658 1.3042849070975666 
0.2 0.5895276582382394 39.01370995735293 
0.2 0.5895276582382394 1.307712617431203 
0.2 0.5895276582382394 1.3096577044361684 
0.2 0.5895276582382394 1.5475633842834882 
0.2 0.595213483870026 1.3019753109281718 
0.2 0.5895276582382394 1.295173646584371 
0.2 0.5895276582382394 39.01407286932847 
0.2 0.5895276582382394 39.01360124607457 
0.2 0.5895276582382394 1.3089320801570787 
0.2 0.5896100905042658 1.368135993164423 
0.2 0.5895276582382394 39.014110719316314 
0.2 0.5896100905042658 1.3172668858349887 
0.2 0.5895276582382394 1.295714561510445 
0.2 0.5895276582382394 1.310579888564198 
0.2 0.5864823541629676 1.3136124740380193 
0.2 0.5896100905042658 1.2999887493821118 
0.2 0.5895276582382394 1.3001968506727006 
0.2 0.5896100905042658 1.3021945745943146 
0.2 0.5864823541629676 1.3814137111864866 
0.2 0.595213483870026 1.3015186138969261 
0.2 0.5895276582382394 1.2986414501224959 
0.2 0.5895276582382394 1.2989661201037188 
0.2 0.5895276582382394 1.2978438694133951 
0.2 0.5896100905042658 1.3703518619521389 
0.2 0.5895276582382394 39.01372887689252 
0.2 0.5898051930216184 1.2987597526525123 
0.2 0.5895276582382394 1.3005664461776552 
2.9 1.67256409852655 327.53070801427094 
-0.3 -0.002104826296090323 181.35173727473054 
-0.3 0.0002212091430919827 103.15061298397065 
-0.3 -0.002104826296090323 181.3426291332094 
-0.3 -0.002104826296090323 39.98469433928324 
-0.3 0.0002212091430919827 40.939098782686806 
-0.3 -0.002104826296090323 39.035431849680826 
-0.3 -0.002104826296090323 39.06713893784831 
-0.3 -0.002104826296090323 39.03426189254678 
-0.3 -0.002104826296090323 39.028971701238945 
-0.3 -0.002104826296090323 1.6638461034603225 
-0.3 -0.002104826296090323 39.027598217968006 
-0.3 -0.002104826296090323 1.6619198656776357 
-0.3 -0.002104826296090323 1.6631525775205682 
-0.3 -0.001889124750391602 1.3742845229190832 
-0.3 -0.002104826296090323 1.3216274261458552 
-0.3 -0.002104826296090323 1.2911431874338126 
-0.3 -0.002104826296090323 1.305948700057224 
-0.3 -0.002104826296090323 1.289293368685539 
-0.3 -0.0022901264213999184 1.2882696817119939 
-0.3 -0.002104826296090323 39.013319523967105 
0.0 0.0 171.98235268590065 
-0.0 0.0 39.18823638070949 
0.0 0.0 181.3453598440929 
-0.0 0.0 1.3766592834103448 
0.0 0.0 1.3237590030229205 
-0.0 0.0 1.4135388752492735 
-0.0 0.0 1.2995567577456506 
-0.0 0.0 1.2981294852776917 
-0.0 0.0 1.3356597010195592 
0.0 0.0 1.3196371678151393 
-0.0 9.44083931244677e-05 39.013765876283266 
-0.0 0.0 39.01330408637459 
1.1 0.5942617950622093 1.51784397577835 
1.1 0.5942617950622093 1.516415555333817 
