-1.0 123.52401807889899 4.200369127848122 
-0.9 123.52935300138662 4.199422035322469 
-0.7 122.58176240640108 4.199640888128597 
-0.7 122.57258784399812 4.218700331910705 
-0.4 122.26963298015966 12.983771116277468 
1.0 6.401872664206884 4.199844336079942 
1.0 -0.14740041027454254 4.2001074648384895 
-0.5 122.56877898642261 4.2004796093415155 
-0.8 122.57549248228759 4.266969919149624 
-0.8 122.58127690170403 4.199957245389534 
-0.2 89.52599696364183 39.02086191167709 
-0.6 122.5710159344994 4.1998071650648345 
0.0 -0.02181862624317965 4.199898583392901 
0.0 -0.3668901288979729 4.20017159158878 
0.0 -0.5695708554097578 4.201641065651506 
0.0 -0.5809152203389267 4.230064895150248 
1.1 -0.5480888501331975 4.201130793178492 
