-1.0 123.52401807889899 21.813118696952642 
-1.0 123.52401807889899 19.206321656129134 
-1.0 123.52401807889899 40.60797434224884 
-1.0 123.52401807889899 19.295624380650775 
-1.0 123.52401807889899 19.192146509604658 
-1.0 123.52401807889899 39.021580667721764 
-1.0 123.52401807889899 39.02886901824803 
-1.0 123.52401807889899 39.08102694879195 
-1.0 123.52401807889899 19.310565075504044 
-1.0 123.52401807889899 39.01314052120123 
-1.0 123.52401807889899 19.21220087150664 
-1.0 123.52401807889899 39.02015347547778 
-1.0 123.52401807889899 39.71462510440314 
-1.0 123.52401807889899 19.19216694570644 
-1.0 123.52401807889899 19.192131097268067 
-1.0 123.52401807889899 39.02081424303022 
-1.0 123.52401807889899 39.03528628384147 
-1.0 123.52401807889899 19.192578954245526 
-1.0 123.52401807889899 39.02508947333033 
-1.0 123.52401807889899 39.021631618904685 
-1.0 123.52401807889899 39.023849373278665 
-1.0 123.52401807889899 9.949452116476024 
-1.0 123.52401807889899 9.968277103588722 
-1.0 123.52401807889899 9.949452118807743 
-1.0 123.52401807889899 39.0152181666892 
-1.0 123.52401807889899 39.027064967874765 
-1.0 123.52401807889899 39.016166808723646 
-1.0 123.52401807889899 9.949447321987076 
-1.0 123.52401807889899 10.672917464067796 
-1.0 123.52401807889899 9.90546801290886 
-1.0 123.52401807889899 39.0158894723261 
-1.0 123.52401807889899 9.929596997129481 
-1.0 123.52401807889899 39.01658467843722 
-1.0 123.52401807889899 39.04946843688112 
-1.0 123.52401807889899 9.908617737991063 
-1.0 123.52401807889899 39.02200788103648 
-1.0 123.52401807889899 9.929808842445402 
-1.0 123.52401807889899 4.251882785247493 
-1.0 123.52401807889899 39.764581862952305 
-1.0 123.52401807889899 9.905343022836638 
-1.0 123.52401807889899 39.019829155862226 
-1.0 123.52401807889899 4.201034068573819 
-1.0 123.52401807889899 9.92730199188169 
-1.0 123.52401807889899 4.269945787139597 
-1.0 123.52401807889899 4.220589779246515 
-1.0 123.52401807889899 4.220782163687558 
-1.0 123.52401807889899 4.273847998226991 
-1.0 123.52401807889899 4.278430328925374 
-1.0 123.52401807889899 4.219983025699572 
-1.0 123.52401807889899 4.200766425266345 
-1.0 123.52401807889899 4.229174019485577 
-1.0 123.52401807889899 4.201087370442087 
-1.0 123.52401807889899 4.270735395020287 
-1.0 123.52401807889899 4.200369127848122 
0.7 -0.07273650344042437 20.263612044741716 
0.7 7.663637330092339 39.07855023901873 
0.7 7.598240081424407 13.005563930884138 
0.7 -0.3713743911342746 39.02298829942574 
0.7 7.598240081424407 13.005547739132822 
0.7 -0.47990039196676726 39.02119772992746 
0.7 89.52599696364183 39.0218691733497 
0.7 -0.07273650344042437 20.263606788501974 
0.7 89.52599696364183 39.022999332194075 
0.7 89.52599696364183 39.02306577765617 
0.7 7.598240081424407 13.005547739329483 
0.7 89.52599696364183 10.673046860687322 
0.7 -0.47134960051780084 13.00552270605004 
0.7 122.8215658528762 20.26361059154788 
0.7 89.52599696364183 39.02193690716253 
0.7 89.52599696364183 10.673022170658694 
0.7 0.4162400088994236 13.003521158098051 
0.7 -0.47990039196676726 39.02304428928776 
0.7 -0.47990039196676726 39.02168477077391 
0.7 7.663637330092339 39.01872136839971 
0.7 89.52599696364183 39.0235470363382 
0.7 -0.47134960051780084 13.005524472825385 
0.7 -0.07273650344042437 20.26360828923383 
0.7 -0.47990039196676726 39.021198286753304 
0.7 89.52599696364183 10.673116559593861 
0.7 -0.47990039196676726 39.05813836958105 
0.7 0.4162400088994236 39.01951099241939 
0.7 -0.47990039196676726 39.02789879465361 
0.7 89.52599696364183 39.02118640780251 
0.7 89.52599696364183 10.699616112991897 
0.7 0.49079940138096134 10.677340002373388 
0.7 89.52599696364183 39.033472084587416 
0.7 89.52599696364183 39.01830280135398 
0.7 -0.47990039196676726 39.020126160715584 
0.7 89.52599696364183 39.01953773410414 
0.7 89.52599696364183 39.02120927058066 
0.7 7.663637330092339 39.0201074914353 
0.7 89.52599696364183 39.023869036701356 
0.7 89.52599696364183 39.020110795807845 
0.7 -0.47990039196676726 39.020121074342406 
0.7 -0.47134960051780084 13.005694618692932 
0.7 89.52599696364183 39.92299500356416 
0.7 0.49079940138096134 39.24229148474069 
0.7 89.52599696364183 39.015991021207654 
0.7 0.49079940138096134 10.684159743189209 
0.7 0.5821267560265273 10.677793348978208 
0.7 89.52599696364183 13.001075453284951 
0.7 -0.47990039196676726 39.022842153528224 
0.7 89.52599696364183 39.02272390392281 
0.7 -0.47990039196676726 39.01851930399945 
0.7 89.52599696364183 39.02004840100283 
0.7 89.52599696364183 39.02602127279944 
0.7 89.52599696364183 39.039862227354085 
0.7 -0.47990039196676726 39.02299201762957 
0.7 89.52599696364183 12.984015617228817 
0.7 -0.3708826861721377 4.219822368738718 
1.5 122.86686814700494 82.59480003061958 
1.5 89.52599696364183 275.27623355925783 
1.5 122.86686814700494 39.03345475397799 
1.5 122.86686814700494 39.039789076870846 
1.5 122.86686814700494 39.033190661932935 
1.5 122.86686814700494 39.08463331227794 
1.5 122.86686814700494 39.045490595941516 
1.5 122.86642160809825 4.222270493216773 
1.5 124.36588615262045 4.233370288267038 
-0.9 123.52935300138662 40.36859914985218 
-0.9 123.52935300138662 39.022620803088095 
-0.9 123.52935300138662 9.906957477511343 
-0.9 123.52935300138662 9.906870514239484 
-0.9 123.52935300138662 9.947368666173151 
-0.9 123.52935300138662 9.905483490842487 
-0.9 123.52935300138662 39.016351152451946 
-0.9 123.52935300138662 9.919402450062899 
-0.9 123.52935300138662 9.90814140105381 
-0.9 123.52935300138662 39.22657352860187 
-0.9 123.52935300138662 39.01625829953434 
-0.9 123.52935300138662 9.912110937585423 
-0.9 123.52935300138662 39.01608333130549 
-0.9 123.52935300138662 9.934619474507489 
-0.9 123.52935300138662 39.01730105821975 
-0.9 123.52401809383949 39.020832648627426 
-0.9 123.52935300138662 39.01613853500969 
-0.9 123.52935300138662 9.908585107861164 
-0.9 123.5313522457246 9.905172388929822 
-0.9 123.52935300138662 9.900015007475101 
-0.9 123.52401809383949 4.223098475046358 
-0.9 123.5313522457246 4.221334033970236 
-0.9 123.52401809383949 39.014295888284124 
-0.9 123.5313522457246 39.01524902151077 
-0.9 123.52935300138662 39.0152065592209 
-0.9 123.5313522457246 4.2618616347784215 
-0.9 123.52935300138662 4.200711740424267 
-0.9 123.52935300138662 4.218497817353004 
-0.9 123.52935300138662 39.01299904690004 
-0.9 123.52935300138662 4.200100395566197 
-0.9 123.52935300138662 39.01302627411751 
-0.9 123.52935300138662 4.220762410693327 
-0.9 123.52935300138662 39.01390118746614 
-0.9 123.52401809383949 4.200995029552367 
-0.9 123.52935300138662 4.217569137711797 
-0.9 123.52401809383949 4.201160710032784 
-0.9 123.52935300138662 4.199422035322469 
-0.9 123.52935300138662 4.200662279692155 
0.6 89.52599696364183 215.38798452731885 
4.3 123.16141048872356 12.141875875476932 
4.3 123.16146578066704 332.08017263936006 
4.3 123.16141048872356 39.64272130313154 
4.3 123.16178190088561 332.0746099133686 
4.3 123.19813954817693 9.93183463622505 
3.0 124.21740591101621 157.4654222990929 
3.0 124.39524366752408 230.3676211495469 
3.0 124.39527395590747 230.36556587508426 
3.0 124.21665794651994 39.05850589689392 
3.0 124.21517148469223 39.03245191860023 
4.8 5.182209753451012 39.080567545314324 
-0.7 122.58176240640108 225.97087790555614 
-0.7 122.58176240640108 39.08894835023404 
-0.7 122.58176240640108 39.329538878184586 
-0.7 122.57258784399812 39.023774180855575 
-0.7 122.57258784399812 39.049748242304325 
-0.7 122.57258784399812 39.03396251701681 
-0.7 122.58176240640108 12.03298979788991 
-0.7 122.58176240640108 39.61060507790596 
-0.7 122.58176240640108 39.02413055174906 
-0.7 122.57258784399812 39.61887710263492 
-0.7 122.57258784399812 39.11047988558088 
-0.7 122.57258784399812 39.04192163689058 
-0.7 122.58176240640108 39.60795533405931 
-0.7 122.57258784399812 39.0206936163798 
-0.7 122.58176240640108 39.02211569498187 
-0.7 122.57258784399812 39.039494707394056 
-0.7 122.57258784399812 39.05338270470471 
-0.7 122.57258784399812 39.020822282574485 
-0.7 122.57258784399812 39.02013864772313 
-0.7 122.57258784399812 39.021554617767926 
-0.7 122.57258784399812 39.023355588388156 
-0.7 122.58176240640108 39.01607524308815 
-0.7 122.57258784399812 39.14963068194528 
-0.7 122.57258784399812 39.02071410910601 
-0.7 123.52401809793662 39.02196868985505 
-0.7 122.58176240640108 39.01367321768273 
-0.7 122.57258784399812 39.02069305077986 
-0.7 122.57258784399812 39.015292553473394 
-0.7 122.57258784399812 39.017435680302754 
-0.7 122.57258784399812 39.01978710084116 
-0.7 122.57258784399812 39.903966110618455 
-0.7 122.57258784399812 39.05109094123803 
-0.7 122.58176240640108 39.01943667997027 
-0.7 122.57258784399812 39.02771820285651 
-0.7 122.58176240640108 4.221994591781869 
-0.7 122.58176240640108 39.02007080098188 
-0.7 122.57258784399812 4.2299774204691785 
-0.7 122.57258784399812 39.016517748737854 
-0.7 122.58176240640108 4.199640888128597 
-0.7 122.57258784399812 39.01597078229167 
-0.7 122.57258784399812 4.219877727987375 
-0.7 122.58176240640108 4.200224570765179 
-0.7 122.58176240640108 4.1998719037080985 
-0.7 122.58176240640108 4.277000580745588 
-0.7 122.57258784399812 4.251527035380826 
-0.7 122.58176240640108 39.01300360623198 
-0.7 122.57258784399812 39.643785640706 
-0.7 122.57258784399812 4.23099998733867 
-0.7 122.58176240640108 4.203821974819939 
-0.7 122.57258784399812 4.218722983346725 
-0.7 122.57258784399812 4.218700331910705 
-0.7 122.58176240640108 4.200854842525644 
-0.7 122.57258784399812 4.22651893407389 
-0.7 122.57258784399812 4.21872298333933 
-0.7 122.58176240640108 4.220134776127325 
-0.4 122.26963298015966 39.01513103193713 
-0.4 122.26963298015966 39.01559635764682 
-0.4 122.26963298015966 12.98479175285046 
-0.4 122.26963298015966 20.24976691084974 
-0.4 122.26963298015966 39.015989987793326 
-0.4 123.52401808416175 39.013107198212815 
-0.4 122.26963298015966 39.02753932497186 
-0.4 122.26963298015966 39.02020469249206 
-0.4 122.26963298015966 13.002971069601587 
-0.4 122.26963298015966 39.01569258172473 
-0.4 122.26963298015966 12.983772067488855 
-0.4 122.26963298015966 39.01565349930467 
-0.4 122.26963298015966 12.985292937081581 
-0.4 122.26963298015966 41.996553499475915 
-0.4 122.26963298015966 39.253467950536546 
-0.4 122.26963298015966 39.0163470986063 
-0.4 122.26963298015966 39.022386456715616 
-0.4 123.52401808416175 39.073877628788985 
-0.4 122.26963298015966 13.003442063623302 
-0.4 122.26963298015966 13.00081497989502 
-0.4 122.26963298015966 39.01580013513528 
-0.4 122.26963298015966 39.015498070913345 
-0.4 123.52401808416175 12.983218768631914 
-0.4 123.52401808416175 12.98429301313631 
-0.4 122.26963298015966 39.03215360090322 
-0.4 123.52401808416175 39.02181442301966 
-0.4 122.26963298015966 39.01610470147915 
-0.4 122.26963298015966 39.01538301745229 
-0.4 122.26963298015966 12.984034032966521 
-0.4 123.52401808416175 39.01546571029024 
-0.4 122.26963298015966 12.983771116277468 
-0.4 122.26963298015966 12.98490768404547 
2.2 89.52599696364183 276.68492232494435 
2.2 2.2227924967537245 27.809272314019353 
2.2 2.5099311749825244 25.04910530619303 
2.2 123.87810463192164 351.0353694059775 
2.2 2.9741595342642544 39.027214536137194 
2.2 89.52599696364183 39.19650933486229 
2.2 2.9741595342642544 39.02812160974515 
2.2 2.651177659083787 39.02588447772385 
2.2 2.7686967166965495 24.58757642108408 
2.2 2.1531129966576277 39.246422088827394 
2.2 2.7686967166965495 24.572583426488183 
2.2 2.7686967166965495 39.03386376279277 
2.2 2.5099311749825244 39.023218495897694 
2.2 2.2227924967537245 12.047509076572988 
2.2 2.7686967166965495 4.385722982261547 
2.2 123.85125671056366 39.01556506283682 
2.2 2.436505281351911 39.01319233096632 
2.2 2.7686967166965495 39.02583106954419 
2.2 2.768718788196619 39.02556996172247 
2.2 125.09168671384933 39.027102049693084 
0.3 122.90237252091862 257.7193458691394 
0.3 122.90237252091862 257.71869570594174 
0.3 89.52599696364183 4.283717638226855 
0.3 122.90237252136995 4.271756746558772 
0.3 122.90237252136995 4.270343568177687 
2.3 -0.27889651775088176 18.359131955651634 
2.3 2.3148489314292746 39.025652908286915 
2.3 123.71570438072936 39.01827848585474 
2.3 -0.27889651775088176 18.358500325981836 
2.3 0.0779135601864187 18.359378487942124 
2.3 89.52599696364183 42.91197604341032 
2.3 89.52599696364183 18.357632346745532 
2.3 2.3035812078356575 4.270777514495368 
2.3 2.1467513770904816 39.02940737145214 
2.3 2.314552816728206 39.02000142777823 
2.3 2.307392001920581 4.270678566385413 
2.3 2.307392001920581 4.272167047310793 
2.3 2.2350261953098958 39.02313109705474 
2.3 2.4851420822340824 39.02214828860932 
2.3 89.52599696364183 39.02067575331994 
2.3 89.52599696364183 39.60939479434148 
2.3 2.307392001920581 4.270820936206721 
2.3 2.307392001920581 4.270376278885463 
2.3 2.2340086079506527 39.02071393688734 
2.3 2.307392001920581 4.251731881894009 
2.3 2.2340086079506527 39.078730629855194 
2.3 2.307392001920581 4.270688084730825 
2.3 2.3960933550680465 4.270678409973531 
2.3 2.2713521212604864 4.302952738517389 
2.3 89.52599696364183 39.02067552996001 
2.3 2.317406015366375 39.11152815555836 
2.3 2.5950732580443763 9.905503220621636 
2.3 2.2350261953098958 39.1180332847272 
2.3 123.43843243502465 4.280028439235487 
2.3 124.5913343842661 4.271679769004156 
2.3 5.5201383102979165 39.66373948572207 
2.3 2.2428637712323702 4.251988670790274 
2.3 2.307392001920581 4.252144416322135 
2.3 1.9264934055353713 4.253634010351199 
2.3 4.437032744335516 4.252977154084571 
3.4 123.58815006190486 271.0940467628627 
3.4 5.625461104428297 274.6327304100705 
3.4 5.625461104428297 160.93980552394055 
3.4 6.909775794738135 39.02386927073983 
3.4 123.68793878295736 18.352838577939018 
3.4 4.831544147508133 41.143441508681065 
3.4 5.57142070299869 283.3074740278725 
3.4 123.67414634404383 42.90932874039247 
1.0 5.993985010855447 112.18823962942051 
1.0 7.447872282538221 239.47142133821325 
1.0 7.411665886515955 283.3258416516348 
1.0 89.52599696364183 238.84171449591815 
1.0 89.52599696364183 39.150864295820774 
1.0 89.52599696364183 283.3078961044277 
1.0 89.52599696364183 39.025123026480394 
1.0 89.52599696364183 39.023876590595926 
1.0 6.401872664206884 39.02625218352323 
1.0 0.4549592634522863 39.0308552763285 
1.0 0.3585988297273133 4.386616978061704 
1.0 0.3624341996715863 39.016903157442506 
1.0 0.3585988297273133 39.02573556963811 
1.0 0.3585988297273133 39.02643792481839 
1.0 0.3585988297273133 39.01935962100878 
1.0 0.3585988297273133 39.08683499261589 
1.0 7.538937532349429 39.02398386594837 
1.0 5.969913175292344 39.02151096819665 
1.0 6.1466593389072415 4.252192938889156 
1.0 0.3585988297273133 4.387805482703353 
1.0 7.419816054475625 39.02084064893429 
1.0 6.401872664206884 4.199844336079942 
1.0 6.188059357720764 4.219815031605124 
1.0 5.980887755001952 4.268605439733279 
1.0 6.1466593389072415 4.25222076466358 
1.0 2.0339451300203315 39.013511328936 
1.0 6.401872664206884 4.199889536440938 
1.0 6.188059357720764 4.223702600612041 
1.0 6.467227386651047 4.205954429021155 
1.0 6.401872664206884 4.249273519744886 
1.0 -0.14740041027454254 4.2001074648384895 
1.0 89.52599696364183 4.219886694480949 
1.0 6.182425863001036 4.221471162051591 
1.0 7.219835321413143 4.200745831051202 
1.0 -0.14740041027454254 4.20227392948145 
1.0 6.401872664206884 4.200937506017742 
1.0 6.401872664206884 4.223970594353859 
4.0 123.1549628814478 31.31511607349896 
4.0 4.637457987332223 19.586286464621818 
4.0 123.15491142784268 18.481370629595343 
4.0 123.15491142784268 18.481846306728766 
0.9 122.76392338052071 20.263970906661513 
0.9 89.52599696364183 39.02967318691168 
0.9 5.201249855601862 20.263945769999435 
0.9 89.52599696364183 39.01950986300444 
-0.5 122.56877898642261 39.09211131134094 
-0.5 122.56877898642261 39.0252786732253 
-0.5 122.56877898642261 39.025300119583456 
-0.5 122.56877898642261 39.0167616371023 
-0.5 122.56877898642261 39.019823646862854 
-0.5 122.56877898642261 39.01352609254449 
-0.5 122.56877898642261 39.01675949706071 
-0.5 122.56877898642261 39.08618229953618 
-0.5 122.56877898642261 39.01620003731784 
-0.5 122.56877898642261 39.016723240478505 
-0.5 122.56877898642261 39.016326637159956 
-0.5 122.56877898642261 39.18283683403394 
-0.5 122.56877898642261 39.020690475108374 
-0.5 122.56877898642261 39.019252148680614 
-0.5 122.56877898642261 39.0171444486768 
-0.5 122.56877898642261 39.01355688878178 
-0.5 122.56877898642261 39.016334943476075 
-0.5 122.56877898642261 39.01657070604585 
-0.5 122.56877898642261 39.01630327805454 
-0.5 122.56877898642261 39.01303647630566 
-0.5 122.56877898642261 39.01341812271833 
-0.5 123.52401808812476 39.01496927132469 
-0.5 122.56877898642261 39.01575890773896 
-0.5 122.56877898642261 39.08689367928889 
-0.5 122.56877898642261 39.01479628550375 
-0.5 122.56877898642261 39.012986033419416 
-0.5 122.56877898642261 39.01300563655076 
-0.5 122.56877898642261 39.05711185729865 
-0.5 123.52401808812476 39.02068385176191 
-0.5 122.56877898642261 39.66793606348066 
-0.5 122.56877898642261 39.01301579110908 
-0.5 123.52401808812476 39.013009594295 
-0.5 122.56877898642261 4.2004796093415155 
-0.5 123.52401808812476 39.01324984111825 
3.1 2.3754117861316875 226.73773510806814 
3.1 2.3754042319303217 226.73758184669845 
3.1 2.3754117861316875 226.73730100026492 
2.6 89.52599696364183 39.61391943733238 
2.6 4.134903974212678 39.106301646552325 
2.6 2.1295736993955714 4.276137070653296 
3.6 6.35243226091832 133.4108770735284 
3.9 123.13725310617212 349.8884217018466 
3.9 123.1490448397031 133.34734220429505 
3.9 123.14904114501059 349.8879638870572 
3.9 123.13725310617212 349.88863883596287 
3.9 123.16299225915 9.944859551191016 
3.9 4.6613084254846076 39.02592612815139 
4.7 123.17259548043384 64.15915297049837 
1.3 122.78306605574406 141.00132612857416 
1.3 123.24816951322936 39.03193914430274 
1.3 122.78306605574406 18.364423265030148 
1.3 123.24816951322936 39.019604034974044 
1.3 89.52599696364183 19.206346470633093 
1.3 123.24837391555951 19.2065116188103 
1.3 123.24816951322936 9.92865286203145 
1.3 123.24816951322936 9.928667555418349 
1.3 -0.28503521210771865 4.388882537452097 
1.3 89.52599696364183 4.280823146903965 
1.3 89.52599696364183 39.01305951829345 
1.6 122.86690693363457 4.3865986286427 
2.4 123.52532391668939 89.51000359774896 
2.4 2.1190972456114494 18.35859831767035 
2.4 89.52599696364183 40.46323097353215 
2.4 1.9905262124232586 42.517683800318224 
2.4 2.453000587795767 39.01962189340604 
2.4 2.8080585526295447 39.01562591962963 
2.4 89.52599696364183 18.35933252660426 
2.4 1.9626851715445977 4.271733815247801 
2.4 124.67465841641416 39.021370520149446 
2.4 2.1463746196419855 4.263040168287053 
2.4 89.52599696364183 39.01512924185403 
2.4 2.113820571797671 4.263040766622511 
2.4 89.52599696364183 4.246941590818051 
2.4 2.002250385035376 39.01774184337471 
2.4 2.0546369385309333 4.270993302583687 
2.4 2.980901634203203 39.01667425795342 
2.4 1.895808848158163 39.020837601317965 
2.4 1.9066909512612096 4.27184883280382 
2.4 2.091429263151495 39.01809214229511 
2.4 2.1207341890415066 4.244816559851702 
2.4 1.9342629856600215 39.018100859547935 
0.1 123.59324495627993 38.42816224426309 
0.1 0.44102743978401193 39.01528211628139 
0.1 0.40952513374060473 39.02377728936398 
0.1 0.3473610881471103 39.02207976647885 
0.1 0.2745874440277394 39.08803055434656 
0.1 0.44102743978401193 39.015236724036676 
0.1 0.3473610881471103 39.02145279915015 
0.1 -0.18984595932258408 39.51419192694003 
0.1 0.6229605508305607 39.01720423588647 
0.1 89.52599696364183 39.01722532810527 
0.1 0.44102743978401193 39.01632968002948 
0.1 0.44102743978401193 39.01583124809416 
0.1 0.1852040771717416 39.018146911511344 
0.1 89.52599696364183 39.1725199699039 
0.1 0.6229605508305607 39.0334488903752 
0.1 0.0008314973040874918 39.10204638913142 
0.1 0.44102743978401193 39.03119035661457 
0.1 0.44102743978401193 39.015732636504744 
0.1 0.2745874440277394 39.0157650285958 
0.1 0.44102743978401193 39.01549027638704 
0.1 89.52599696364183 39.61651853802251 
0.1 0.44102743978401193 39.01523985475755 
0.1 0.5425646031519165 39.09233034100803 
0.1 0.2745874440277394 39.02110091691781 
0.1 0.44102743978401193 39.0152036154139 
0.1 0.0008314973040874918 39.10285196656493 
0.1 0.44102743978401193 39.01735357783074 
0.1 89.52599696364183 39.02145358828231 
0.1 0.40952513374060473 39.023938331381736 
0.1 0.44102743978401193 39.02664294666878 
0.1 0.0008314973040874918 39.102012951982516 
0.1 0.44102743978401193 39.01700751086803 
0.1 0.20435105190528446 39.01550016753602 
0.1 -0.18984595932258408 39.516648617173544 
0.1 0.44102743978401193 39.013112913589325 
0.1 0.5895457639782204 39.21199726700454 
0.1 0.20646478029027726 39.01570916542942 
0.1 123.69543116361302 39.50925267316823 
0.1 123.69282131604513 39.51934792054894 
0.1 0.292096921509831 39.0258379964338 
0.1 89.52599696364183 39.515984400892926 
0.1 89.52599696364183 39.02095265261295 
0.1 0.1852040771717416 39.25719647025627 
0.1 -0.13854149238218305 39.038036521659095 
0.1 0.2745874440277394 39.013112876953635 
0.1 -0.13854149238218305 39.068374252452315 
0.1 0.5219341862776616 39.94528063783744 
0.1 0.5895457639782204 39.022603492371125 
0.1 89.52599696364183 39.02274751365535 
0.1 89.52599696364183 39.51546651622917 
0.1 0.5895457639782204 39.02305271388428 
0.1 -0.18984595932258408 39.51558098972969 
0.1 -0.17003991747182212 39.515907881346884 
0.1 -0.18984595932258408 39.514197680785436 
0.1 0.5895457639782204 39.02076913951161 
0.1 0.1852040771717416 39.01796725138492 
0.1 0.2745874440277394 39.013179299198946 
0.1 0.2745874440277394 39.013287722077386 
0.1 0.1852040771717416 39.02019982692154 
0.1 -0.13854149238218305 39.03665461045944 
0.1 0.5895457639782204 39.02179978315751 
0.1 89.52599696364183 39.01847940070242 
0.1 -0.13854149238218305 39.0211377535188 
0.1 0.5896681607638907 39.04932724075802 
0.1 7.5765313543292585 4.27361222889965 
0.1 0.2745874440277394 39.01312149363928 
0.1 -0.03110992422856107 4.265364739097632 
0.1 0.5895457639782204 39.01447023258235 
0.1 0.4236331950816439 39.02010084908091 
0.1 89.52599696364183 39.02015727884167 
0.1 89.52599696364183 4.233736624273575 
0.1 -0.44163267476328194 39.02226499167607 
3.5 122.93067115057104 84.89545339763971 
3.5 123.14457582566016 226.77602678004732 
1.7 89.52599696364183 14.786022113193006 
1.7 89.52599696364183 39.07129699955608 
1.7 89.52599696364183 39.069702452628185 
1.7 89.52599696364183 14.78731609187803 
1.7 89.52599696364183 39.02762100614023 
1.7 89.52599696364183 40.30579273903947 
1.7 89.52599696364183 10.706695016564652 
1.7 89.52599696364183 39.02731764854605 
1.7 89.52599696364183 40.01792758493796 
1.7 89.52599696364183 39.030988476836846 
1.7 89.52599696364183 39.026972663327044 
1.7 89.52599696364183 10.706563364374773 
1.7 89.52599696364183 10.70648024847388 
1.7 89.52599696364183 13.033152849290083 
2.1 1.9241511785330285 12.024348951238029 
2.1 2.4486116367809423 9.91581032008086 
2.1 2.4486116367809423 9.92127228721924 
2.1 2.149684608990219 39.01950292424363 
2.1 2.7010079360604244 39.026498546672514 
2.1 123.56729107682824 4.272590652029578 
2.1 2.8898838525039654 39.0267781513648 
0.8 5.396384155056323 20.31779800470923 
0.8 89.52599696364183 147.67671710050354 
0.8 89.52599696364183 147.67671631174528 
0.8 89.52599696364183 283.30699375250356 
0.8 122.6264846787397 20.318030088179704 
0.8 122.81144837126664 42.02942777315844 
0.8 89.52599696364183 39.050679271873264 
0.8 122.6264846787397 20.32474262586666 
0.8 122.6264846787397 20.264876836930675 
0.8 5.555343556459853 20.264439030898995 
0.8 -0.27272150985876564 12.983267083675257 
0.8 89.52599696364183 42.02648335362981 
0.8 5.396384155056323 42.007100084218266 
0.8 5.558455915131788 42.00337741767367 
0.8 0.24065420382566316 39.01564000634478 
0.8 -0.11344035892442506 13.004765117595774 
0.8 -0.11344035892442506 39.01585303381939 
0.8 -0.37703833339566906 39.02279111212356 
0.8 123.90427085301704 39.01563211901861 
0.8 89.52599696364183 39.0153425623038 
0.8 89.52599696364183 39.022862121711604 
0.8 89.52599696364183 12.996788537259587 
0.8 0.042624285176364296 39.229278258609334 
0.8 123.90427414072323 39.025210960035906 
0.8 89.52599696364183 39.1337108569139 
0.8 -0.27272150985876564 12.981865820994944 
0.8 89.52599696364183 39.02585256022293 
0.8 123.90427085301704 39.01517664031181 
0.8 89.52599696364183 39.08100433211153 
0.8 89.52599696364183 39.01866935649842 
0.8 0.06608155671252902 39.01612759661245 
0.8 89.52599696364183 13.005552257209175 
0.8 89.52599696364183 9.905347051453672 
0.8 89.52599696364183 39.02280036191208 
0.8 -0.27272150985876564 12.981167967968053 
0.8 89.52599696364183 9.906277861835038 
0.8 123.90427085301704 39.014809795835816 
0.8 -0.27272150985876564 12.98381977451573 
0.8 123.33724588041639 12.998538767053814 
2.5 123.35787989185937 84.89669584574119 
2.5 2.4617257717680463 4.329190544988396 
4.5 123.18713782704873 218.81534999290727 
4.5 122.84598884337237 294.24004981475315 
4.5 123.09431833146249 39.0211107651348 
4.9 122.63026918956308 148.519322893565 
4.9 3.921899589757924 39.02325599364695 
4.9 5.651610551654713 39.02111258395061 
3.3 8.03115863832549 249.01188380423758 
3.3 4.7691944156795625 39.611939309514625 
3.3 7.267790983721671 39.04183942933205 
3.3 6.727990453953602 4.391326499031865 
0.5 89.52599696364183 215.38749466684024 
0.5 7.697745740489317 13.000867560055267 
0.5 124.0950471992715 39.02180742843446 
0.5 7.777044825503541 39.13343542662815 
0.5 -0.3087225855051514 39.02143149977914 
3.2 8.275256296532614 36.67430841980426 
3.2 6.632144813338307 39.06031469167595 
3.2 8.275256296532614 36.674160447409164 
-0.8 122.57549248228759 56.10480057857851 
-0.8 122.58127690170403 39.027083978286306 
-0.8 122.57549248228759 39.51549521611932 
-0.8 122.57549248228759 39.02171312323883 
-0.8 123.52401811204484 39.02030713313771 
-0.8 122.57549248228759 39.01517646342914 
-0.8 122.58127690170403 39.02316490835561 
-0.8 122.58127690170403 39.02182981907429 
-0.8 122.57549248228759 39.01837014904388 
-0.8 122.57549248228759 55.75838435040203 
-0.8 122.57549248228759 39.021727384400585 
-0.8 122.57549248228759 39.02457906846663 
-0.8 122.57549248228759 39.0155419702193 
-0.8 122.58127690170403 39.02178960331547 
-0.8 122.57549248228759 39.51414186997045 
-0.8 122.57549248228759 39.01553472324508 
-0.8 122.57549248228759 9.949648667234642 
-0.8 122.57549248228759 9.920554312555659 
-0.8 122.57549248228759 9.915768247091343 
-0.8 122.57549248228759 9.905107070719396 
-0.8 122.57549248228759 39.0159289237655 
-0.8 122.57549248228759 9.902724153018378 
-0.8 122.57549248228759 9.90278399019155 
-0.8 122.57549248228759 9.903038847147704 
-0.8 122.57549248228759 9.90004095876758 
-0.8 122.58127690170403 4.1999946339680765 
-0.8 122.58127690170403 39.013507129333235 
-0.8 122.58127690170403 4.2204370252668495 
-0.8 122.57549248228759 4.266969919149624 
-0.8 122.57549248228759 9.900027024059812 
-0.8 122.58127690170403 39.013531635539806 
-0.8 122.57549248228759 4.269846837945735 
-0.8 122.57549248228759 4.275244116820749 
-0.8 122.57549248228759 39.01662626300305 
-0.8 122.58127690170403 4.199957245389534 
-0.8 122.57549248228759 9.908732151035675 
-0.8 123.52401811204484 4.270483659985657 
-0.8 122.57549248228759 39.01353523041606 
-0.8 122.58127690170403 39.01336270713131 
-0.8 122.57549248228759 4.274539270372552 
-0.8 123.52401809226791 4.267212702161791 
-0.8 123.52401811204484 4.268591492543043 
-0.8 122.57549248228759 39.022241458235605 
-0.8 122.57549248228759 39.01961532390928 
4.2 123.06055580957661 39.032451686964556 
1.2 122.76293031197983 257.32647206334593 
1.2 7.415634146158723 186.6855748978981 
1.2 89.52599696364183 12.165980242564098 
1.2 123.4385254996873 39.096868654133786 
1.2 123.4385254996873 39.096875342676654 
1.2 123.4385254996873 12.181273166450165 
1.2 123.43897156930402 9.949108936933488 
1.2 123.4391229514454 12.184602736415481 
1.2 123.43867481198089 10.090453047352314 
1.2 89.52599696364183 39.61271343510542 
1.2 123.43882165794429 39.01834984084545 
1.2 123.4391229514454 39.05769000292025 
1.2 123.4385254996873 10.110704491399074 
1.2 123.43867481198089 10.108260769314326 
1.2 123.43897156930402 9.946533243622758 
1.2 123.43882165794429 39.01997096651567 
1.2 89.52599696364183 19.21249186348548 
1.2 123.43897156930402 9.945538484330417 
1.2 123.43874527259507 9.930239464710581 
1.2 123.43897156930402 39.46090882995336 
1.2 89.52599696364183 39.021682358238806 
1.2 -0.45257652664348136 4.270276188519376 
1.2 -0.38732844170926306 4.220346067746167 
1.2 89.52599696364183 4.2198068385161225 
1.2 2.0431249816333903 39.021030031738306 
4.1 4.6510414959599355 283.32455790699845 
1.8 89.52599696364183 42.43926278925836 
1.8 89.52599696364183 39.48668343677321 
1.8 89.52599696364183 39.02082389077148 
1.8 89.52599696364183 39.02083021151354 
1.8 89.52599696364183 10.701204218759425 
1.8 89.52599696364183 10.694147080520649 
1.8 89.52599696364183 10.727668697185733 
1.8 89.52599696364183 10.701442503969908 
0.4 -0.4101310364633495 39.01756423774783 
0.4 -0.4101310364633495 39.01756144309779 
0.4 89.52599696364183 39.01439565889468 
0.4 89.52599696364183 39.01848830524472 
0.4 -0.41274012711427943 39.03798065865887 
5.0 5.9190684657589046 136.0981451473841 
5.0 5.9190684657589046 41.506033092314254 
5.0 5.789899671033016 351.03208791848476 
5.0 4.839340115434787 135.3628111814761 
5.0 5.9190684657589046 136.09814514739094 
5.0 4.1874981331748575 39.025783605952505 
-0.2 123.10153566650303 75.72314476157057 
-0.2 122.93512588261169 268.1703963215065 
-0.2 123.10153566650303 39.37056511500882 
-0.2 122.86378134234371 268.1683278536758 
-0.2 123.10153566650303 39.35172527672344 
-0.2 123.10153566650303 39.04248580325671 
-0.2 123.10153566650303 39.370642077330096 
-0.2 123.10153566650303 39.042584816464945 
-0.2 123.10153566650303 39.08934942118395 
-0.2 122.93512588261169 39.01818230087228 
-0.2 122.93512588261169 39.021351570438654 
-0.2 89.52599696364183 39.23347113295639 
-0.2 89.52599696364183 39.021427323062106 
-0.2 123.58802544760488 12.978633678488693 
-0.2 123.52401812600206 39.021299924134006 
-0.2 122.86378134234371 39.02080223840129 
-0.2 123.52401811217044 39.8120961885787 
-0.2 89.52599696364183 39.021421099720335 
-0.2 89.52599696364183 39.02169822455536 
-0.2 89.52599696364183 39.02135695222395 
-0.2 89.52599696364183 39.02157060808041 
-0.2 89.52599696364183 40.00142999770838 
-0.2 122.86378134234371 39.12347731831444 
-0.2 122.86378134234371 39.0227618691808 
-0.2 122.86378134234371 39.014286105032866 
-0.2 89.52599696364183 39.02086191167709 
-0.2 89.52599696364183 39.02142156338937 
-0.2 123.52401811423852 4.292161271387511 
-0.2 89.52599696364183 39.021357230367194 
-0.2 123.55834493925846 39.013106638561275 
-0.2 123.52401812600206 39.02074567460729 
-0.2 122.86378134234371 39.0208491169253 
-0.2 89.52599696364183 39.02136598170875 
-0.1 123.55357154311301 81.21321547924877 
-0.1 123.55357154311301 20.250520165026106 
-0.1 123.55357154311301 39.01959700863484 
-0.1 123.52401811577369 39.01513042683132 
-0.1 123.52401811577369 39.02132129953803 
-0.1 123.55357154311301 39.019372498343856 
-0.1 123.55357154311301 39.01535559033668 
-0.6 122.5710159344994 226.5891542010008 
-0.6 122.5710159344994 226.5798965688001 
-0.6 122.5710159344994 226.5876609817279 
-0.6 122.5710159344994 226.57871896080263 
-0.6 122.5710159344994 225.96159506952915 
-0.6 122.5710159344994 39.02917723865359 
-0.6 122.5710159344994 39.01585582638368 
-0.6 122.5710159344994 226.58766097819188 
-0.6 122.5710159344994 39.018178115859214 
-0.6 122.5710159344994 39.01812815819457 
-0.6 122.5710159344994 39.015480931630925 
-0.6 122.5710159344994 39.09417124246585 
-0.6 122.5710159344994 39.01559160441266 
-0.6 122.5710159344994 39.01558350868916 
-0.6 122.5710159344994 39.015504528376255 
-0.6 122.5710159344994 4.268599544583155 
-0.6 122.5710159344994 39.01872665874622 
-0.6 122.5710159344994 39.05710525306302 
-0.6 122.5710159344994 4.220309722401747 
-0.6 122.5710159344994 4.271647933964799 
-0.6 122.5710159344994 9.902724153018378 
-0.6 123.52401809714843 39.0152362702572 
-0.6 122.5710159344994 39.81757933299276 
-0.6 123.52401809714843 4.285150943687477 
-0.6 123.52401809714843 4.249043366760451 
-0.6 123.52401809714843 39.021428055113184 
-0.6 122.5710159344994 39.02081540159568 
-0.6 122.5710159344994 39.014533451146825 
-0.6 122.5710159344994 4.2654488370366925 
-0.6 122.5710159344994 39.01512715241784 
-0.6 122.5710159344994 4.220360061421379 
-0.6 122.5710159344994 39.02059727724219 
-0.6 122.5710159344994 39.01624105000837 
-0.6 122.5710159344994 4.220060642640655 
-0.6 122.5710159344994 39.01533220037934 
-0.6 122.5710159344994 39.04974649265155 
-0.6 122.5710159344994 4.220492212072944 
-0.6 122.5710159344994 4.1998071650648345 
-0.6 122.5710159344994 4.220062475137241 
-0.6 122.5710159344994 39.01521599536494 
2.0 2.6630171110756233 39.01965096581727 
2.0 2.6605675175495644 4.385722982261547 
2.0 2.6605675175495644 4.446545910745251 
4.6 2.4397149778108087 129.28933851638521 
0.2 122.90240869384115 42.912819568612846 
0.2 122.90240869384115 42.91283223847206 
0.2 122.90240881737441 39.09223014408694 
0.2 122.90240881737441 39.02092633150372 
0.2 123.08869371829081 39.515751537791715 
0.2 122.90240881737441 39.36434519895628 
0.2 123.08869371829081 4.265519236441361 
0.2 122.90240881737441 39.022506263576396 
0.2 123.73122628746535 4.248816637475721 
0.2 122.90240881737441 39.02134065026877 
0.2 123.08869371829081 4.219761124702143 
2.9 124.21607830849214 39.02239597150185 
-0.3 123.55258832569703 38.19318887010868 
-0.3 123.55258832569703 39.02429460218086 
-0.3 123.6296263974979 39.02275980166977 
-0.3 123.6296263974979 39.0214502201727 
-0.3 123.6296263974979 12.984705972080883 
-0.3 123.6296263974979 39.02041332859111 
-0.3 123.55258832569703 39.015221977354194 
-0.3 123.55258832569703 39.06343829323069 
-0.3 123.55258832569703 39.022521943125334 
-0.3 123.6296263974979 39.01886989829885 
-0.3 123.55258832569703 4.201551089600549 
-0.3 123.55258832569703 4.227180420498606 
1.9 123.98097858541283 39.03513608870015 
-0.0 0.4794994039521949 39.01520234272612 
-0.0 89.52599696364183 39.02291949392093 
0.0 -0.11388265208376325 4.272400330354228 
-0.0 0.4794994039521949 39.015147635334515 
0.0 -0.5032178827195324 4.2716888367937385 
0.0 89.52599696364183 4.291165164437299 
0.0 -0.5482709711268381 4.27173804438203 
0.0 0.3081422442157251 39.0211760457188 
0.0 89.52599696364183 4.278523742507354 
0.0 -0.5401703856951592 4.278654731150786 
0.0 -0.17514254228379755 4.272439800933438 
0.0 -0.5032178827195324 4.276289057443943 
-0.0 0.3081422442157251 39.02088394353248 
0.0 89.52599696364183 39.02175003189186 
0.0 -0.4440445410434126 4.278458208910137 
0.0 89.52599696364183 39.02185106618582 
0.0 -0.5286351231396669 4.271707165861558 
0.0 -0.054551666371720486 4.282445104091458 
0.0 -0.4251399594794094 4.278602410331053 
0.0 6.673205129912041 4.268475660682233 
0.0 -0.1792343693291869 39.015444956286075 
0.0 7.320724111622898 4.277112892432042 
0.0 -0.4251399594794094 4.2780296599787295 
0.0 -0.4237629433280361 39.02080225153909 
0.0 -0.5033211744266506 4.274560997090444 
-0.0 0.5461535626206349 9.931704791270665 
0.0 0.33083462312576195 39.01304470614044 
0.0 -0.5097613086295905 4.219822368738718 
0.0 -0.4237629433280361 39.020450646949904 
0.0 89.52599696364183 39.02104811200647 
0.0 -0.5401703856951592 4.27670185140174 
0.0 89.52599696364183 39.02156392639119 
-0.0 -0.4237629433280361 39.01824751514511 
0.0 -0.5695708554097578 4.283122187323573 
-0.0 89.52599696364183 4.252200243376395 
-0.0 -0.2702423066484858 4.25181967576571 
0.0 -0.5032178827195324 4.271687326382535 
0.0 -0.5327157153293918 4.271777007018048 
0.0 -0.5119416284712504 4.221465267311185 
0.0 -0.5097613086295905 4.221192842127562 
0.0 6.673205129912041 4.270046829798522 
0.0 -0.5401703856951592 4.251612385270706 
0.0 -0.5286351231396669 4.271708745409914 
0.0 -0.5003764983262453 4.223594726963727 
0.0 6.673205129912041 4.270249888969904 
0.0 -0.5097613086295905 4.223162818193549 
0.0 -0.5401703856951592 4.251616708911324 
0.0 -0.4237629433280361 39.015303084907075 
0.0 -0.4251399594794094 4.21999838161191 
0.0 -0.5191626529843596 4.223012441086969 
0.0 89.52599696364183 4.2708272714254125 
0.0 89.52599696364183 4.201418628190865 
0.0 89.52599696364183 4.2250349245341186 
0.0 123.94761008490065 4.2952451687417685 
0.0 -0.02181862624317965 4.200620024437561 
0.0 -0.42573409653478933 39.02138316228922 
0.0 0.4014364718476813 39.02153280794527 
-0.0 -0.4251399594794094 4.223388802778552 
0.0 -0.5401703856951592 4.251605170521103 
0.0 89.52599696364183 4.2199008236995565 
0.0 -0.4079622446388136 4.22738596430492 
0.0 89.52599696364183 4.219551597726289 
0.0 -0.0866190054656304 39.022132669898205 
0.0 -0.02181862624317965 4.199898583392901 
-0.0 89.52599696364183 4.201047997013325 
-0.0 89.52599696364183 39.020524917378886 
0.0 -0.33623368796222586 39.02083364443155 
-0.0 -0.26056222231991555 4.223071282793418 
0.0 89.52599696364183 4.222104623934781 
0.0 -0.5286351231396669 4.274928015227251 
0.0 89.52599696364183 39.01534141167001 
0.0 -0.4079622446388136 4.2212052002322356 
0.0 -0.3668901288979729 4.20017159158878 
0.0 -0.5032178827195324 4.27196806214352 
0.0 0.3081422442157251 39.01506508988296 
0.0 -0.5097613086295905 4.219812782786531 
0.0 -0.5695708554097578 4.284200870456635 
0.0 0.2259311592001616 39.01300779403524 
0.0 -0.17514254228379755 4.271366372208508 
0.0 -0.19613160149386566 4.280914378659177 
0.0 0.40058078063699476 4.22214110703667 
0.0 -0.17514254228379755 39.01309863753691 
0.0 -0.5482709711268381 4.268979702025617 
0.0 -0.25792243006947757 4.287906674274155 
0.0 -0.5695708554097578 4.201641065651506 
0.0 -0.5482709711268381 4.271055507721611 
0.0 -0.5809152203389267 4.230064895150248 
0.0 -0.5033211744266506 12.992851990597737 
0.0 -0.5097613086295905 4.221180413955891 
0.0 0.32800151998513627 39.01306393296205 
0.0 89.52599696364183 4.200306649787256 
0.0 7.662400472594523 4.200773061546638 
0.0 -0.5695708554097578 4.283122187356188 
-0.0 89.52599696364183 39.02086961521069 
0.0 -0.547466902769381 4.221412897695814 
0.0 -0.473771124930531 4.25166717320934 
0.0 -0.20517555456461523 39.015268623571906 
1.4 0.07246399539262427 16.247313316321748 
1.4 122.86511473886961 39.029259128683805 
1.4 0.07246399539262427 42.04472111233382 
1.4 122.86511473886961 4.386614620548804 
1.4 123.05713004796218 4.446916641292832 
1.4 0.3270580987800926 13.012149761535154 
1.4 122.86511473886961 39.02595425869265 
1.4 122.86511473886961 39.906408471563545 
1.4 122.86511473886961 4.387041945416176 
1.4 0.2734250432069931 13.01077842146566 
1.4 123.05777599654425 39.01528778288551 
1.4 0.07246399539262427 42.84807776808572 
1.4 0.07246399539262427 42.04434481469324 
1.4 0.3270580987800926 13.005998428482695 
1.4 0.07243926866890682 42.04440163454637 
1.4 123.05713004796218 39.024913411557954 
1.4 123.05776653770073 39.03487038419616 
1.4 123.0576160740481 39.028223302600935 
1.4 123.05698332048354 4.3872599757199 
1.4 123.05713004796218 39.01465946129496 
1.4 123.05698332048354 4.332568390102236 
1.4 89.52599696364183 39.61397224300581 
1.4 123.05775063946376 4.329020486385299 
1.4 123.05738423752462 39.01905689285992 
1.4 0.23220362839072983 4.389754880703217 
1.4 0.1978570184968067 4.390419221280493 
1.4 122.86511473886961 4.387039579321897 
1.4 122.86511473886961 4.4081779245802615 
1.4 122.86511473886961 39.02529192187333 
1.4 122.86511473886961 39.0259073416813 
1.4 89.52599696364183 39.01953783749244 
1.4 122.86511473886961 39.025951526204544 
1.4 123.05698332048354 39.019913646871586 
1.4 122.86511473886961 13.000872734325752 
1.4 123.05768335829029 39.02660096063524 
1.4 123.05713004796218 4.306879828238087 
1.4 -0.07367037885874694 4.39047907370727 
1.4 123.05768335829029 4.394719791214049 
1.4 0.3463429482540139 4.388882537452097 
1.4 123.05775063946376 4.386997144500625 
1.4 122.86511473886961 4.328851142887609 
1.4 122.86511473886961 39.01930724103463 
1.4 122.86529884857296 39.01937025040296 
1.1 0.23102056811757876 39.02015929190987 
1.1 -0.5397949496308705 4.278130033139 
1.1 -0.5397949496308705 4.221485493153114 
1.1 -0.4477693535615117 4.252192938889156 
1.1 89.52599696364183 39.01451643455739 
1.1 123.62949813273374 39.02220140219544 
1.1 123.51165185103 39.02225870035746 
1.1 124.09697973751085 4.2523951656402845 
1.1 89.52599696364183 39.01678764658842 
1.1 -0.4477693535615117 4.2693703078461205 
1.1 89.52599696364183 39.02149881312254 
1.1 -0.49887907495728356 4.2664293152924335 
1.1 123.6282328852133 39.01608548131908 
1.1 -0.5022553695982044 4.218493644372828 
1.1 7.21269721790777 4.2206932096747884 
1.1 -0.5397949496308705 4.221490501518018 
1.1 -0.5397949496308705 4.2200809365182215 
1.1 -0.5397949496308705 4.269247373562273 
1.1 -0.5480888501331975 4.201130793178492 
1.1 -0.5022553695982044 4.227215199669624 
1.1 -0.5022553695982044 4.222214701498061 
1.1 -0.5397949496308705 4.217733970842422 
1.1 -0.49887907495728356 4.220076970006586 
