-1.0 [[7.284735786199364], [2.4999987496933933, 72.26697893862186, 89.80676750548278], [4.445428238952906, 44.47723595405759], [1.2222589370390093, 3.059705413226398]] 
-0.9 [[5.319344450937719], [2.4996305018801537, 70.30432645453786, 89.80676750548278], [0.0206996050191378, 24.600502546851533], [0.006342222770981842, 4.564892090074444]] 
-0.7 [[5.2885926157574], [2.4996305018801537, 70.16129940974665, 89.80676750548278], [1.4812209275865826, 33.301943417135575], [0.027285492841138015, 3.099084819586185]] 
-0.7 [[5.2489863535829935], [2.4999999294164095, 83.35318785956105, 89.80676750548278], [1.1592705181204022, 7.063843374408307], [2.6525406329163324, 23.86130190873539]] 
-0.4 [[7.493909278068347], [2.4539826170533225, 77.67103616892022, 132.34053904489662], [0.12781144153213841, 5.866811873861402], [0.687619315861348, 25.79540613915738]] 
1.0 [[5.319344450937719], [2.4996305018801537, 70.16129940974665, 89.80676750548278], [0.08883613773908094, 44.54911767713429], [0.027285492841138015, 3.099084819586185]] 
1.0 [[7.289469183876003], [2.4999927244621998, 70.21211742610502, 89.80676750548278], [0.15600864712230011, 44.54911767713429], [1.1880461797178854, 3.059524506662636]] 
-0.5 [[5.284252333242338], [2.499998722055267, 69.86732596775909, 89.80676750548278], [1.4337342797748904, 60.481121646824775], [2.3401358149924114, 3.059705413226398]] 
-0.8 [[4.542107087699487], [2.5, 177.7630589459099, 89.80676750548278], [1.1592705181204022, 5.810908378438493], [0.9451776615316999, 25.829414115928117]] 
-0.8 [[5.803088855513469], [2.499998141641465, 69.35106909475726, 89.80676750548278], [1.1097564746995108, 44.4728315983832], [0.9474313659801188, 2.2113499884230112]] 
-0.2 [[0.23569959852360967], [2.499996292069941, 199.99030040369416, 2.5], [136.90756166543179, 107.843501402813], [0.6676809065056439, 0.9553460999184455]] 
-0.6 [[3.193272681315701], [2.4999991315486914, 69.83096416877808, 89.80676750548278], [0.01743734977703091, 5.239709011155736], [2.3461706344013122, 4.141420230316994]] 
0.0 [[7.335257769443085], [2.499998722055267, 70.27308900927532, 89.80676750548278], [1.4331703570205945, 32.94905542549208], [0.9474313659801188, 3.059705413226398]] 
0.0 [[2.793989346727741], [2.4974563876958404, 70.16129940974665, 89.80676750548278], [1.4812209275865826, 33.680715098002665], [0.9709399316571132, 2.7524039412594505]] 
0.0 [[3.193272681315701], [2.4999999801856925, 74.63321484038137, 89.80676750548278], [0.08811975046846154, 4.749211771225969], [2.5274090164353575, 0.0027901850641445236]] 
0.0 [[3.5885751083439237], [2.4139495973642413, 70.71385369052334, 89.80676750548278], [0.11345802474542575, 1.1562953859022915], [5.968923873366783, 25.801413449467464]] 
1.1 [[5.703563706992847], [2.4999185857277135, 79.17222264165693, 89.80676750548278], [0.004584219501804432, 5.141311282987106], [1.4548113959584978, 2.665828360834663]] 
