-1.0 -0.055153394739552386 58.97247030619332 
-1.0 -0.055153394739552386 58.97231883377707 
-1.0 -0.055153394739552386 58.79018781785944 
-1.0 -0.055153394739552386 66.84782547983905 
-1.0 -0.055153394739552386 39.296743793965916 
-1.0 -0.0023053379137274455 39.028845441366975 
-1.0 -0.055153394739552386 58.79332573338953 
-1.0 -0.055153394739552386 39.02745406600806 
-1.0 -0.055153394739552386 39.03023609287425 
-1.0 -0.0023053379137274455 39.02891833339258 
-1.0 -0.07508764484987918 58.791233075701086 
-1.0 -0.055153394739552386 39.02395397229335 
-1.0 -0.055153394739552386 39.039926554284385 
-1.0 -0.07508764484987918 11.187546439189099 
-1.0 -0.07508764484987918 11.199231584577138 
-1.0 -0.07508764484987918 11.187680987786475 
-1.0 -0.055153394739552386 39.02588981487577 
-1.0 -0.07508764484987918 39.02379661351113 
-1.0 -0.055153394739552386 39.02627190506284 
-1.0 -0.0023053379137274455 39.031155934557624 
-1.0 -0.07508764484987918 11.191237982365301 
-1.0 -0.055153394739552386 2.3633919049841805 
-1.0 -0.055153394739552386 39.025423859517396 
-1.0 -0.07508764484987918 11.187542421354687 
-1.0 -0.07508764484987918 39.02478520795645 
-1.0 -0.07508764484987918 11.162270311188502 
-1.0 -0.0023053379137274455 39.025417385350295 
-1.0 -0.07508764484987918 11.187875060736514 
-1.0 -0.07508764484987918 11.193028996593057 
-1.0 -0.055153394739552386 8.565564557307589 
-1.0 -0.07508764484987918 39.04934745426894 
-1.0 -0.055153394739552386 39.287722895379225 
-1.0 -0.07508764484987918 11.19088482321721 
-1.0 -0.07508764484987918 39.025467956175085 
-1.0 -0.07508764484987918 11.187513937303299 
-1.0 -0.07508764484987918 11.187823047801139 
-1.0 -0.07508764484987918 11.182643458370746 
-1.0 -0.055153394739552386 8.568532365937672 
-1.0 -0.07508764484987918 11.187456576403862 
-1.0 -0.07508764484987918 11.19146645006619 
-1.0 -0.07508764484987918 11.157563731005222 
-1.0 -0.07508764484987918 11.162722599423136 
-1.0 -0.055153394739552386 39.02908667455616 
-1.0 -0.055153394739552386 11.208353442721867 
-1.0 -0.07508764484987918 11.157563874130517 
-1.0 -0.055153394739552386 2.0140811274491175 
-1.0 -0.0023053379137274455 39.02927570297198 
-1.0 -0.055153394739552386 39.034783693078545 
-1.0 -0.055153394739552386 39.029224430221305 
-1.0 -0.055153394739552386 39.0496749873237 
-1.0 -0.055153394739552386 39.02639613879512 
-1.0 -0.07508764484987918 39.015259263876345 
-1.0 -0.07508764484987918 11.158828407314722 
-1.0 -0.07508764484987918 39.02472052836219 
-1.0 -0.07508764484987918 39.0156241275438 
-1.0 -0.07508764484987918 39.01727511564147 
-1.0 -0.07508764484987918 11.158731799091164 
-1.0 -0.055153394739552386 8.565638320146906 
-1.0 -0.055153394739552386 39.02497165919908 
-1.0 -0.07508764484987918 39.021421537520695 
-1.0 -0.055153394739552386 2.047443854435861 
-1.0 -0.055153394739552386 1.9775391274493814 
-1.0 -0.0023053379137274455 2.0357566396623477 
-1.0 -0.055153394739552386 39.031263250523025 
-1.0 -0.07508764484987918 11.175001131059503 
-1.0 -0.07508764484987918 11.157598066723137 
-1.0 -0.055153394739552386 2.0373968198727974 
-1.0 -0.07508764484987918 39.018612520243956 
-1.0 -0.055153394739552386 39.035103324934305 
-1.0 -0.055153394739552386 39.02475250649858 
-1.0 -0.07508764484987918 11.161367440909649 
-1.0 -0.07508764484987918 39.015785970623014 
-1.0 -0.055153394739552386 39.03060247243728 
-1.0 -0.07508764484987918 11.180878200901525 
-1.0 -0.07508764484987918 11.16248360638174 
-1.0 -0.055153394739552386 2.0147680359928892 
-1.0 -0.0023053379137274455 2.0259833208861093 
-1.0 -0.0023053379137274455 2.027884992025287 
-1.0 -0.07508764484987918 11.180045765061468 
-1.0 -0.07508764484987918 11.18209344898618 
-1.0 -0.055153394739552386 39.02576349791424 
-1.0 -0.055153394739552386 2.0428368682216473 
-1.0 -0.07508764484987918 39.02348628764109 
-1.0 -0.055153394739552386 39.02592744388935 
-1.0 -0.07508764484987918 39.02596275663812 
-1.0 -0.055153394739552386 39.0261313708287 
-1.0 -0.055153394739552386 2.0671707916706334 
-1.0 -0.055153394739552386 2.0239060745853235 
-1.0 -0.07508764484987918 39.015841758649636 
-1.0 -0.055153394739552386 39.025326739746866 
-1.0 -0.07508764484987918 39.02098102439497 
-1.0 -0.0023053379137274455 1.925290911862221 
-1.0 -0.07508764484987918 1.796495309480782 
-1.0 -0.055153394739552386 39.02379313916959 
-1.0 -0.055153394739552386 2.0373851710590305 
-1.0 -0.055153394739552386 1.9759449228350097 
-1.0 -0.055153394739552386 2.0240970210215714 
-1.0 -0.055153394739552386 2.0243701058990555 
-1.0 -0.07508764484987918 39.01610712425587 
-1.0 -0.055153394739552386 11.159084329821725 
-1.0 -0.07508764484987918 11.157152912785671 
-1.0 -0.055153394739552386 39.01375253020962 
-1.0 -0.055153394739552386 1.8788533871670607 
-1.0 -0.055153394739552386 2.0019252522093622 
-1.0 -0.055153394739552386 1.8116897421587743 
-1.0 -0.07508764484987918 1.9661242081519736 
-1.0 -0.07508764484987918 11.157714285377054 
-1.0 -0.07508764484987918 11.156781704735103 
-1.0 -0.07508764484987918 39.01890407570014 
-1.0 -0.055153394739552386 1.9876843618379758 
-1.0 -0.07508764484987918 39.01590942434706 
-1.0 -0.07508764484987918 39.01660607395254 
-1.0 -0.055153394739552386 1.8859586810734146 
-1.0 -0.055153394739552386 1.6886123782873383 
-1.0 -0.07508764484987918 1.698704150251082 
-1.0 -0.055153394739552386 1.8865554256889803 
-1.0 -0.055153394739552386 1.963411910659611 
-1.0 -0.055153394739552386 2.0439887597313935 
-1.0 -0.055153394739552386 1.6804933458350029 
-1.0 -0.07508764484987918 11.15802074099726 
-1.0 -0.07508764484987918 1.956700924975435 
-1.0 -0.055153394739552386 2.023749040814159 
-1.0 -0.055153394739552386 1.8880658089322926 
-1.0 -0.07508764484987918 39.02115343505748 
-1.0 -0.07508764484987918 39.016674914239296 
-1.0 -0.07508764484987918 39.01667551470789 
-1.0 -0.07508764484987918 1.875638734840661 
-1.0 -0.055153394739552386 1.9692067696409776 
-1.0 -0.07508764484987918 1.9118258018922294 
-1.0 -0.07508764484987918 11.157804475489302 
-1.0 -0.055153394739552386 1.679093836084531 
-1.0 -0.055153394739552386 1.8263674905069873 
-1.0 -0.055153394739552386 1.6954196618160722 
-1.0 -0.055153394739552386 1.6886185983530855 
-1.0 -0.07508764484987918 39.029805411520805 
-1.0 -0.07508764484987918 1.7010874874750856 
-1.0 -0.07508764484987918 1.8187140445824468 
-1.0 -0.07508764484987918 1.786277303303941 
-1.0 -0.07508764484987918 39.02145885099671 
-1.0 -0.07508764484987918 1.68295368066721 
-1.0 -0.055153394739552386 1.6897451854832426 
-1.0 -0.055153394739552386 1.688689337546615 
-1.0 -0.055153394739552386 1.6804414779592076 
-1.0 -0.07508764484987918 1.6999966664187751 
-1.0 -0.07508764484987918 1.68340028488199 
-1.0 -0.07508764484987918 1.677416415523699 
-1.0 -0.07508764484987918 1.6762670426751383 
-1.0 -0.07508764484987918 1.6629496730455064 
-1.0 -0.055153394739552386 1.6500447973881913 
-1.0 -0.07508764484987918 1.696540900392523 
-1.0 -0.07508764484987918 1.7074126341743658 
-1.0 -0.055153394739552386 1.6886258334395259 
-1.0 -0.055153394739552386 1.6886692041672973 
-1.0 -0.055153394739552386 1.6845326643417364 
-1.0 -0.055153394739552386 1.7772697827272241 
-1.0 -0.07508764484987918 1.7069433208057214 
-1.0 -0.07508764484987918 1.685221308260509 
-1.0 -0.07508764484987918 1.7378982680146424 
-1.0 -0.055153394739552386 1.689994961779429 
-1.0 -0.055153394739552386 1.6728657067641493 
-1.0 -0.055153394739552386 1.6760248599737262 
-1.0 -0.07508764484987918 1.7056016260844398 
-1.0 -0.07508764484987918 1.680569045814482 
-1.0 -0.055153394739552386 1.6376837741148627 
-1.0 -0.055153394739552386 1.692978579303201 
-1.0 -0.07508764484987918 1.6631947011065875 
-1.0 -0.055153394739552386 1.6995256175832163 
-1.0 -0.07508764484987918 1.6426813879441151 
-1.0 -0.07508764484987918 1.676684382777981 
-1.0 -0.07508764484987918 1.6808380717871656 
-1.0 -0.055153394739552386 1.6824802413137645 
-1.0 -0.07508764484987918 39.016636480015514 
-1.0 -0.07508764484987918 39.01659670918858 
-1.0 -0.07508764484987918 1.6872280082791196 
-1.0 -0.07508764484987918 1.6778054405020748 
-1.0 -0.055153394739552386 1.678471544137554 
-1.0 -0.055153394739552386 1.6469943715372848 
-1.0 -0.07508764484987918 1.635740535128804 
-1.0 -0.07508764484987918 1.6502579466254326 
-1.0 -0.07508764484987918 1.676324076631323 
-1.0 -0.055153394739552386 1.6396755200124096 
-1.0 -0.07508764484987918 1.6788443892388616 
-1.0 -0.07508764484987918 1.6466571203951963 
-1.0 -0.07508764484987918 1.7251915144405174 
-1.0 -0.07508764484987918 1.6768447839769964 
-1.0 -0.07508764484987918 1.641761719166938 
-1.0 -0.07508764484987918 39.016840126679185 
-1.0 -0.07508764484987918 1.6388825708239396 
-1.0 -0.07508764484987918 1.6782036898073618 
-1.0 -0.055153394739552386 1.641208468594414 
-1.0 -0.07508764484987918 1.720643251047825 
-1.0 -0.055153394739552386 1.6454277877910721 
-1.0 -0.07508764484987918 1.6841325692880929 
-1.0 -0.07508764484987918 1.6901729452539473 
-1.0 -0.07508764484987918 1.6737073695022249 
-1.0 -0.07508764484987918 1.6350497762070189 
-1.0 -0.07508764484987918 1.6687336752648525 
-1.0 -0.07508764484987918 1.6823369568336064 
-1.0 -0.07508764484987918 1.7086677557568855 
-1.0 -0.07508764484987918 39.01648668578746 
-1.0 -0.055153394739552386 1.637900939307815 
-1.0 -0.07508764484987918 1.639488517846535 
-1.0 -0.07508764484987918 1.6365834223443316 
-1.0 -0.07508764484987918 1.662115909704482 
-1.0 -0.055153394739552386 1.6619911417690785 
-1.0 -0.07508764484987918 1.7039685917914122 
-1.0 -0.07508764484987918 1.6777851848658425 
-1.0 -0.07508764484987918 39.015000274214415 
-1.0 -0.055153394739552386 1.666106787894644 
0.7 110.61945605579034 146.76174706708034 
0.7 110.61945605579034 39.02926745390734 
0.7 110.61945605579034 39.0291564869663 
0.7 110.61945605579034 39.02926438429122 
-0.9 -0.052217358916260004 39.02298976902604 
-0.9 -0.03425752048951347 8.55126328169008 
-0.9 -0.03425752048951347 8.551142719362003 
-0.9 -0.03425752048951347 8.550364059552793 
-0.9 -0.07309099440859912 11.16076080467298 
-0.9 -0.03425752048951347 39.02575509655799 
-0.9 -0.03425752048951347 8.551398040284067 
-0.9 -0.07309099440859912 39.01695571571467 
-0.9 -0.052217358916260004 11.162394903466843 
-0.9 -0.052217358916260004 8.565421933525705 
-0.9 -0.052217358916260004 39.02190164591224 
-0.9 -0.05442776586537912 39.0268294646408 
-0.9 -0.052217358916260004 2.037398886458607 
-0.9 -0.05442776586537912 39.01625098907132 
-0.9 -0.052217358916260004 2.0413804857837534 
-0.9 -0.052217358916260004 2.0439042044131113 
-0.9 -0.052217358916260004 2.1065003543657834 
-0.9 -0.052217358916260004 1.9852004152296603 
-0.9 -0.07309099440859912 1.6757027685128136 
-0.7 -0.041173305332955046 39.02327775922713 
-0.7 -0.007620601999349663 39.018150190896705 
-0.4 -0.04209515136067443 8.586613781354576 
-0.4 -0.04209515136067443 39.032961248005975 
-0.4 -0.04209515136067443 8.558326700654336 
-0.4 -0.04209515136067443 8.56109301021964 
-0.4 -0.04209515136067443 39.02687057639289 
-0.4 -0.04209515136067443 8.587934618882754 
-0.4 -0.04209515136067443 8.582691129369303 
-0.4 -0.04209515136067443 1.8870195031887318 
-0.4 -0.03594702365112079 39.021433282200285 
-0.4 -0.04209515136067443 39.02784770912533 
-0.4 -0.04209515136067443 1.8935538938147294 
-0.4 -0.04209515136067443 39.0228350323162 
-0.4 -0.04209515136067443 39.04965081203058 
-0.4 -0.03594702365112079 39.01458339864297 
-0.4 -0.04209515136067443 11.163774670831016 
-0.4 -0.04209515136067443 1.8535708403941378 
-0.4 -0.04209515136067443 8.537016696389092 
-0.4 -0.04209515136067443 39.03003215252655 
-0.4 109.85385779505286 39.01717936786307 
-0.4 -0.04209515136067443 8.535418841201507 
-0.4 109.85327479634466 39.02576962518575 
-0.4 -0.03594702365112079 1.8948915298885893 
-0.4 -0.03594702365112079 39.026102287878565 
-0.4 109.85327479634466 2.383732771593619 
-0.4 -0.03594702365112079 39.02451426250475 
-0.4 -0.04209515136067443 1.9176766710981765 
-0.4 109.85327479634466 1.920582996094925 
-0.4 -0.04209515136067443 1.8590498513986815 
-0.4 -0.04209515136067443 39.021345675834816 
-0.4 -0.04209515136067443 1.8151096051116242 
-0.4 -0.00913728070799058 39.02189861437752 
-0.4 -0.04209515136067443 1.859984295776567 
-0.4 109.85327479634466 1.8453897086820146 
-0.4 -0.04209515136067443 1.8783608307713728 
-0.4 -0.04209515136067443 1.824534786289832 
-0.4 -0.00913728070799058 1.8933430033768721 
-0.4 -0.04209515136067443 1.8465312055465264 
-0.4 109.85327479634466 11.186189290909605 
2.2 110.99417433612683 177.8588478177835 
2.2 110.99417433612683 357.66972018239557 
2.2 110.99417433612683 39.033773893393196 
2.2 110.99417433612683 38.90569037554426 
2.2 110.99417433612683 38.885513724112826 
-1.2 197.3653676974591 127.38280860469415 
-1.2 197.3653676974591 203.00885917765711 
-1.2 197.3653676974591 39.02615702128453 
-1.2 197.3653676974591 11.164727836237057 
-1.2 197.3653676974591 11.184289746668382 
-1.2 197.3653676974591 127.38280683359669 
-1.2 197.3653676974591 39.07979536448006 
-1.2 197.3653676974591 11.192381998455977 
-1.2 197.3653676974591 39.06665625331643 
-1.2 197.3653676974591 39.05952793506063 
-1.2 197.3653676974591 39.56837615535453 
-1.2 197.3653676974591 39.031950440123325 
-1.2 197.3653676974591 39.0575701516541 
-1.2 197.3653676974591 39.02311696386402 
-1.2 197.3653676974591 39.023389810839426 
-1.2 197.3653676974591 39.027254006630436 
-1.2 197.3653676974591 39.02600611262836 
-1.2 197.3653676974591 11.207221383992422 
-1.2 197.3653676974591 39.06640372224131 
-1.2 197.3653676974591 39.026188561594985 
-1.2 197.3653676974591 11.20036507669526 
-1.2 197.3653676974591 39.02296014289826 
-1.2 197.3653676974591 11.13930183358698 
-1.2 197.3653676974591 39.02338541572325 
-1.2 197.3653676974591 2.3265481703515127 
-1.2 197.3653676974591 1.9071792985508456 
-1.2 197.3653676974591 39.025693657727345 
-1.2 197.3653676974591 39.05647015316913 
-1.2 197.3653676974591 39.0252092130611 
-1.2 197.3653676974591 11.166160436678894 
-1.2 197.3653676974591 2.311436402436614 
-1.2 197.3653676974591 39.026778385498666 
-1.2 197.3653676974591 39.016521637614105 
-1.2 197.3653676974591 11.16029296262117 
-1.2 197.3653676974591 11.163060796473435 
-1.2 197.3653676974591 2.3266306565293875 
-1.2 197.3653676974591 2.3201602629809512 
-1.2 197.3653676974591 2.3248312001892675 
-1.2 197.3653676974591 1.9079995165418828 
-1.2 197.3653676974591 11.181299747635212 
-1.2 197.3653676974591 8.552496290173373 
-1.2 197.3653676974591 2.341309632202248 
-1.2 197.3653676974591 39.04894041165836 
-1.2 197.3653676974591 1.866844418816896 
-1.2 197.3653676974591 2.312144603824979 
-1.2 197.3653676974591 39.02295510331248 
-1.2 197.3653676974591 1.907588880630145 
-1.2 197.3653676974591 1.8785279671514452 
-1.2 197.3653676974591 1.8665647781050902 
-1.2 197.3653676974591 1.8498135716442807 
-1.2 197.3653676974591 1.878912173507002 
-1.2 197.3653676974591 8.534382482913069 
-1.2 197.3653676974591 1.8099835361870438 
-1.2 197.3653676974591 1.8903265381336178 
-1.2 197.3653676974591 1.877887046723717 
-1.2 197.3653676974591 1.8841818354334259 
-1.2 197.3653676974591 1.9046646929217652 
-1.2 197.3653676974591 1.8510265042438503 
-1.2 197.3653676974591 1.8898067117855077 
-1.2 197.3653676974591 39.01569976130522 
-1.2 197.3653676974591 2.0312334602085107 
-1.2 197.3653676974591 1.8110109948173985 
-1.2 197.3653676974591 1.8099831909487005 
-1.2 197.3653676974591 1.8128779103920813 
-1.2 197.3653676974591 1.8423053260090074 
-1.2 197.3653676974591 1.9066130557387388 
-1.2 197.3653676974591 1.7127028633113817 
-1.2 197.3653676974591 39.0165819399374 
-1.2 197.3653676974591 1.8120408265915517 
-1.2 197.3653676974591 1.7141699130276709 
-1.2 197.3653676974591 39.02439470144675 
-1.2 197.3653676974591 1.9153585570892784 
-1.2 197.3653676974591 1.6784396951001537 
-1.2 197.3653676974591 39.01810205230335 
-1.2 197.3653676974591 39.0180914415011 
-1.2 197.3653676974591 1.7148995317698443 
-1.2 197.3653676974591 1.9728075979310304 
-1.2 197.3653676974591 1.6931573630057895 
-1.2 197.3653676974591 1.698460363128291 
-1.2 197.3653676974591 1.6779875737257914 
-1.2 197.3653676974591 1.6807753385017035 
-1.2 197.3653676974591 1.7124870287093923 
-1.2 197.3653676974591 1.7403985025406856 
-1.2 197.3653676974591 1.7150097577414556 
-1.2 197.3653676974591 1.6822506310269718 
-1.2 197.3653676974591 1.678248168744558 
-1.2 197.3653676974591 1.6818839721601102 
-1.2 197.3653676974591 1.6784975972630165 
-1.2 197.3653676974591 1.6779374602797483 
-1.2 197.3653676974591 1.677351500345154 
-1.2 197.3653676974591 39.016496961631155 
-1.2 197.3653676974591 1.6779874345862074 
-1.2 197.3653676974591 1.6779375987675347 
-1.2 197.3653676974591 1.6777849018779125 
-1.2 197.3653676974591 1.6429932073167115 
-1.2 197.3653676974591 1.6393112104983916 
0.3 0.11716432438335556 101.43523994187498 
0.3 0.11717132569702482 39.09318037125144 
2.3 109.90156216452179 330.02611129932035 
3.4 111.32785640240887 20.761165911058168 
3.4 111.32787610114379 38.90522041641098 
3.4 111.81345938768342 177.85881076575706 
3.4 111.32787905626122 20.770340532646507 
1.0 110.55302270294104 359.6532368477077 
1.0 110.55302270294104 19.480051780973028 
1.0 110.55302270294104 19.480590722183507 
1.0 110.55302270294104 39.0628536708369 
1.0 110.55302270294104 39.01432044467595 
0.9 110.55510169043717 244.51649414097236 
0.9 110.55510169043717 39.023944532048915 
0.9 110.55510169043717 244.5100735218886 
0.9 110.55510169043717 39.01990568048889 
-0.5 0.002651176468668748 10.375487537215292 
-0.5 0.002651176468668748 8.715011677368278 
-0.5 0.002651176468668748 8.553259463161922 
-0.5 -0.022393475708416766 58.78870246911577 
-0.5 -0.022393475708416766 8.577366466995592 
-0.5 0.002651176468668748 10.248337403349169 
-0.5 0.002651176468668748 10.37546757295415 
-0.5 0.002651176468668748 39.024674263156975 
-0.5 -0.022393475708416766 8.54458432463729 
-0.5 -0.022393475708416766 39.174861130748816 
-0.5 0.002651176468668748 8.552905237842433 
-0.5 0.002651176468668748 8.715022897748286 
-0.5 0.002651176468668748 8.56738114921708 
-0.5 0.002651176468668748 8.553372653470676 
-0.5 0.002651176468668748 39.026019526511746 
-0.5 0.002651176468668748 39.02784987711348 
-0.5 0.002651176468668748 8.568211112108326 
-0.5 -0.022393475708416766 39.03109594936657 
-0.5 -0.022393475708416766 8.534665495429232 
-0.5 -0.022393475708416766 39.023368604764734 
-0.5 -0.022393475708416766 8.549939389697013 
-0.5 0.002651176468668748 8.555963453265493 
-0.5 0.002651176468668748 8.553254768666312 
-0.5 -0.022393475708416766 39.02393632431408 
-0.5 0.002651176468668748 8.556486973305129 
-0.5 -0.022393475708416766 39.06279900632732 
-0.5 -0.022393475708416766 39.02381325515195 
-0.5 -0.022393475708416766 58.78878443329021 
-0.5 -0.022393475708416766 39.02306735380266 
-0.5 0.06246216740344046 39.022502398594696 
-0.5 -0.022393475708416766 8.544638427617057 
-0.5 -0.022393475708416766 11.16920950360799 
-0.5 -0.022393475708416766 39.02167903086507 
-0.5 -0.022393475708416766 1.8874635985569965 
3.1 111.32789880037373 173.7474204512957 
2.6 111.00625598037132 198.38288597858536 
2.6 111.00625598037132 352.2391840784184 
2.6 111.00625598037132 39.05851817628268 
3.6 111.32766492687487 83.58118153151253 
-1.3 197.3653676974591 335.82900432428454 
-1.3 197.3653676974591 11.163895743865925 
-1.3 197.3653676974591 39.9942458713652 
-1.3 197.3653676974591 8.533413082698107 
-1.3 197.3653676974591 39.06463163312778 
-1.3 197.3653676974591 39.022024219391504 
-1.3 197.3653676974591 1.714160151153143 
-1.3 197.3653676974591 1.8266477220525834 
-1.3 197.3653676974591 1.7138234191545105 
-1.3 197.3653676974591 39.01773517221962 
-1.3 197.3653676974591 1.693322638918418 
-1.3 197.3653676974591 1.7092902679966038 
-1.3 197.3653676974591 1.7033488809943422 
-1.3 197.3653676974591 1.6780947539023072 
-1.3 197.3653676974591 39.01682560518843 
-1.3 197.3653676974591 1.6797356244899753 
-1.3 197.3653676974591 1.7097727499072228 
2.4 111.00620215005841 13.026379800824953 
2.4 111.00620685759525 46.08606359676653 
2.4 111.00620215005841 13.026379791297948 
2.4 111.00620685759525 11.648136156060703 
2.4 111.00620215005841 11.527101484376864 
2.4 111.00620215005841 39.45420347777059 
2.4 111.00620215005841 39.02113457817894 
0.1 0.10089882042862852 174.85793667791384 
0.1 0.10089882042862852 233.1137411977934 
0.1 0.10089882042862852 39.76498842036855 
0.1 0.10089882042862852 39.03094909009525 
0.1 0.10089882042862852 39.7651694082059 
0.1 0.10089882042862852 39.03097628351302 
0.1 0.10089882042862852 39.031612381038094 
0.1 0.10089882042862852 39.03098928144269 
3.5 111.3278570654154 39.030237443076764 
2.8 111.96407082296156 83.07633850584284 
2.8 111.96407082296156 39.018098172552385 
2.1 109.72680362864992 66.91548510424761 
2.1 109.72590491929856 66.92185363408848 
2.1 110.51255544822966 78.85113784551147 
2.1 110.51584235355035 39.02213484225364 
-1.1 -0.049263120625822054 124.27320176456405 
-1.1 -0.049263120625822054 11.345563322723393 
-1.1 -0.049263120625822054 339.708020909629 
-1.1 -0.02780274132352334 167.45297520607073 
-1.1 -0.049263120625822054 41.413750361745535 
-1.1 -0.049263120625822054 41.41657916592384 
-1.1 -0.049263120625822054 39.046976953894024 
-1.1 -0.049263120625822054 39.02588784279847 
-1.1 -0.049263120625822054 41.413849171567314 
-1.1 -0.049263120625822054 41.41495444743256 
-1.1 -0.02780274132352334 39.02430248519038 
-1.1 -0.049263120625822054 39.030298355274674 
-1.1 -0.049263120625822054 39.02935296312004 
-1.1 -0.049263120625822054 39.01957150265879 
-1.1 -0.049263120625822054 39.025349488956095 
-1.1 -0.049263120625822054 11.16561205056182 
-1.1 -0.049263120625822054 11.36486954849458 
-1.1 -0.049263120625822054 58.79046790143347 
-1.1 -0.049263120625822054 39.027504669520845 
-1.1 -0.049263120625822054 11.163837908966192 
-1.1 -0.049263120625822054 39.09842913293343 
-1.1 -0.049263120625822054 39.019553547769846 
-1.1 -0.049263120625822054 11.139301867466395 
-1.1 -0.049263120625822054 11.16472784109333 
-1.1 -0.049263120625822054 11.184151847048035 
-1.1 -0.049263120625822054 11.182738414026261 
-1.1 -0.049263120625822054 39.02140417550614 
-1.1 -0.049263120625822054 11.183817889177837 
-1.1 -0.049263120625822054 39.017181589373614 
-1.1 -0.049263120625822054 1.8925510747522631 
-1.1 -0.049263120625822054 39.0204076739401 
-1.1 -0.049263120625822054 11.185276334733507 
-1.1 -0.049263120625822054 2.3077280979956893 
-1.1 -0.049263120625822054 11.163880219425513 
-1.1 -0.049263120625822054 39.0210545558704 
-1.1 -0.02780274132352334 8.558297928473806 
-1.1 -0.049263120625822054 1.894297478103006 
-1.1 -0.049263120625822054 8.532673788381016 
-1.1 -0.049263120625822054 2.329635038321597 
-1.1 -0.049263120625822054 39.018982420466685 
-1.1 -0.049263120625822054 1.8660008062622753 
-1.1 -0.02780274132352334 8.558569707004393 
-1.1 -0.049263120625822054 1.8737077337702743 
-1.1 -0.02780274132352334 2.320155998023663 
-1.1 -0.049263120625822054 1.9060235750239882 
-1.1 -0.049263120625822054 2.315471153695997 
-1.1 -0.049263120625822054 1.8587335486811505 
-1.1 -0.049263120625822054 1.8978876865325052 
-1.1 -0.049263120625822054 39.049335836958285 
-1.1 -0.049263120625822054 39.02693836728898 
-1.1 -0.049263120625822054 1.9137988254845235 
-1.1 -0.049263120625822054 39.044628808720205 
-1.1 -0.049263120625822054 39.05069135956427 
-1.1 -0.049263120625822054 1.8653365687101395 
-1.1 -0.049263120625822054 39.02516340204724 
-1.1 -0.049263120625822054 1.9030963135911614 
-1.1 -0.049263120625822054 1.7144804660634374 
-1.1 -0.049263120625822054 1.89082460908396 
-1.1 -0.049263120625822054 1.8638257252950041 
-1.1 -0.049263120625822054 1.7141281140787707 
-1.1 -0.049263120625822054 39.03250143725997 
-1.1 -0.049263120625822054 39.018150366237855 
-1.1 -0.049263120625822054 1.8993066757861279 
-1.1 -0.049263120625822054 1.7140446660534396 
-1.1 -0.049263120625822054 1.723846866555361 
-1.1 -0.049263120625822054 1.8039164309511295 
-1.1 -0.049263120625822054 1.8364026762281576 
-1.1 -0.049263120625822054 1.8673635189243603 
-1.1 -0.02780274132352334 1.886257059552692 
-1.1 -0.049263120625822054 1.715342169635381 
-1.1 -0.049263120625822054 1.7144848417135052 
-1.1 -0.049263120625822054 1.6921313620567768 
-1.1 -0.049263120625822054 1.7203028515131655 
-1.1 -0.049263120625822054 1.8676969556537848 
-1.1 -0.049263120625822054 1.7169025359997172 
-1.1 -0.049263120625822054 1.714142840228122 
-1.1 -0.049263120625822054 1.7419205942944138 
-1.1 -0.049263120625822054 1.855535736323342 
-1.1 -0.02780274132352334 1.8416314097260769 
-1.1 -0.049263120625822054 1.7126599705818817 
-1.1 -0.049263120625822054 1.700404761957045 
-1.1 -0.049263120625822054 39.01815055850673 
-1.1 -0.049263120625822054 39.020903798441346 
-1.1 -0.049263120625822054 1.697090315154992 
-1.1 -0.049263120625822054 11.161121468163477 
-1.1 -0.049263120625822054 39.02355003724486 
-1.1 -0.049263120625822054 39.024288861458004 
-1.1 -0.049263120625822054 39.015795185988104 
-1.1 -0.049263120625822054 1.6922286914638935 
-1.1 -0.049263120625822054 1.7148938409298342 
-1.1 -0.049263120625822054 1.6889462107103526 
-1.1 -0.049263120625822054 1.6921731676545482 
-1.1 -0.049263120625822054 1.6866027656298173 
-1.1 -0.049263120625822054 1.7671034231724922 
-1.1 -0.049263120625822054 39.02445090321176 
-1.1 -0.049263120625822054 1.828389044583211 
-1.1 -0.049263120625822054 39.01960006577708 
-1.1 -0.049263120625822054 1.6727995219569132 
-1.1 -0.049263120625822054 1.7028636565162785 
-1.1 -0.049263120625822054 1.6851369837830248 
-1.1 -0.049263120625822054 39.01716519039329 
-1.1 -0.049263120625822054 1.8072038143596423 
-1.1 -0.049263120625822054 1.6700271165212233 
-1.1 -0.049263120625822054 1.685821621136717 
-1.1 -0.049263120625822054 1.6881667229330082 
-1.1 -0.049263120625822054 1.6826843887000154 
-1.1 -0.049263120625822054 1.6929128129606985 
-1.1 -0.049263120625822054 1.6916131326048685 
-1.1 -0.049263120625822054 1.711970505538384 
-1.1 -0.049263120625822054 1.682918697392622 
-1.1 -0.02780274132352334 1.6996590309515271 
-1.1 -0.049263120625822054 1.6897972845015676 
-1.1 -0.049263120625822054 1.680734173124683 
-1.1 -0.049263120625822054 1.6717249886916066 
-1.1 -0.049263120625822054 1.6806104796184493 
-1.1 -0.049263120625822054 1.6803918810353027 
-1.1 -0.049263120625822054 1.6474311032478284 
-1.1 -0.049263120625822054 1.6810757489173587 
-1.1 -0.049263120625822054 39.01679103224285 
-1.1 -0.049263120625822054 1.6649462312167218 
-1.1 -0.049263120625822054 1.6767159413530923 
-1.1 -0.049263120625822054 1.6834544841197423 
-1.1 -0.049263120625822054 1.677989673362704 
-1.1 -0.049263120625822054 1.6678771050258507 
-1.1 -0.049263120625822054 1.6496166824243057 
-1.1 -0.049263120625822054 1.6725107223585016 
-1.1 -0.049263120625822054 1.670614102086738 
-1.1 -0.049263120625822054 1.676607797261509 
-1.1 -0.049263120625822054 1.6720542891020729 
-1.1 -0.049263120625822054 1.6474186384506482 
-1.1 -0.049263120625822054 39.01495685492287 
-1.1 -0.049263120625822054 1.6475900850501426 
-1.1 -0.049263120625822054 1.660831524275827 
-1.1 -0.049263120625822054 1.665258003352208 
-1.1 -0.049263120625822054 1.6874775325908067 
-1.1 -0.049263120625822054 1.6372365044332624 
-1.1 -0.049263120625822054 1.6383985867671933 
2.5 111.00674244724881 203.76101864536605 
2.5 111.00741255897779 258.8069349999047 
2.5 111.81345938768341 34.21782718258983 
2.5 111.00943059893406 167.45452901702856 
2.5 111.00670329970353 39.022639646520375 
2.5 111.00670329970353 203.75052292107588 
2.5 111.00674244724881 177.8588478177835 
3.3 111.32787394630994 39.025657119139396 
3.3 111.32787534105013 39.27143142216478 
-1.4 197.3653676974591 39.066517416092196 
-1.4 197.3653676974591 39.038934697136156 
-1.4 197.3653676974591 39.02758342456942 
-1.4 197.3653676974591 39.15077510647271 
-1.4 197.3653676974591 39.01078305234467 
-1.4 197.3653676974591 39.0228122078015 
-1.4 197.3653676974591 39.03863879688544 
-1.4 197.3653676974591 39.01667600287555 
-1.4 197.3653676974591 39.015560068469114 
-1.4 197.3653676974591 39.008826183615206 
-1.4 197.3653676974591 11.1810416050164 
-1.4 197.3653676974591 39.02117043486302 
-1.4 197.3653676974591 11.155952642890279 
-1.4 197.3653676974591 11.175480629956713 
-1.4 197.3653676974591 39.02157005270157 
-1.4 197.3653676974591 11.140084372912957 
-1.4 197.3653676974591 39.06363376622786 
-1.4 197.3653676974591 39.22657327956913 
-1.4 197.3653676974591 11.181336407523093 
-1.4 197.3653676974591 11.175427059472929 
-1.4 197.3653676974591 11.159400068537309 
-1.4 197.3653676974591 11.181068080312922 
-1.4 197.3653676974591 11.16202747643454 
-1.4 197.3653676974591 39.43478273954755 
-1.4 197.3653676974591 11.156005538124852 
-1.4 197.3653676974591 1.8859456399347552 
-1.4 197.3653676974591 11.155901822025406 
-1.4 197.3653676974591 2.35781772423309 
-1.4 197.3653676974591 1.8861654072710887 
-1.4 197.3653676974591 39.022804605007764 
-1.4 197.3653676974591 39.02013365627777 
-1.4 197.3653676974591 1.886257059552692 
-1.4 197.3653676974591 11.185342451722805 
-1.4 197.3653676974591 11.167357367461857 
-1.4 197.3653676974591 1.889807045323132 
-1.4 197.3653676974591 1.887339709856302 
-1.4 197.3653676974591 1.8854947767029442 
-1.4 197.3653676974591 1.8866111566302999 
-1.4 197.3653676974591 39.02606057535019 
-1.4 197.3653676974591 1.846407457530748 
-1.4 197.3653676974591 1.8923467865919001 
-1.4 197.3653676974591 1.8587335486811505 
-1.4 197.3653676974591 1.702286593029085 
-1.4 197.3653676974591 1.8850003691562396 
-1.4 197.3653676974591 1.8483555211256106 
-1.4 197.3653676974591 1.859025133175357 
-1.4 197.3653676974591 1.885758036473148 
-1.4 197.3653676974591 39.01556747904957 
-1.4 197.3653676974591 1.8495016863264282 
-1.4 197.3653676974591 1.8463901441031163 
-1.4 197.3653676974591 39.02606141580722 
-1.4 197.3653676974591 39.02566026766173 
-1.4 197.3653676974591 1.857803820932373 
-1.4 197.3653676974591 1.8519695901972666 
-1.4 197.3653676974591 39.02416906608102 
-1.4 197.3653676974591 1.9669257891844796 
-1.4 197.3653676974591 1.8475262049106267 
-1.4 197.3653676974591 1.6888860924038986 
-1.4 197.3653676974591 1.8578606662779447 
-1.4 197.3653676974591 1.8463155640604743 
-1.4 197.3653676974591 1.6961741294522 
-1.4 197.3653676974591 39.017201410916364 
-1.4 197.3653676974591 1.6873292239759563 
-1.4 197.3653676974591 11.156643770737801 
-1.4 197.3653676974591 1.7340005614436815 
-1.4 197.3653676974591 39.023602867328705 
-1.4 197.3653676974591 1.8080567350171415 
-1.4 197.3653676974591 1.7019737933437666 
-1.4 197.3653676974591 1.696717969960568 
-1.4 197.3653676974591 1.7166414083792638 
-1.4 197.3653676974591 1.68318906458999 
-1.4 197.3653676974591 1.8292659767106416 
-1.4 197.3653676974591 1.670987853920105 
-1.4 197.3653676974591 1.714962970932259 
-1.4 197.3653676974591 1.7420207177208027 
-1.4 197.3653676974591 1.671674555426316 
-1.4 197.3653676974591 1.7077207076352448 
-1.4 197.3653676974591 1.8237324332424911 
-1.4 197.3653676974591 1.6825885282380313 
-1.4 197.3653676974591 1.679862378612821 
-1.4 197.3653676974591 1.688874996856352 
-1.4 197.3653676974591 1.6940507119872923 
-1.4 197.3653676974591 1.6776912781664204 
-1.4 197.3653676974591 39.01743399644158 
-1.4 197.3653676974591 1.6893732630057672 
-1.4 197.3653676974591 39.01762622364053 
-1.4 197.3653676974591 1.6794612892543823 
-1.4 197.3653676974591 1.7663322175635923 
-1.4 197.3653676974591 1.6969962527341405 
-1.4 197.3653676974591 1.693159880803367 
-1.4 197.3653676974591 1.7467423838134049 
-1.4 197.3653676974591 39.016638514106276 
-1.4 197.3653676974591 1.6854762539039339 
-1.4 197.3653676974591 1.6702688619000636 
-1.4 197.3653676974591 39.01477548658369 
-1.4 197.3653676974591 1.6340974431135495 
-1.4 197.3653676974591 1.6444268465056764 
-1.4 197.3653676974591 1.6754610036931152 
-1.4 197.3653676974591 1.6892919718538615 
3.2 111.32787245463146 78.85081813382196 
3.2 111.32787658020474 205.08133152731142 
3.2 111.96407082296155 66.91518503137313 
3.2 111.32785693756594 39.40805030266716 
-0.8 -0.031593779772698394 1.8706206233305274 
-0.8 -0.030368221943567697 39.02865247786289 
-0.8 -0.04755177280116518 1.6808777409538378 
-0.8 -0.04755177280116518 39.01481030519004 
1.2 110.55239644349423 287.6000365670268 
1.2 110.55112699249027 80.75819686284133 
1.2 110.55112699249027 269.5833877209316 
1.2 110.55239644349423 39.02346845614847 
1.2 110.55112699249027 39.02074069557204 
1.2 110.55112699249027 39.06390410149134 
1.2 110.55239644349423 39.02514635037493 
-1.5 197.3653676974591 67.9669550522752 
-1.5 197.3653676974591 49.823861877454654 
-1.5 197.3653676974591 39.049225064773445 
-1.5 197.3653676974591 127.37445718503427 
-1.5 197.3653676974591 58.78937655980836 
-1.5 197.3653676974591 39.20311781138807 
-1.5 197.3653676974591 39.02625014461197 
-1.5 197.3653676974591 39.029683285904504 
-1.5 197.3653676974591 39.02061759595038 
-1.5 197.3653676974591 39.50716262123213 
-1.5 197.3653676974591 39.05558125797004 
-1.5 197.3653676974591 11.3612542854986 
-1.5 197.3653676974591 39.02620605069797 
-1.5 197.3653676974591 39.02622897961517 
-1.5 197.3653676974591 39.05625205368303 
-1.5 197.3653676974591 39.42693933586255 
-1.5 197.3653676974591 39.03587112334558 
-1.5 197.3653676974591 39.02478520795645 
-1.5 197.3653676974591 39.092259527574505 
-1.5 197.3653676974591 11.365885990267028 
-1.5 197.3653676974591 39.02709045798095 
-1.5 197.3653676974591 39.01458655884538 
-1.5 197.3653676974591 39.23630901288151 
-1.5 197.3653676974591 39.0159727807146 
-1.5 197.3653676974591 39.05204442086614 
-1.5 197.3653676974591 39.019309857610516 
-1.5 197.3653676974591 11.365920243320884 
-1.5 197.3653676974591 39.015973102355915 
-1.5 197.3653676974591 39.02297938698423 
-1.5 197.3653676974591 39.01601999357493 
-1.5 197.3653676974591 11.181169458540023 
-1.5 197.3653676974591 39.01354524765639 
-1.5 197.3653676974591 39.022552265778664 
-1.5 197.3653676974591 11.361237311452932 
-1.5 197.3653676974591 11.361139554153922 
-1.5 197.3653676974591 39.02744768017655 
-1.5 197.3653676974591 11.180801604507266 
-1.5 197.3653676974591 2.3477897732589343 
-1.5 197.3653676974591 39.02167654460739 
-1.5 197.3653676974591 11.180692995186156 
-1.5 197.3653676974591 11.180629664866437 
-1.5 197.3653676974591 39.07443847633883 
-1.5 197.3653676974591 11.365928640341203 
-1.5 197.3653676974591 11.164634954731468 
-1.5 197.3653676974591 39.022840943385226 
-1.5 197.3653676974591 11.1597306930709 
-1.5 197.3653676974591 2.3475284476873046 
-1.5 197.3653676974591 39.021357600142906 
-1.5 197.3653676974591 1.8428429091359912 
-1.5 197.3653676974591 11.181208768681664 
-1.5 197.3653676974591 2.355321558882915 
-1.5 197.3653676974591 1.8855461868856953 
-1.5 197.3653676974591 39.01546645350274 
-1.5 197.3653676974591 2.356128808459778 
-1.5 197.3653676974591 1.8640467229373032 
-1.5 197.3653676974591 39.05243027736036 
-1.5 197.3653676974591 1.8858476277728162 
-1.5 197.3653676974591 39.01821609170934 
-1.5 197.3653676974591 1.877524078223242 
-1.5 197.3653676974591 2.355785309908919 
-1.5 197.3653676974591 1.8735791651687916 
-1.5 197.3653676974591 1.8648955945913894 
-1.5 197.3653676974591 1.885751001747952 
-1.5 197.3653676974591 39.025648175518924 
-1.5 197.3653676974591 39.02587457166511 
-1.5 197.3653676974591 1.8477208477948983 
-1.5 197.3653676974591 1.8519899124126462 
-1.5 197.3653676974591 1.8770915616890036 
-1.5 197.3653676974591 1.8859123419095114 
-1.5 197.3653676974591 39.015734241871854 
-1.5 197.3653676974591 1.9365178474796558 
-1.5 197.3653676974591 1.8714581058586113 
-1.5 197.3653676974591 39.02415650402934 
-1.5 197.3653676974591 1.8381607494172467 
-1.5 197.3653676974591 1.867629387908101 
-1.5 197.3653676974591 1.8377730655273765 
-1.5 197.3653676974591 1.6983363477656395 
-1.5 197.3653676974591 1.7148767248591161 
-1.5 197.3653676974591 1.8254301034474023 
-1.5 197.3653676974591 39.01496341123422 
-1.5 197.3653676974591 1.732175824234376 
-1.5 197.3653676974591 11.159051176581816 
-1.5 197.3653676974591 1.848991159494154 
-1.5 197.3653676974591 1.9016460797409804 
-1.5 197.3653676974591 1.7199816822105776 
-1.5 197.3653676974591 1.8376989563390043 
-1.5 197.3653676974591 1.7200561554060854 
-1.5 197.3653676974591 39.01720008175025 
-1.5 197.3653676974591 1.7151805782143867 
-1.5 197.3653676974591 1.8400439090415979 
-1.5 197.3653676974591 39.02763916969982 
-1.5 197.3653676974591 1.8871719823092632 
-1.5 197.3653676974591 1.6953304732323815 
-1.5 197.3653676974591 1.688778647802557 
-1.5 197.3653676974591 39.014443526642026 
-1.5 197.3653676974591 1.7227090043466553 
-1.5 197.3653676974591 1.6925165292292668 
-1.5 197.3653676974591 1.6815148319955013 
-1.5 197.3653676974591 1.7155010506828252 
-1.5 197.3653676974591 1.6958517982319816 
-1.5 197.3653676974591 1.7147261554273507 
-1.5 197.3653676974591 1.7949017174690953 
-1.5 197.3653676974591 1.6984897502149332 
-1.5 197.3653676974591 39.017555809197894 
-1.5 197.3653676974591 1.6782223469060975 
-1.5 197.3653676974591 39.017277338450974 
-1.5 197.3653676974591 1.6907363712090764 
-1.5 197.3653676974591 1.6705502508246244 
-1.5 197.3653676974591 1.7042624826203254 
-1.5 197.3653676974591 1.6958662129634527 
-1.5 197.3653676974591 1.7072900435788254 
-1.5 197.3653676974591 1.7811364092239554 
-1.5 197.3653676974591 1.6809803736495805 
-1.5 197.3653676974591 1.696157453497446 
-1.5 197.3653676974591 1.6939087767086158 
-1.5 197.3653676974591 1.6984701116684366 
-1.5 197.3653676974591 1.6765703285178564 
-1.5 197.3653676974591 1.677076981038465 
-1.5 197.3653676974591 1.6782721850856974 
-1.5 197.3653676974591 1.690933002801846 
-1.5 197.3653676974591 1.6746587301087148 
-1.5 197.3653676974591 1.663051859875754 
-1.5 197.3653676974591 1.674590117252196 
-1.5 197.3653676974591 1.6485776714180076 
-1.5 197.3653676974591 1.643501219892097 
-1.5 197.3653676974591 1.6836871769889212 
-1.5 197.3653676974591 1.657757178576385 
-1.5 197.3653676974591 1.6893139836476803 
-1.5 197.3653676974591 1.6830959923903108 
-1.5 197.3653676974591 1.6634964371341359 
-0.2 -0.02086822373802466 2.9128842689810908 
-0.2 -0.02086822373802466 355.1339459036591 
-0.2 -0.02086822373802466 39.051039378048266 
-0.2 -0.02086822373802466 2.9523186322824846 
-0.2 -0.02086822373802466 39.05414382803417 
-0.2 -0.02086822373802466 39.08914823193659 
-0.2 -0.02086822373802466 39.26915089314587 
-0.2 -0.02086822373802466 2.3151183110294604 
-0.2 -0.02086822373802466 39.02669265450752 
-0.2 -0.02086822373802466 39.0921172716085 
-0.2 -0.02086822373802466 39.021027168573916 
-0.2 -0.02086822373802466 39.0895877589658 
-0.2 -0.02086822373802466 2.9139550973157364 
-0.2 -0.02086822373802466 39.08911325464315 
-0.2 -0.02086822373802466 39.16626415763764 
-0.2 -0.02086822373802466 39.021922839060906 
-0.2 -0.02086822373802466 39.05977504093711 
-0.2 -0.02086822373802466 39.02088654143659 
-0.2 -0.02086822373802466 39.02202758693918 
-0.2 -0.02086822373802466 39.02370604683512 
-0.2 -0.02086822373802466 39.059661204849206 
-0.2 -0.02086822373802466 2.9523186262279846 
-0.2 -0.02086822373802466 2.912886291500528 
-0.2 -0.02086822373802466 39.0304512689269 
-0.2 -0.02086822373802466 39.02283364637232 
-0.2 -0.02086822373802466 2.3398096747416512 
-0.2 -0.02086822373802466 11.29826732423709 
-0.2 -0.02086822373802466 2.314956244721971 
-0.2 -0.02086822373802466 2.93761557145573 
-0.2 -0.02086822373802466 39.04237684580945 
-0.2 -0.02086822373802466 39.056348558058716 
-0.2 -0.02086822373802466 2.48063468643919 
-0.2 -0.02086822373802466 2.3342565508662436 
-0.2 -0.02086822373802466 39.05913387704678 
-0.2 -0.02086822373802466 2.354481162767113 
-0.2 -0.02086822373802466 11.303565495443019 
-0.2 -0.02086822373802466 39.05498101892262 
-0.2 -0.02086822373802466 2.345788865615439 
-0.2 -0.02086822373802466 39.05941406561053 
-0.2 -0.02086822373802466 2.3435272588603366 
-0.2 -0.02086822373802466 2.34055935654733 
-0.2 -0.02086822373802466 39.231874031399265 
-0.2 -0.02086822373802466 39.04906268181391 
-0.2 0.1655458953475213 39.02250574473679 
-0.2 -0.02086822373802466 2.314342948037096 
-0.2 -0.02086822373802466 2.3407233788506976 
-0.2 -0.02086822373802466 39.049143872162055 
-0.2 -0.02086822373802466 39.05071145518543 
-0.2 -0.02086822373802466 1.868722760401578 
-0.2 -0.02086822373802466 2.314193628974122 
-0.2 -0.02086822373802466 1.8695405194903754 
-0.2 -0.009470272480144981 1.8937430867012874 
-0.2 -0.02086822373802466 2.3071643968583753 
-0.2 -0.02086822373802466 1.8592748837378696 
-0.2 -0.02086822373802466 39.02501923060209 
-0.2 0.005968143585226127 1.8706062513187063 
-0.2 -0.014142142047986805 1.8714932811615324 
-0.2 -0.02086822373802466 1.859141291965574 
-0.2 -0.02086822373802466 39.0254658602612 
-0.2 -0.02086822373802466 1.8493152770486316 
-0.2 -0.02086822373802466 1.8563597182967122 
-0.1 -0.011097862832632366 153.1663505628346 
-0.1 -0.011097862832632366 274.3539170136752 
-0.1 -0.011097862832632366 355.1362411612972 
-0.1 -0.011097862832632366 39.060711956506736 
-0.1 -0.008082200317661492 39.02422977386073 
-0.1 -0.011097862832632366 39.04966826770168 
-0.1 -0.011097862832632366 58.79181011019275 
-0.1 0.002472185945479488 39.24538910191297 
-0.1 -0.011097862832632366 39.01743944829228 
-0.6 -0.03265840275090426 58.7887546957154 
-0.6 -0.02007881876104589 1.8925661118128223 
-0.6 -0.02007881876104589 39.026206380418955 
-0.6 -0.03265840275090426 8.543723438230446 
-0.6 -0.03265840275090426 39.02735248176162 
-0.6 -0.03265840275090426 1.8876648427048643 
-0.6 -0.03265840275090426 1.8994054712899837 
-0.6 -0.03265840275090426 1.6368162556036079 
3.7 111.87550616054213 143.1786729643077 
3.7 111.87550616054213 72.97989498270697 
3.7 110.92520068221653 71.57287312557197 
3.7 111.87550616054213 41.549910148783425 
3.7 110.92522557230984 39.0225293391389 
3.7 111.87550616054213 39.651179703942184 
2.0 109.72587250547225 78.44042551625833 
2.0 109.72587250547225 78.44055006519207 
0.2 0.10384582619205585 335.99593560959016 
-0.3 -0.03342982089409707 318.5916809381782 
-0.3 -0.03342982089409707 237.1049612184868 
-0.3 -0.03342982089409707 318.58697086848895 
-0.3 -0.03342982089409707 318.59167314523586 
-0.3 -0.03342982089409707 39.66852916922542 
-0.3 -0.03342982089409707 39.023033521949046 
-0.3 -0.03342982089409707 11.141168495803695 
-0.3 -0.023551665017447654 39.02459093349285 
1.9 109.7265897740725 294.3987507179361 
1.9 109.72669740079218 39.02865232806838 
1.9 109.72669740079218 39.02309381802354 
1.9 109.72669740079218 39.0221348223562 
1.9 109.71505187163436 39.023369024352725 
0.0 0.0 2.3604059395608137 
1.1 110.55193140890435 178.3841775520868 
1.1 110.55389523709583 39.01948452347782 
