-1.0 1.9325535655416566 252.91637743506627 
-1.0 1.9325535655416566 252.91637746250038 
-1.0 1.9325535655416566 39.066617705723885 
-1.0 1.9325535655416566 39.61843702132068 
-1.0 1.9325535655416566 39.0666142438474 
-1.0 1.9325535655416566 18.824579013888613 
-1.0 1.9325535655416566 39.764739967013185 
-1.0 1.9325535655416566 18.8038656670975 
-1.0 1.9325535655416566 39.03766578755168 
-1.0 1.9325535655416566 18.822321008921868 
-1.0 1.9325535655416566 18.817991438494122 
-1.0 1.9325535655416566 39.02869900133637 
-1.0 1.9325535655416566 39.02439673780459 
-1.0 1.9325535655416566 10.380560564362808 
-1.0 1.9325535655416566 7.045865372298442 
-1.0 1.9325535655416566 7.021485579997092 
-1.0 1.9325535655416566 7.019642975274359 
-1.0 1.9325535655416566 7.0260543440120236 
-1.0 1.9325535655416566 39.01403561405021 
-1.0 1.9325535655416566 7.0548731050103495 
-1.0 1.9325535655416566 7.01887526381399 
-1.0 1.9325535655416566 7.017105588131404 
-1.0 1.9325535655416566 7.021485445957865 
-1.0 1.9325535655416566 7.017070946377385 
-1.0 1.9325535655416566 7.019195955543782 
-1.0 1.9325535655416566 7.018435996793741 
-1.0 1.9325535655416566 7.01710547282472 
-1.0 1.9325535655416566 7.0170475784844015 
-1.0 1.9325535655416566 7.016015973187873 
-1.0 1.9325535655416566 7.015898817689283 
-1.0 1.9325535655416566 7.017176701528723 
-1.0 1.9325535655416566 7.0189461959324335 
-1.0 1.9325535655416566 7.017160432435861 
-1.0 1.9325535655416566 7.0170596151816556 
-1.0 1.9325535655416566 7.0157941002261826 
-1.0 1.9325535655416566 7.017829360885963 
-1.0 1.9325535655416566 7.015686989394519 
-1.0 1.9325535655416566 7.040086942259866 
-1.0 1.9325535655416566 7.016110919812292 
-1.0 1.9325535655416566 7.017093593767543 
-1.0 1.9325535655416566 7.018189427751548 
-1.0 1.9325535655416566 7.015203172956538 
-1.0 1.9325535655416566 7.015900183814524 
-1.0 1.9325535655416566 7.015960207240551 
-1.0 1.9325535655416566 7.015009860925407 
-1.0 1.9325535655416566 7.015358359289117 
-1.0 1.9325535655416566 39.01309064796414 
-1.0 1.9325535655416566 39.01340331897248 
-1.0 1.9325535655416566 7.01394253788707 
-1.0 1.9325535655416566 7.014169016021243 
-1.0 1.9325535655416566 7.01381689121396 
-1.0 1.9325535655416566 7.013901932176368 
-1.0 1.9325535655416566 7.014254721685312 
-1.0 1.9325535655416566 7.054347108031815 
-1.0 1.9325535655416566 7.014025098978221 
-1.0 1.9325535655416566 7.014527517887149 
-1.0 1.9325535655416566 39.013037519468384 
-1.0 1.9325535655416566 7.014080184078411 
-1.0 1.9325535655416566 39.01310725599392 
-1.0 1.9325535655416566 7.0137170049493776 
-1.0 1.9325535655416566 7.014060946313912 
-1.0 1.9325535655416566 7.01367518590789 
-1.0 1.9325535655416566 7.013441781913711 
-1.0 1.9325535655416566 7.014422208408077 
-1.0 1.9325535655416566 7.013725521301822 
-1.0 1.9325535655416566 7.0135741868730435 
-1.0 1.9325535655416566 7.01410080386146 
-1.0 1.9325535655416566 7.013821559770412 
-1.0 1.9325535655416566 7.013677812050889 
-1.0 1.9325535655416566 7.013364295905364 
-1.0 1.9325535655416566 7.013691816857106 
-1.0 1.9325535655416566 7.013776046840579 
-1.0 1.9325535655416566 7.014529366941355 
-1.0 1.9325535655416566 7.014001024523257 
-1.0 1.9325535655416566 7.0178922322898 
-1.0 1.9325535655416566 7.0169492157669255 
-1.0 1.9325535655416566 7.013667229513926 
-1.0 1.9325535655416566 7.015649292812992 
-1.0 1.9325535655416566 39.01296831100169 
-1.0 1.9325535655416566 7.0140197231523755 
0.7 0.6973895555018892 42.95827783885821 
1.5 189.92830574737877 293.220308839445 
1.5 189.92830574737877 337.12717921690995 
1.5 189.92830574737877 39.01697365798647 
1.5 189.92830574737877 293.21499638428713 
1.5 189.92830574737877 39.028854646739155 
-0.9 1.902510304060172 30.99167364091963 
-0.9 1.902510304060172 39.02319368201806 
-0.9 1.902510304060172 24.570754983280082 
-0.9 1.902510304060172 39.031448755888825 
-0.9 1.902510304060172 7.06341587704824 
-0.9 1.902510304060172 7.059451281640658 
-0.9 1.902510304060172 7.059806942860574 
-0.9 1.902510304060172 7.016508288028141 
0.6 0.7139485641645464 278.9735844577753 
0.6 0.49990219306879347 250.46253321161615 
0.6 0.7139485641645464 208.60619102478506 
0.6 0.7139485641645464 278.8917265250239 
0.6 0.49990219306879347 250.46142659278416 
0.6 0.7139485641645464 39.029303335764546 
0.6 0.7267291042051465 39.02585757581501 
0.6 0.7139485641645464 39.070285174277394 
0.6 0.6433705369868292 10.383297690261324 
0.6 0.7338162739076513 39.02172320066984 
3.0 189.92830574737877 192.8863513055735 
-0.7 2.20906961193964 7.01539729274606 
-0.4 2.3785678245653763 103.03734435941928 
-0.4 2.3785678245653763 42.95823099170962 
-0.4 2.3785678245653763 10.381308550571417 
-0.4 2.3785678245653763 7.110274938701813 
-0.4 2.3785678245653763 18.80078653439601 
-0.4 2.3785678245653763 10.476752479369 
-0.4 2.3785678245653763 7.106723067029863 
-0.4 2.3785678245653763 39.03011088745609 
-0.4 2.3785678245653763 7.1161381027213935 
-0.4 2.3785678245653763 7.236168338359294 
-0.4 2.3785678245653763 7.015968736053744 
-0.4 2.3785678245653763 7.01589789435828 
-0.4 2.3785678245653763 7.036892439720521 
-0.4 2.3785678245653763 7.015755995372475 
-0.4 2.3785678245653763 7.018215685936359 
-0.4 2.3785678245653763 7.017537193895475 
-0.4 2.3785678245653763 7.01570563797258 
-0.4 2.3785678245653763 7.018340739420429 
-0.4 2.3785678245653763 7.018161632533514 
-0.4 2.3785678245653763 7.016099258484971 
-0.4 2.3785678245653763 7.0190159689995335 
-0.4 2.3785678245653763 7.016866959633359 
-0.4 2.3785678245653763 39.01322531738559 
-0.4 2.3785678245653763 7.01691075325928 
-0.4 2.3832982518286396 7.021428160261901 
-0.4 2.3785678245653763 7.015925204731205 
-0.4 2.3811903794759317 7.0164091230867545 
-0.4 2.3785678245653763 7.015498627070387 
-0.4 2.3785678245653763 7.014319127276419 
-0.4 2.3785678245653763 39.013110817415246 
2.2 189.92830574737877 251.8964697505491 
0.3 0.40690956478590756 287.3928832368438 
0.3 0.40690956478590756 7.0743717932589165 
0.3 0.40690956478590756 7.014549368266288 
0.3 0.40690956478590756 7.01676076714395 
0.3 0.40690956478590756 7.014939494032329 
0.3 0.40690956478590756 7.014178614958439 
0.3 0.40690956478590756 7.015559590939767 
0.3 0.40690956478590756 7.016299448824962 
0.3 0.40690956478590756 7.016087333211996 
0.3 0.40690956478590756 7.014296878149289 
0.3 0.40690956478590756 39.0129942428735 
2.3 189.92830574737877 357.3001220334566 
3.4 189.92830574737877 247.56941848047342 
3.4 189.92830574737877 39.02138297520535 
3.4 189.92830574737877 7.946448803114493 
3.4 189.92830574737877 39.02836369017492 
3.4 189.92830574737877 7.969160734125712 
3.4 189.92830574737877 15.737838607546347 
1.0 0.8307256783407926 134.48208036600334 
1.0 0.8307256783407926 309.9590030927366 
1.0 0.8307256783407926 39.088253575972 
1.0 0.8307256783407926 7.015887108238633 
0.9 0.6995943976652264 70.45045243747091 
0.9 0.6995943976652264 164.30180986590446 
0.9 0.6995943976652264 40.075945968391764 
-0.5 2.301951509064896 72.0680430617591 
-0.5 2.302343424772431 39.02323756076709 
-0.5 2.302343424772431 39.03454649762193 
3.1 189.92830574737877 261.2681970743715 
3.1 189.92830574737877 39.04186059551671 
3.1 189.92830574737877 39.0249720503315 
3.1 189.92830574737877 42.147566441477196 
2.6 189.92830574737877 296.3260115915916 
2.6 189.92830574737877 295.814832495051 
1.3 1.5384736700516104 40.53596811049026 
1.6 189.92830574737877 154.04578652491458 
1.6 189.92830574737877 22.527277243013177 
1.6 189.92830574737877 153.9687574810249 
1.6 189.92830574737877 22.52727012255572 
1.6 189.92830574737877 39.75319357400712 
1.6 189.92830574737877 22.527270082219154 
1.6 189.92830574737877 40.199113805498286 
1.6 189.92830574737877 7.094317667075139 
1.6 189.92830574737877 39.02730924477774 
1.6 189.92830574737877 7.0945304008759535 
1.6 189.92830574737877 20.37882348215209 
1.6 189.92830574737877 7.196848348287662 
2.4 189.92830574737877 51.10814540430672 
0.1 0.19167483711115985 25.312876786304283 
0.1 0.19167483711115985 24.611001369567212 
0.1 0.19167483711115985 39.02302312392033 
0.1 0.19167483711115985 24.6110053919472 
0.1 0.19167483711115985 25.29011601802601 
0.1 0.19167483711115985 24.61102108416283 
0.1 0.19167483711115985 24.595325363309477 
0.1 0.19167483711115985 7.057480807211203 
0.1 0.19167483711115985 7.018698146304201 
0.1 0.19167483711115985 7.0576050207804375 
0.1 0.19167483711115985 39.020519912199255 
0.1 0.19167483711115985 7.0563328031141355 
0.1 0.19167483711115985 7.054351581119749 
0.1 0.19167483711115985 7.018697496346931 
0.1 0.19167483711115985 7.019603037445877 
0.1 0.19167483711115985 7.019873830145286 
0.1 0.19167483711115985 7.056318786956096 
0.1 0.19167483711115985 7.019095299416852 
0.1 0.19167483711115985 39.014468885916756 
0.1 0.19167483711115985 39.013732500613564 
0.1 0.19167483711115985 7.020700473042701 
0.1 0.19167483711115985 7.01564079026684 
0.1 0.19167483711115985 7.019818365485378 
0.1 0.19167483711115985 7.013654606620388 
3.5 189.92830574737877 7.967270552833996 
3.5 189.92830574737877 39.029594070506505 
3.5 189.92830574737877 39.03281166256821 
3.5 189.92830574737877 39.026300945666726 
3.5 189.92830574737877 7.971565061845394 
3.5 189.92830574737877 39.020365168915404 
3.5 189.92830574737877 7.969650028942728 
3.5 189.92830574737877 7.972649124971518 
3.5 189.92830574737877 7.966715669651068 
1.7 189.92830574737877 7.391804857534308 
1.7 189.92830574737877 39.0258747670059 
2.1 189.92830574737877 357.3001220334566 
-1.1 -0.9981070448082026 24.584676177838695 
-1.1 -0.9981070448082026 24.58737320407868 
-1.1 -0.9981070448082026 18.80364588143078 
-1.1 -0.9981070448082026 42.12044446295873 
-1.1 -0.9981070448082026 18.823685035433016 
-1.1 -0.9981070448082026 39.75704256383544 
-1.1 -0.9981070448082026 18.801416555834944 
-1.1 -0.9981070448082026 39.02354177780094 
-1.1 -0.9981070448082026 24.583839775268952 
-1.1 -0.9981070448082026 42.11411054337625 
-1.1 -0.9981070448082026 39.029659741445975 
-1.1 -0.9981070448082026 39.02446099523586 
-1.1 -0.9981070448082026 18.82363507492359 
-1.1 -0.9981070448082026 42.11299081177509 
-1.1 -0.9981070448082026 18.801780979919325 
-1.1 -0.9981070448082026 39.02234297508179 
-1.1 -0.9981070448082026 42.104890864925366 
-1.1 -0.9981070448082026 39.02223578792225 
-1.1 -0.9981070448082026 39.022092775909165 
-1.1 -0.9981070448082026 24.58408064918796 
-1.1 -0.9981070448082026 18.80290386418435 
-1.1 -0.9981070448082026 18.80559079104459 
-1.1 -0.9981070448082026 18.821058639254396 
-1.1 -0.9981070448082026 18.800624221156145 
-1.1 -0.9981070448082026 39.03217918812836 
-1.1 -0.9981070448082026 18.80120421136466 
-1.1 -0.9981070448082026 18.803723832335915 
-1.1 -0.9981070448082026 18.80197716084757 
-1.1 -0.9981070448082026 39.02778032545309 
-1.1 -0.9981070448082026 18.801833664624773 
-1.1 -0.9981070448082026 18.804672203322728 
-1.1 -0.9981070448082026 18.80230892618108 
-1.1 1.2492683013849994 10.380546445441688 
-1.1 -0.9981070448082026 39.02059699472426 
-1.1 -0.9981070448082026 18.799510351685566 
-1.1 -0.9981070448082026 18.80118166300091 
-1.1 -0.9981070448082026 10.353474823208593 
-1.1 -0.9981070448082026 18.804860578967993 
-1.1 -0.9981070448082026 39.03173572035679 
-1.1 -0.9981070448082026 39.020783882677364 
-1.1 -0.9981070448082026 7.110274308999956 
-1.1 -0.9981070448082026 18.80090540473315 
-1.1 -0.9981070448082026 7.2166153895594 
-1.1 -0.9981070448082026 7.096751039945988 
-1.1 -0.9981070448082026 10.353585493498501 
-1.1 -0.9981070448082026 7.21723758855326 
-1.1 -0.9981070448082026 7.057640054607866 
-1.1 -0.9981070448082026 39.02049736282563 
-1.1 -0.9981070448082026 18.80155281883493 
-1.1 -0.9981070448082026 7.099787926493209 
-1.1 -0.9981070448082026 7.055793285138431 
-1.1 -0.9981070448082026 39.02789646075201 
-1.1 -0.9981070448082026 7.067721487517707 
-1.1 1.2492683013849994 10.380546408122324 
-1.1 -0.9981070448082026 39.02662063873189 
-1.1 -0.9981070448082026 39.02800011828382 
-1.1 -0.9981070448082026 7.2042441280964455 
-1.1 -0.9981070448082026 7.057690168733866 
-1.1 -0.9981070448082026 7.020733178889897 
-1.1 -0.9981070448082026 7.054358854205318 
-1.1 -0.9981070448082026 7.101224201840885 
-1.1 -0.9981070448082026 39.03049207483565 
-1.1 -0.9981070448082026 7.066226979668164 
-1.1 -0.9981070448082026 7.0547512215900126 
-1.1 -0.9981070448082026 39.02012038958079 
-1.1 -0.9981070448082026 7.018090835122012 
-1.1 -0.9981070448082026 7.040077442458415 
-1.1 -0.9981070448082026 7.054625230594172 
-1.1 -0.9981070448082026 7.058056327533683 
-1.1 -0.9981070448082026 7.019476916914829 
-1.1 -0.9981070448082026 7.05859819219643 
-1.1 -0.9981070448082026 7.05573748421594 
-1.1 -0.9981070448082026 7.054555260392506 
-1.1 -0.9981070448082026 7.037962931289524 
-1.1 -0.9981070448082026 7.041435670853971 
-1.1 -0.9981070448082026 7.053876145365306 
-1.1 -0.9981070448082026 7.018060916750512 
-1.1 -0.9981070448082026 7.027200426936679 
-1.1 -0.9981070448082026 7.054709675241595 
-1.1 -0.9981070448082026 39.01805107812457 
-1.1 -0.9981070448082026 7.055683652441833 
-1.1 -0.9981070448082026 7.021275914859265 
-1.1 -0.9981070448082026 39.01457619576935 
-1.1 -0.9981070448082026 7.01869836073671 
-1.1 -0.9981070448082026 7.018060709951577 
-1.1 -0.9981070448082026 7.017893565807789 
-1.1 -0.9981070448082026 7.019480944211791 
-1.1 -0.9981070448082026 7.017995596515814 
-1.1 -0.9981070448082026 7.0379847946827 
-1.1 -0.9981070448082026 7.015020322986749 
-1.1 -0.9981070448082026 7.017675218917983 
-1.1 -0.9981070448082026 7.01800887116995 
-1.1 -0.9981070448082026 7.01853225324455 
-1.1 -0.9981070448082026 7.018688209648223 
-1.1 -0.9981070448082026 7.019378369944447 
-1.1 -0.9981070448082026 39.01392893587009 
-1.1 -0.9981070448082026 7.016043206199995 
-1.1 -0.9981070448082026 7.018063280677107 
-1.1 -0.9981070448082026 7.015893463050095 
-1.1 -0.9981070448082026 7.014992180518388 
-1.1 -0.9981070448082026 39.01373991132642 
-1.1 -0.9981070448082026 7.015170632499488 
-1.1 -0.9981070448082026 7.016479903304352 
-1.1 -0.9981070448082026 7.019246385661615 
-1.1 -0.9981070448082026 7.017303485069056 
-1.1 -0.9981070448082026 7.017945045257667 
-1.1 -0.9981070448082026 7.017295327110928 
-1.1 -0.9981070448082026 7.015341125606383 
-1.1 -0.9981070448082026 7.016002437818628 
-1.1 -0.9981070448082026 7.015840083648964 
-1.1 -0.9981070448082026 7.014646369798091 
-1.1 -0.9981070448082026 7.018568007882195 
-1.1 -0.9981070448082026 7.0165797201930555 
-1.1 -0.9981070448082026 7.017866218031759 
-1.1 -0.9981070448082026 7.015765960000225 
-1.1 -0.9981070448082026 39.01351217313853 
-1.1 -0.9981070448082026 7.014062186813176 
-1.1 -0.9981070448082026 7.015995551002237 
-1.1 -0.9981070448082026 7.016444106382817 
-1.1 -0.9981070448082026 7.015028762099455 
-1.1 -0.9981070448082026 7.014598234517787 
-1.1 -0.9981070448082026 7.014387706748086 
-1.1 -0.9981070448082026 39.013474678640776 
-1.1 -0.9981070448082026 7.016117176226899 
-1.1 -0.9981070448082026 7.014867923611854 
-1.1 -0.9981070448082026 7.017503508671661 
-1.1 -0.9981070448082026 7.015222757868617 
-1.1 -0.9981070448082026 39.01337903911586 
-1.1 -0.9981070448082026 7.0144409624151205 
-1.1 -0.9981070448082026 7.015138838474771 
-1.1 -0.9981070448082026 7.014060850008565 
-1.1 -0.9981070448082026 7.014626504289632 
-1.1 -0.9981070448082026 7.015544968120165 
-1.1 -0.9981070448082026 7.014345993718236 
-1.1 -0.9981070448082026 7.014106124372143 
-1.1 -0.9981070448082026 7.015161101429034 
-1.1 -0.9981070448082026 7.015715727393437 
-1.1 -0.9981070448082026 7.014904074841289 
-1.1 -0.9981070448082026 7.01391770641492 
-1.1 -0.9981070448082026 7.015772685705046 
-1.1 -0.9981070448082026 7.013498440241232 
-1.1 -0.9981070448082026 7.014508564235233 
-1.1 -0.9981070448082026 7.015685615041215 
-1.1 -0.9981070448082026 39.01313847029791 
-1.1 -0.9981070448082026 7.014003699632558 
-1.1 -0.9981070448082026 7.013683563634317 
-1.1 -0.9981070448082026 7.01420646759938 
-1.1 -0.9981070448082026 7.026789038970124 
-1.1 -0.9981070448082026 7.0138148764543375 
-1.1 -0.9981070448082026 7.016217840814785 
-1.1 -0.9981070448082026 39.01304296977946 
-1.1 -0.9981070448082026 7.013541567773327 
-1.1 -0.9981070448082026 7.014181922150591 
-1.1 -0.9981070448082026 7.013755477876434 
-1.1 -0.9981070448082026 7.013887286171325 
-1.1 -0.9981070448082026 7.013497797744862 
-1.1 -0.9981070448082026 7.014229535568764 
-1.1 -0.9981070448082026 7.014486238213033 
-1.1 -0.9981070448082026 7.013572182353623 
-1.1 -0.9981070448082026 7.013533693246686 
-1.1 -0.9981070448082026 7.0163931920887705 
-1.1 -0.9981070448082026 7.013919135545193 
-1.1 -0.9981070448082026 7.013813437374613 
-1.1 -0.9981070448082026 7.014103523641773 
-1.1 -0.9981070448082026 7.013900966067045 
-1.1 -0.9981070448082026 7.01391305805688 
-1.1 -0.9981070448082026 7.013529819440946 
-1.1 -0.9981070448082026 39.01302937047745 
-1.1 -0.9981070448082026 7.013899128801215 
-1.1 -0.9981070448082026 7.013817285993992 
-1.1 -0.9981070448082026 7.013475625724743 
-1.1 -0.9981070448082026 7.013495694739709 
-1.1 -0.9981070448082026 7.013887835748088 
-1.1 -0.9981070448082026 7.013581520358991 
-1.1 -0.9981070448082026 39.01298621354236 
-1.1 -0.9981070448082026 7.013792497492823 
-1.1 -0.9981070448082026 7.013442746284507 
-1.1 -0.9981070448082026 7.0137964357262925 
-1.1 -0.9981070448082026 7.015147030152433 
-1.1 -0.9981070448082026 39.01296248221269 
-1.1 -0.9981070448082026 39.013031857186206 
-1.1 -0.9981070448082026 7.013907363840263 
0.8 0.7131649422467738 275.11093180417646 
0.8 0.7131649422467738 255.94132165133732 
2.5 189.92830574737877 27.368255775268608 
3.3 189.92830574737877 297.4520673149576 
3.3 189.92830574737877 173.5938921623315 
3.3 189.92830574737877 40.917971511184575 
0.5 0.5470376362154621 29.879021887015618 
0.5 0.5113381321927299 34.427141437870596 
0.5 2.8837019384497733 28.04591620466121 
0.5 0.5113381321927299 138.03730923596336 
0.5 2.8402793845537335 10.44651504120275 
0.5 0.5470376362154621 39.015190515908564 
0.5 0.5470376362154621 28.455736747940577 
0.5 0.5113381321927299 34.4251964860913 
0.5 0.5470376362154603 137.9567370695495 
0.5 2.8837019384497733 28.04591615794135 
0.5 2.8402793845537335 10.381261828601343 
0.5 2.8402793845537335 10.44701177645431 
0.5 0.5470376362154603 39.024488121299896 
0.5 0.5470376362154603 39.02831766570193 
0.5 2.8648221247357526 288.3687773459269 
0.5 0.5470376362154603 85.014544480303 
0.5 2.8402793845537335 10.38140674841302 
0.5 0.5470376362154603 7.189303651132691 
0.5 2.854871715190395 42.10674522787443 
0.5 0.5470376362154621 27.38284971574316 
0.5 0.5470376362154621 40.202552813611824 
0.5 0.5470376362154621 39.77023981824352 
0.5 2.8402793845537335 170.755268852752 
0.5 0.5113381321927299 34.36793339214721 
0.5 2.8402793845537335 39.749532661724125 
0.5 0.4578076610123283 10.358122208178509 
0.5 0.5113381321927299 34.37064929385004 
0.5 0.5641755309785506 39.020641779104324 
0.5 0.5470376362154603 7.100379327890785 
0.5 0.4578076610123283 10.383503957538922 
0.5 0.5470376362154603 7.1696838983136155 
0.5 2.8402793845537335 39.75641824208483 
0.5 2.8402793845537335 10.382006298541931 
0.5 0.5470376362154603 39.043760313580464 
0.5 2.8402793845537335 39.75666588267323 
0.5 0.5470376362154621 31.15439079116521 
0.5 0.5470376362154603 7.180594628917473 
0.5 0.5470376362154603 7.0743717932589165 
0.5 0.5470376362154603 7.1696877793134055 
0.5 0.5470376362154603 7.189304337545195 
0.5 0.5470376362154603 7.189303618582698 
0.5 2.8402793845537335 10.377655620232495 
0.5 2.854871715190395 10.38315132830873 
0.5 0.5470376362154603 7.094306669220022 
0.5 0.5470376362154603 7.111344412758461 
0.5 0.4578076610123194 10.356915583692077 
0.5 0.5470376362154603 7.100975326694906 
0.5 0.5470376362154603 7.095852803008047 
0.5 0.5470376362154621 39.0250857354974 
0.5 0.5470376362154603 7.207111425960887 
0.5 0.5470376362154603 7.058673605312625 
0.5 0.5470376362154603 7.073807166790528 
0.5 0.5470376362154603 7.1016376461919055 
0.5 0.5470376362154603 7.110974754453495 
0.5 0.5470376362154603 7.074690150876011 
0.5 0.5470376362154603 7.088697974565194 
0.5 0.5470376362154603 7.10788061642675 
0.5 0.5470376362154603 39.75758009926775 
0.5 0.5470376362154603 39.037802948068446 
0.5 0.5470376362154603 7.168224725341379 
0.5 0.5470376362154603 39.06917752036351 
0.5 0.5470376362154603 7.191862197487392 
0.5 0.5470376362154603 7.079441945198973 
0.5 0.4578076610123283 10.357877807377875 
0.5 0.5470376362154603 7.115752219992759 
0.5 0.5470376362154603 39.02425155161111 
0.5 0.4578076610123194 39.75030366455493 
0.5 0.5470376362154603 7.115668239439094 
0.5 0.4817560623609456 7.0746007568285725 
0.5 0.5470376362154603 7.0571516623504404 
0.5 0.5470376362154603 39.02052653694591 
0.5 0.5470376362154603 7.056280096648278 
0.5 0.5470376362154603 7.075363198865577 
0.5 0.5470376362154603 7.073042680511221 
0.5 0.5470376362154603 7.073880538107057 
0.5 0.4817560623609456 7.0745820005206115 
0.5 0.5470376362154603 7.080924325988058 
0.5 2.854871715190395 10.357891576506983 
0.5 0.5470376362154603 7.093433366427708 
0.5 0.5470376362154603 7.053010383820509 
0.5 0.5470376362154603 7.094093436707877 
0.5 0.5470376362154603 7.05942537066575 
3.2 189.92830574737877 306.39182207043217 
3.2 189.92830574737877 354.1742792658803 
3.2 189.92830574737877 306.14476579603564 
3.2 189.92830574737877 354.17429609663964 
-0.8 2.0483842715151273 42.10506121402501 
-0.8 2.0483842715151273 39.023193679880514 
-0.8 2.0483842715151273 39.021406685953764 
-0.8 2.0483842715151273 7.0864249897574965 
-0.8 2.0483842715151273 7.086396237473788 
-0.8 2.0483842715151273 7.120972871885553 
-0.8 2.0483842715151273 7.089844568323711 
-0.8 2.0483842715151273 7.081597602878556 
-0.8 2.0483842715151273 7.048549440877428 
-0.8 2.0483842715151273 7.041152579951324 
-0.8 2.0483842715151273 7.076784826188103 
-0.8 2.0483842715151273 7.0878859035404185 
-0.8 2.0483842715151273 7.041832765183818 
-0.8 2.0483842715151273 7.042035527656017 
-0.8 2.0483842715151273 7.020865236193677 
-0.8 2.0483842715151273 7.019165270250194 
-0.8 2.0483842715151273 7.015658044392014 
-0.8 2.0483842715151273 7.016300222260642 
-0.8 2.0483842715151273 7.015604364680785 
-0.8 2.0483842715151273 7.016182617050429 
1.2 1.6304303879988389 206.76049009273962 
0.4 0.44355258356953975 259.5423311877734 
0.4 0.5744431447619913 39.028982563225185 
0.4 0.44355258356953975 39.757309131384304 
0.4 0.5744431447619913 7.040142975156637 
0.4 0.5744431447619913 7.055418553781149 
0.4 0.5744431447619913 7.015803537050984 
-0.2 1.2494181861729192 39.02678878719419 
-0.2 1.2494181861729192 39.02676909831684 
-0.2 0.14458584318323275 39.027906068668976 
-0.2 1.2494181861729192 39.13140046745894 
-0.2 2.432955164220701 42.104599042753726 
-0.2 1.2494181861729192 39.023034815623134 
-0.2 1.2494181861729192 10.47657661067729 
-0.2 2.350151292221275 7.061356898589594 
-0.2 1.2494181861729192 39.78097069740391 
-0.2 0.1430473413773825 7.092699219612772 
-0.2 2.350151292221275 7.063844386216646 
-0.2 1.2494181861729192 7.0974433663179815 
-0.2 2.240411762204479 7.051665714169789 
-0.2 2.350151292221275 7.057386234675301 
-0.2 1.2494181861729192 7.0903255675436725 
-0.2 1.2494181861729192 39.01896502629996 
-0.2 2.240411762204479 7.0498880705997635 
-0.2 1.2494181861729192 7.018250513212763 
-0.2 0.14458584318323275 7.0142648850789655 
-0.2 0.14532666720960563 7.014092887162819 
-0.2 0.14532666720960563 39.0134565157837 
-0.2 0.14458584318323275 7.014317009458347 
-0.2 0.14458584318323275 7.014280008475609 
-0.2 0.14458584318323275 7.014039420325658 
-0.2 2.240411762204479 7.014214346719991 
-0.2 0.14458584318323275 7.014436770773037 
-0.2 0.14458584318323275 7.0140272265509935 
-0.2 0.14458584318323275 7.013983982258539 
-0.2 2.350151292221282 7.0137765571922435 
-0.2 1.193942622778028 7.015080814191981 
-0.2 0.14532666720960563 7.013868415554595 
-0.2 2.240411762204479 7.018007969395935 
-0.2 0.14532666720960563 7.013837338380477 
-0.2 1.2494181861729192 39.013021305583784 
-0.2 0.14458584318323275 7.014316165999685 
-0.2 0.17964514764407902 7.014188070180624 
-0.2 0.14458584318323275 7.013980987178748 
-0.2 1.2494181861729192 7.014575503941246 
-0.2 0.14458584318323275 7.01530437291338 
-0.2 1.1482759092349983 39.01296688545502 
-0.2 0.14458584318323275 7.0136848167334005 
-0.1 -0.06704529772737722 170.75707983220403 
-0.1 -0.06704529772737722 85.02509059748994 
-0.1 2.3072490386598226 39.02015491218266 
-0.1 2.3072490386598226 39.02977689387278 
-0.1 -0.0031095425494491735 7.057515444077438 
-0.1 -0.06704529772737722 10.476265398417762 
-0.1 -0.06704529772737722 85.02510354103016 
-0.1 -0.06704529772737722 39.78155998380356 
-0.1 2.3072490386598226 39.020161350030676 
-0.1 2.307249038659833 24.608607239988366 
-0.1 -0.0031095425494491735 39.02191486410365 
-0.1 -0.06704529772737722 10.477249192557164 
-0.1 2.3072490386598226 24.595154663323473 
-0.1 -0.06704529772737722 10.475594990867544 
-0.1 2.3072490386598226 7.1396969561318615 
-0.1 2.307249038659835 7.061631527888295 
-0.1 -0.0031095425494491735 39.02274695424869 
-0.1 2.3072490386598226 39.04601610978325 
-0.1 -0.0031095425494491735 7.0601404971094555 
-0.1 -0.06704529772737722 10.41161827322101 
-0.1 -0.06704529772737722 10.479128593839196 
-0.1 -0.0031095425494491735 7.057512762756277 
-0.1 -0.06704529772737722 10.411628109413643 
-0.1 2.3072490386598226 7.133149753848522 
-0.1 -0.06704529772737722 10.370220025399528 
-0.1 2.2870173979825985 7.019071698459092 
-0.1 2.3072490386598226 7.138813673217208 
-0.1 -0.0031095425494491735 7.057948845802941 
-0.1 2.3072490386598226 7.12964914856455 
-0.1 -0.003109542549445621 7.057082931041877 
-0.1 2.307249038659835 7.021344593971616 
-0.1 2.3072490386598226 7.147118753268529 
-0.1 2.3072490386598226 7.181363304867703 
-0.1 2.3072490386598226 7.130930468209144 
-0.1 -0.06704529772737722 10.47630987817006 
-0.1 2.3072490386598226 39.02838845291827 
-0.1 -0.06704529772737722 7.228290565589817 
-0.1 2.307249038659835 7.071447861455264 
-0.1 -0.0031095425494491735 7.058870385860607 
-0.1 -0.06704529772737722 7.092856679693697 
-0.1 -0.0031095425494491735 7.057358404435574 
-0.1 -0.06704529772737722 7.091392436462577 
-0.1 -0.0031095425494491735 7.056799172395979 
-0.1 2.307249038659833 39.02240321524922 
-0.1 2.2870173979825985 7.182787523327215 
-0.1 2.3072490386598226 7.040148951707452 
-0.1 2.307249038659833 7.041452000454865 
-0.1 -0.06704529772737722 7.090310837696123 
-0.1 2.2870173979825985 7.01918792572652 
-0.1 0.3782518232962424 7.097660197167389 
-0.1 2.307249038659833 7.0414519095732775 
-0.1 -0.06704529772737722 7.0524801860576405 
-0.1 -0.0031095425494491735 7.057588665728391 
-0.1 -0.06704529772737722 7.057409073253927 
-0.1 2.3072490386598226 7.046510017030191 
-0.1 2.3072490386598226 39.03465522668283 
-0.1 -0.0031095425494491735 7.0612359173525165 
-0.1 2.3072490386598226 7.041725516663011 
-0.1 2.2803291202084015 7.086510339160411 
-0.1 0.3782518232962424 7.055259002318629 
-0.1 -0.06704529772737722 7.019788233853965 
-0.1 -0.06704529772737722 7.079764676849846 
-0.1 -0.0031095425494491735 7.058691211275168 
-0.1 -0.0031095425494491735 7.0555752469047635 
-0.1 2.307249038659835 7.022121543964265 
-0.1 -0.06704529772737722 39.02042658286177 
-0.1 -0.06704529772737722 7.052759741416027 
-0.1 -0.0031095425494491735 7.057826930225272 
-0.1 2.307249038659835 7.021530215500336 
-0.1 -0.06704529772737722 39.014039526172105 
-0.1 2.307249038659833 7.018515928922262 
-0.1 -0.0031095425494491735 7.058506892550509 
-0.1 -0.06704529772737722 39.01396003757269 
-0.1 0.3782518232962424 7.05389398079299 
-0.1 -0.06704529772738432 7.054405859766193 
-0.1 2.2870173979825985 7.019097161264274 
-0.1 2.2870173979825985 7.055027622809726 
-0.1 -0.0031095425494491735 7.05545759406714 
-0.1 -0.0031095425494491735 39.02103908978076 
-0.1 -0.06704529772737722 7.097492924847634 
-0.1 -0.003109542549447397 7.038621135592908 
-0.1 -0.0031095425494491735 7.058204331956123 
-0.1 -0.0031095425494491735 39.013988828376206 
-0.1 -0.06704529772737722 7.02182078888745 
-0.1 -0.06704529772737722 7.017418630907159 
-0.1 2.2803291202084015 39.01764116087109 
-0.1 2.3072490386598226 7.018197709187711 
-0.1 -0.06704529772737722 7.020214152240943 
-0.1 -0.06704529772737722 7.053552867212743 
-0.1 2.307249038659835 39.01468469769341 
-0.1 2.307249038659833 7.017531438370141 
-0.1 -0.003109542549447397 7.038726895627478 
-0.1 2.2870173979825985 7.019872600776909 
-0.1 2.3072490386598226 7.036678854038785 
-0.1 -0.0031095425494491735 7.017789488613976 
-0.1 -0.06704529772737722 7.05317850877016 
-0.1 -0.06704529772738432 7.017446156399701 
-0.1 2.2870173979825985 39.01397269300009 
-0.1 2.3072490386598226 7.018467354776059 
-0.1 -0.06704529772737722 7.018654431941047 
-0.1 -0.0031095425494491735 7.018357080263602 
-0.1 -0.06704529772737722 7.01744208191964 
-0.1 -0.06704529772737722 7.02020164442945 
-0.1 2.275542286831044 7.019675543930697 
-0.1 2.2870173979825985 7.019238434772396 
-0.1 -0.06704529772737722 7.019179554745361 
-0.1 -0.06704529772737722 7.0176008630422135 
-0.1 2.3072490386598226 7.020222473652274 
-0.1 -0.06704529772737722 7.0189876776211335 
-0.1 -0.0031095425494491735 7.018803167019964 
-0.1 2.2870173979825985 7.017422120000276 
-0.1 0.3782518232962424 39.013909221551785 
-0.1 2.307249038659833 7.017814931935384 
-0.1 2.307249038659833 7.018481185624686 
-0.1 0.387917575290345 7.018313823256061 
-0.1 0.3782518232962424 7.027518939559575 
-0.1 2.307249038659833 7.017731077068568 
-0.1 0.3782518232962424 7.017926163780453 
-0.1 2.268331393033561 7.01773556413528 
-0.1 -0.0031095425494491735 7.014246710615662 
-0.1 -0.06704529772737722 7.01710796196941 
-0.1 2.2870173979825985 39.01365252895418 
-0.1 -0.0031095425494491735 7.017333923007163 
-0.1 -0.06704529772737722 7.01558291515212 
-0.1 -0.06704529772737722 7.016557311733534 
-0.1 2.307249038659833 7.020893922145589 
-0.1 -0.06704529772737722 7.017971347027654 
-0.1 -0.0031095425494491735 39.01363678408591 
-0.1 -0.06704529772737722 7.020455939992778 
-0.1 -0.06704529772737722 7.0175971467517675 
-0.1 2.2870173979825985 7.01640604557985 
-0.1 -0.06704529772737722 7.017476907214666 
-0.1 -0.06704529772737722 7.017726903959175 
-0.1 -0.06704529772737722 7.026169541235196 
-0.1 -0.06704529772737722 7.01427367128579 
-0.1 -0.06704529772737722 7.014193424874764 
-0.1 -0.06704529772737722 7.018254197944596 
-0.1 -0.0031095425494491735 7.0177930945054126 
-0.1 -0.06704529772737722 7.015573177710963 
-0.1 -0.06704529772737722 7.016790202281313 
-0.1 -0.06704529772737722 7.015802483049422 
-0.1 -0.06704529772737722 7.0190244407169615 
-0.1 -0.06704529772737722 39.01314279872326 
-0.1 -0.0031095425494491735 7.014067447239391 
-0.1 -0.06704529772737722 7.017334557730937 
-0.1 -0.06704529772737722 7.014404443989321 
-0.1 -0.0031095425494491735 7.016658448127456 
-0.1 -0.06704529772737722 7.016542453218409 
-0.1 -0.0031095425494491735 39.01309191924359 
-0.1 -0.06704529772737722 7.016550342378053 
-0.1 -0.0031095425494491735 39.013286359998745 
-0.1 -0.0031095425494491735 7.014177898074895 
-0.1 -0.06704529772737722 7.0147021635025535 
-0.1 -0.06704529772737722 7.015298973637076 
-0.1 -0.0031095425494491735 7.014168246290984 
-0.1 -0.06704529772737722 7.015293318286947 
-0.1 2.307249038659833 39.013259337983676 
-0.1 -0.06704529772737722 7.015683439321177 
-0.1 2.2870173979825985 39.01324968016647 
-0.1 -0.0031095425494491735 7.0142568901176725 
-0.1 -0.06704529772737722 7.014122929858023 
-0.1 -0.06704529772737722 7.014096331906876 
-0.1 -0.0031095425494491735 7.015776741578143 
-0.1 0.387917575290345 7.014788983676256 
-0.1 -0.0031095425494491735 7.015219791998305 
-0.1 0.387917575290345 7.01579523874451 
-0.1 -0.06704529772737722 7.014069151774758 
-0.1 -0.06704529772737722 7.014403121672812 
-0.1 -0.06704529772737722 7.01448586653273 
-0.1 -0.0031095425494491735 7.014029664173841 
-0.1 -0.0031095425494491735 7.0142092626831944 
-0.1 -0.0031095425494491735 7.014978743928067 
-0.1 -0.0031095425494491735 7.014178069936202 
-0.1 -0.0031095425494491735 7.01452413401872 
-0.1 -0.06704529772737722 7.014573066793097 
-0.1 -0.06704529772737722 7.023156779367602 
-0.1 -0.06704529772737722 7.014030543283754 
-0.1 -0.0031095425494491735 7.0140587422654646 
-0.1 -0.06704529772737722 7.014033028859468 
-0.1 -0.06704529772737722 7.013971328169866 
-0.1 -0.06704529772737722 7.015339137689618 
-0.1 -0.0031095425494491735 7.014160322647183 
-0.1 -0.06704529772737722 7.014098108240925 
-0.1 -0.0031095425494491735 7.013916158174429 
-0.1 -0.06704529772737722 7.014571446424845 
-0.1 -0.0031095425494491735 7.0142054976124 
-0.1 -0.06704529772737722 7.013753071056271 
-0.1 -0.0031095425494491735 7.014090192209567 
-0.1 -0.06704529772737722 7.013653788286146 
-0.1 -0.06704529772737722 7.014059935944995 
-0.1 0.387917575290345 7.014239917517099 
-0.1 -0.0031095425494491735 39.013069246975355 
-0.1 -0.0031095425494491735 7.014251381530064 
-0.1 -0.06704529772737722 7.014208265600719 
-0.1 -0.0031095425494491735 7.013971227129649 
-0.1 -0.0031095425494491735 7.014344995161171 
-0.1 -0.0031095425494491735 7.013971281067099 
-0.1 -0.0031095425494491735 7.013980028849308 
-0.1 0.40954303215626986 7.015147748134829 
-0.1 -0.06704529772737722 39.0130367627062 
-0.1 -0.0031095425494491735 7.0141004162559435 
-0.1 -0.06704529772737722 7.013620224821844 
-0.1 -0.06704529772737722 7.013752641442714 
-0.1 -0.0031095425494491735 7.013909091495588 
-0.1 -0.06704529772737722 7.014018855511049 
-0.1 -0.0031095425494491735 7.014030423471258 
-0.1 -0.06704529772737722 39.013062222227774 
-0.1 2.307249038659833 39.01304219188316 
-0.1 -0.0031095425494491735 7.013300265597252 
-0.1 -0.06704529772737722 7.016388028868111 
-0.1 -0.0031095425494491735 7.01468791870318 
-0.1 -0.06704529772737722 7.0133238083452545 
-0.1 -0.06704529772737722 7.014670820899656 
-0.1 -0.0031095425494491735 7.01415963354262 
-0.1 -0.06704529772737722 7.013749164654552 
-0.1 -0.0031095425494491735 7.013879776208206 
-0.1 -0.06704529772737722 7.0139236236614195 
-0.1 -0.06704529772737722 7.022312846022849 
-0.1 -0.0031095425494491735 7.0139223275427725 
-0.6 2.2453362597800712 288.36927325124424 
-0.6 2.2453362597800712 10.460438279063272 
-0.6 2.2453362597800712 39.039867290004224 
-0.6 2.2453362597800712 10.45977764463339 
-0.6 2.2453362597800712 39.19125451855028 
-0.6 2.2453362597800712 7.096742792765633 
-0.6 2.2453362597800712 10.434146924652886 
-0.6 2.2453362597800712 7.228869061631803 
-0.6 2.2453362597800712 39.02858160780884 
-0.6 2.2453362597800712 10.369237595063922 
-0.6 2.2453362597800712 7.228702416113497 
-0.6 2.2453362597800712 10.396368696682558 
-0.6 2.2453362597800712 7.111187539814545 
-0.6 2.2453362597800712 7.096743027891613 
-0.6 2.2453362597800712 7.0967249939381025 
-0.6 2.2453362597800712 10.364255450856344 
-0.6 2.2453362597800712 39.04193009699907 
-0.6 2.2453362597800712 7.093331491675714 
-0.6 2.2453362597800712 7.21363919835922 
-0.6 2.2453362597800712 39.02828702213221 
-0.6 2.2453362597800712 7.055213653493604 
-0.6 2.2453362597800712 7.077005276304767 
-0.6 2.2453362597800712 7.094776405053808 
-0.6 2.2453362597800712 7.130276021005331 
-0.6 2.2453362597800712 7.088670244593463 
-0.6 2.2453362597800712 7.0581072081741105 
-0.6 2.2453362597800712 7.051352334437096 
-0.6 2.2453362597800712 7.0203704926087 
-0.6 2.2453362597800712 7.020363772342357 
-0.6 2.2453362597800712 39.0141175526248 
-0.6 2.2453362597800712 7.023997630645753 
-0.6 2.2453362597800712 7.058775222175741 
-0.6 2.2453362597800712 7.020643101609752 
-0.6 2.2453362597800712 7.020358280701007 
-0.6 2.2453362597800712 7.020396864071175 
-0.6 2.2453362597800712 7.019339256795157 
-0.6 2.2453362597800712 7.020904108439225 
-0.6 2.2453362597800712 7.018629005868294 
-0.6 2.2460121169502276 7.01981789684808 
-0.6 2.2453362597800712 7.0158383532526924 
-0.6 2.2453362597800712 7.0190954382326165 
-0.6 2.2453362597800712 7.018398881761986 
-0.6 2.2453362597800712 7.01642567081439 
-0.6 2.2453362597800712 7.0156564240427075 
-0.6 2.2453362597800712 7.017690363942171 
-0.6 2.2453362597800712 7.015381417429228 
-0.6 2.2453362597800712 7.01395746641693 
0.2 0.35531510494011265 148.44235839023943 
0.2 0.35531510494011265 39.030015400107125 
0.2 0.35531510494011265 40.10865435634338 
0.2 0.35531510494011265 148.44234781633673 
0.2 0.35531510494011265 40.108637570102985 
0.2 0.35531510494011265 39.030710944800965 
0.2 0.35531510494011265 40.972237550600354 
0.2 0.35531510494011265 39.02229819594434 
0.2 0.35531510494011265 7.0596701449057235 
0.2 0.35531510494011265 7.101659362519202 
0.2 0.35531510494011265 7.015822863208778 
0.2 0.35531510494011265 7.015826129200652 
0.2 0.35531510494011265 7.0136930463322775 
-0.3 2.397572955821021 42.43797562946722 
-0.3 2.48211420416815 15.98032802174465 
-0.3 2.4605763279053967 39.026810457508645 
-0.3 2.48211420416815 39.01958766709016 
-0.3 2.48211420416815 39.032398522206634 
-0.3 2.48211420416815 15.727232150324598 
-0.3 2.397572955821021 22.51287467507061 
-0.3 2.48211420416815 39.02954280908201 
-0.3 2.48211420416815 15.964317599466803 
-0.3 2.4301549027279368 39.02087228050431 
-0.3 2.48211420416815 39.76479826783105 
-0.3 2.48211420416815 15.729071305719383 
-0.3 2.48211420416815 39.02454150061918 
-0.3 2.397572955821021 15.963863375099113 
-0.3 2.48211420416815 10.475594990867544 
-0.3 2.397572955821021 39.118969372078865 
-0.3 2.4605763279053967 18.816129359223368 
-0.3 2.397572955821021 18.802709590577376 
-0.3 2.397572955821021 10.35338979273445 
-0.3 2.48211420416815 15.725398728079265 
-0.3 2.397572955821021 10.381300381931469 
-0.3 2.48211420416815 10.475594921362873 
-0.3 2.397572955821021 7.0555828122899555 
-0.3 2.397572955821021 7.0158814183669005 
-0.3 2.48211420416815 39.013731929430165 
-0.3 2.397572955821021 7.016462714473093 
-0.3 2.397572955821021 7.015965691737435 
-0.3 2.48211420416815 7.022933138824194 
-0.3 2.4605763279053967 7.020249431195781 
-0.3 2.467341510830387 7.015795219245889 
-0.3 2.4605763279053967 7.020419548608125 
-0.3 2.4689989021109717 7.025249103073642 
-0.3 2.397572955821021 7.017021281164904 
-0.3 2.467341510830387 7.015640860042026 
-0.3 2.397572955821021 7.016509925765173 
-0.3 2.4605763279053967 7.018382249873821 
-0.3 2.470489597264244 7.01720507851043 
-0.3 2.4320784324173736 7.015910739087086 
-0.3 2.4689989021109717 7.022953244753817 
-0.3 2.397572955821021 7.014322646407905 
-0.3 2.467341510830387 7.01586780314371 
-0.3 2.48211420416815 39.01335869196549 
-0.3 2.470489597264244 7.015014218188281 
-0.3 2.4320784324173736 7.016299670734018 
-0.3 2.467341510830387 7.015775935710919 
-0.3 2.48211420416815 7.019003991357073 
-0.3 2.467341510830387 7.015835467629827 
-0.3 2.397572955821021 7.014571749533244 
-0.3 2.4653046745692286 7.0171259947650055 
-0.3 2.4320784324173736 7.01438531529177 
-0.3 2.397572955821021 7.014532095047593 
-0.3 2.470489597264244 7.0152235792903905 
-0.3 2.467341510830387 7.015635422964175 
-0.3 2.397572955821021 7.014427488063131 
-0.3 2.397572955821021 7.015774799981554 
-0.3 2.397572955821021 7.014048665938426 
-0.3 2.4320784324173736 7.014370967218432 
-0.3 2.48211420416815 39.01316664479188 
-0.3 2.4320784324173736 7.019353043291273 
-0.3 2.4320784324173736 7.017990294130125 
-0.3 2.470489597264244 7.016617943038349 
-0.3 2.397572955821021 7.014800314969882 
-0.3 2.397572955821021 7.014284011062883 
-0.3 2.4605763279053967 7.0140459243624 
-0.3 2.397572955821021 7.014566479373279 
-0.3 2.4320784324173736 7.013890685900723 
-0.3 2.397572955821021 7.01428401121295 
-0.3 2.397572955821021 7.014047832391839 
-0.3 2.4605763279053967 7.014586200869947 
-0.3 2.467341510830387 7.014440785544002 
-0.3 2.4605763279053967 7.016495946032355 
-0.3 2.397572955821021 7.013196092188924 
-0.3 2.4320784324173736 7.014057242595669 
-0.3 2.4605763279053967 7.013839139418304 
-0.3 2.397572955821021 7.013871840206677 
-0.3 2.397572955821021 7.013473967621422 
-0.3 2.397572955821021 7.013249284893087 
-0.3 2.397572955821021 7.01359852660445 
-0.3 2.4653046745692286 7.015909982284663 
1.9 189.92830574737877 317.1663664908448 
1.9 189.92830574737877 317.16581213344847 
1.9 189.92830574737877 39.69408977211124 
0.0 0.0 7.059002981801776 
-0.0 0.0 7.057599171625129 
-0.0 0.0 7.057238617298084 
-0.0 0.0 7.017272833184138 
-0.0 0.0 7.018705805441046 
-0.0 0.0 7.018706184262694 
-0.0 0.0 7.018698146304201 
-0.0 0.0 7.018803298535671 
-0.0 0.0 7.017312894493864 
-0.0 0.0 7.017860115040143 
-0.0 0.0 7.018724869635707 
-0.0 0.0 7.018721203760902 
-0.0 0.0 7.0171281877241505 
-0.0 0.0 7.017075292277088 
-0.0 0.0 7.016610959037017 
-0.0 0.0 7.015895761816265 
-0.0 0.0 7.017424426439131 
-0.0 0.0 7.016061046711428 
-0.0 0.0 7.017200306897706 
-0.0 -1.7763568394002505e-15 39.01368016964361 
-0.0 0.0 7.017562671610382 
-0.0 0.0 7.018405566221962 
-0.0 0.0 39.013263025695885 
-0.0 -1.7763568394002505e-15 7.015656044756866 
-0.0 0.0 7.014182162041909 
-0.0 0.0 7.01441330148172 
-0.0 0.0 7.014254495548578 
-0.0 0.0 7.0141280369225525 
-0.0 0.0 7.01381784153911 
-0.0 0.0 7.014548654615045 
-0.0 0.0 7.014496381783216 
-0.0 0.0 39.01300786485812 
-0.0 0.0 7.014267478106095 
1.4 189.92830574737877 294.7141064787304 
1.4 189.92830574737877 192.41751822266068 
1.4 189.92830574737877 213.9496019360817 
1.4 189.92830574737877 39.01699366261499 
1.4 189.92830574737877 39.02378591267805 
1.4 189.92830574737877 213.9496072654324 
