-0.9 0.4704061972520748 24.20027944898934 
-0.9 0.730031818370108 2.9534990364095064 
-0.9 1.0407293498795553 2.7185041968838646 
-0.9 0.7306109336867479 2.8127753910095477 
-0.7 0.07009195331775686 24.188842378600214 
-0.4 -0.18354045596561264 24.19881709681888 
-0.4 -0.568365908093952 27.272713218447574 
-0.5 0.667769751199188 2.8076423825940613 
-0.5 -0.036984209115857425 24.200805611005517 
0.1 -0.5366051390863049 2.9302850263489257 
0.1 -0.5358965148670052 2.7729260773870044 
2.8 -1.1077367219921825 39.03266803096971 
2.1 -1.0246717168078163 39.02715411680567 
2.1 -0.715093127469629 39.01952213412184 
2.1 -0.7146335012152889 2.67170050751942 
2.1 -0.7149145478055061 24.203249262411028 
2.1 -1.0246723867409315 39.03256510330344 
-0.8 -0.5426952021765175 24.212051561179855 
-0.8 0.8073261298325747 2.650983878243542 
-0.2 -0.47195937268951127 2.8330545647059444 
-0.3 0.036099276735271246 2.8333211830511575 
