0.7 0.4591177188677733 136.52723891001304 
0.7 0.2113744137224387 98.56741464417968 
0.7 0.9700858432450019 47.18414117412768 
0.7 0.4591177188677733 136.52701174021442 
0.7 0.45920127030221636 39.01659027814357 
0.7 0.4991591166798912 39.01817408064483 
1.5 0.6356818813854517 302.91349656604143 
1.5 0.3050939865598963 302.9135850121081 
1.5 1.0779789951685075 299.20590559916593 
1.5 0.7200906950544521 302.5927575515886 
1.5 0.7090161256784313 39.022207094754314 
-0.9 1.0407293498795553 39.025288461394204 
-0.9 1.0407293498795553 39.02539292074718 
-0.9 1.0483559961470945 39.026278988876854 
-0.9 0.4704061972520748 39.02557803149753 
-0.9 1.0508941342091305 39.023654443846176 
-0.9 1.0508941342091305 39.02379963654692 
-0.9 1.0407293498795553 39.02552838013125 
-0.9 1.1512159924131424 39.02392936712833 
-0.9 1.0508941342091305 39.023958424247525 
-0.9 0.730031818370108 39.019777237112876 
-0.9 1.0407293498795553 39.02690559141235 
-0.9 0.4704061972520748 39.02564567047771 
-0.9 1.0483559961470945 39.022510733755944 
-0.9 1.0483559961470945 24.21395208663993 
-0.9 1.0483559961470945 39.22583540632723 
-0.9 1.0483559961470945 39.030258858226475 
-0.9 0.4704061972520748 39.02521191489755 
-0.9 1.0483559961470945 39.03808630502614 
-0.9 1.0483559961470945 39.023023296949965 
-0.9 0.4704061972520748 39.024827362440256 
-0.9 0.4704061972520748 24.213090882189437 
-0.9 1.0483559961470945 39.02324497654553 
-0.9 1.0407293498795553 39.127397296815175 
-0.9 0.7306109336867479 39.02230044486757 
-0.9 1.0483559961470945 39.03003582677211 
-0.9 0.8116173318960023 39.02115111016547 
-0.9 0.7303568307565058 39.02305233040347 
-0.9 0.4704061972520748 24.215620241596607 
-0.9 0.4704061972520748 39.029723198155686 
-0.9 1.0279135765221383 39.26288136025487 
-0.9 1.1512159924131424 39.202791526579645 
-0.9 0.7306109336867479 39.03019139674933 
-0.9 1.0483559961470945 39.02379231876453 
-0.9 0.4704061972520748 39.02940259537753 
-0.9 0.7306109336867479 39.0232012205623 
-0.9 1.0483559961470945 24.213944363940804 
-0.9 1.0407293498795553 24.206173244741116 
-0.9 0.7306109336867479 24.212898907961677 
-0.9 0.4704061972520748 24.215602231837824 
-0.9 1.0483559961470945 39.074415490275385 
-0.9 0.8194100171235874 39.032362802106874 
-0.9 1.0483559961470945 24.213917376927586 
-0.9 0.7306109336867479 2.8329402036424765 
-0.9 1.0483559961470945 24.20948423644398 
-0.9 0.4704061972520748 24.21308977769199 
-0.9 0.7306109336867479 24.21290445106197 
-0.9 0.4704061972520748 24.213323640787017 
-0.9 0.4704061972520748 24.21310648934999 
-0.9 1.0483559961470945 24.21435264305609 
-0.9 0.7306109336867479 39.029602996347215 
-0.9 0.7306109336867479 39.029705116452234 
-0.9 0.7306109336867479 2.8229642218164828 
-0.9 0.7306109336867479 2.833536635970871 
-0.9 0.8194100171235874 24.214794090347013 
-0.9 0.7306109336867479 24.21241834571541 
-0.9 0.8116173318960023 24.20033994943529 
-0.9 0.4704061972520748 39.0296947324178 
-0.9 0.4704061972520748 24.20027944898934 
-0.9 0.7306109336867479 39.024155706046194 
-0.9 0.4704061972520748 39.05745185650812 
-0.9 0.7306109336867479 2.8232874239389485 
-0.9 0.4704061972520748 24.213025425910566 
-0.9 0.7306109336867479 2.8360155796790076 
-0.9 0.4704061972520748 39.030839581210635 
-0.9 1.0407293498795553 2.726073201297052 
-0.9 0.8194100171235874 39.0361063194115 
-0.9 0.4704061972520748 39.02879351953559 
-0.9 0.730031818370108 2.9534990364095064 
-0.9 1.0407293498795553 39.02184577109094 
-0.9 1.0407293498795553 2.7185041968838646 
-0.9 1.0407293498795553 2.724874068539001 
-0.9 1.0407293498795553 2.7260440537622905 
-0.9 0.7225064515037758 27.27297245377515 
-0.9 0.7306109336867479 39.027485392249716 
-0.9 1.0483559961470945 39.02227990061029 
-0.9 1.1512159924131424 39.019790115678994 
-0.9 1.0407293498795553 2.718702884090585 
-0.9 0.8194100171235874 24.200261478938963 
-0.9 0.7306109336867479 2.823757928008577 
-0.9 0.7306109336867479 2.831756055965309 
-0.9 0.4704061972520748 39.02399418690994 
-0.9 1.1235879560863538 24.19863271042169 
-0.9 0.7306109336867479 2.8127753910095477 
-0.9 0.7306109336867479 2.8233623355588007 
-0.9 1.0483559961470945 2.8440425014680475 
0.6 0.7484702902044233 212.39537014442269 
0.6 0.7487132790522679 213.08006621597548 
0.6 -0.31245875113725674 2.9363299625038666 
0.6 0.3069666579648782 39.03649290460485 
3.0 0.5739153791035108 76.39422282575465 
3.0 0.5739791259707516 76.39503281195753 
3.0 0.8232072514224456 76.39759657647916 
-0.7 0.2326182290932053 114.77047840095898 
-0.7 1.2897097248013978 255.9259029066861 
-0.7 0.15932065681158747 109.2932473236835 
-0.7 1.260342531004639 291.7235358456886 
-0.7 0.07009195331775686 157.8012381144345 
-0.7 0.8118310124478825 39.03006965833818 
-0.7 0.9418117587397461 50.7067029323188 
-0.7 1.0470913593959352 39.03072775467804 
-0.7 1.4358850223459996 39.040763598774305 
-0.7 0.5385681082220373 40.27392056089867 
-0.7 1.4358850223459996 39.136347003578734 
-0.7 0.8128008051908893 39.024321528617925 
-0.7 0.9418117587397461 50.70606256731058 
-0.7 1.0264535324471495 40.27939109123934 
-0.7 1.0470913593959352 39.031366311304964 
-0.7 0.15932065681158747 39.95932897759894 
-0.7 1.4358850223459996 39.01558126297271 
-0.7 1.4358850223459996 39.03913044291999 
-0.7 1.0264535324471495 40.27280141750503 
-0.7 1.4358850223459996 39.06357735820047 
-0.7 0.9446362608947823 39.083891062251524 
-0.7 1.0004588540046626 39.033783870140745 
-0.7 1.0470913593959352 39.01715440999253 
-0.7 0.8118310124478825 39.03005474952643 
-0.7 1.4358850223459996 39.029498827430544 
-0.7 0.8128008051908893 39.02456035204724 
-0.7 0.8128008051908893 39.02437843962705 
-0.7 0.812886576498002 39.020347233388506 
-0.7 0.8128008051908893 39.02533731841763 
-0.7 0.07009195331775686 39.027621665288585 
-0.7 0.8128008051908893 39.024490961157916 
-0.7 0.07009195331775686 24.200169372279174 
-0.7 0.812886576498002 39.03065931274196 
-0.7 0.8128008051908893 39.024412859278264 
-0.7 1.0470913593959352 39.01723658583727 
-0.7 0.07009195331775686 39.09854705328782 
-0.7 0.812886576498002 342.19943691981314 
-0.7 1.4358850223459996 39.01547657097219 
-0.7 1.0470913593959352 39.01736336042266 
-0.7 0.07009195331775686 157.80127013768592 
-0.7 0.05821281294059588 39.01719205396979 
-0.7 1.0470913593959352 39.01715876964021 
-0.7 1.4358850223459996 39.02654608393818 
-0.7 0.812886576498002 39.02400667586243 
-0.7 0.8128008051908893 39.02428993589659 
-0.7 0.8125277420664645 39.021092861395466 
-0.7 1.004307255422276 39.02020166803015 
-0.7 0.8128008051908893 39.02639493272976 
-0.7 0.017871123911021414 39.034011394824056 
-0.7 0.11490031724315486 39.02130204971682 
-0.7 1.0470913593959352 39.02177384002166 
-0.7 0.017871123911021414 39.02969979064647 
-0.7 0.8128008051908893 39.02148598449163 
-0.7 0.8128008051908893 39.03125532209794 
-0.7 0.017871123911021414 39.02759992769153 
-0.7 0.5421119297936343 40.99903628861057 
-0.7 1.004307255422276 39.02019466299913 
-0.7 0.05821281294059588 39.01715599408654 
-0.7 1.0470913593959352 39.0292012641148 
-0.7 0.08451982293151161 39.02111625139103 
-0.7 0.017871123911021414 39.59219843209628 
-0.7 1.0470913593959352 39.023259962204655 
-0.7 0.812886576498002 39.01429345995649 
-0.7 0.05821281294059588 39.017156017808894 
-0.7 1.0470913593959352 24.206462753323283 
-0.7 0.9970462636490112 39.02960169326031 
-0.7 1.4358850223459996 39.026443050704444 
-0.7 0.017871123911021414 39.028110541524065 
-0.7 1.260342531004639 39.026417559761214 
-0.7 0.8127318560440671 39.02115237070499 
-0.7 0.07009195331775686 39.02438466814478 
-0.7 0.07009195331775686 24.200191522846644 
-0.7 0.07009195331775686 24.200177535222494 
-0.7 0.07009195331775686 24.20016937449505 
-0.7 0.07009195331775686 39.02170989020255 
-0.7 1.4358850223459996 39.0215151390121 
-0.7 1.0470913593959352 24.199197291879642 
-0.7 1.0470913593959352 24.189696867075288 
-0.7 1.0470913593959352 24.20219273202457 
-0.7 1.0470913593959352 39.01826873828123 
-0.7 1.0470913593959352 39.02176060811333 
-0.7 0.9970462636490112 39.02930948642691 
-0.7 0.8125277420664645 39.73993520013457 
-0.7 0.07009195331775686 39.02274581778268 
-0.7 0.07009195331775686 24.19877475140809 
-0.7 1.4358850223459996 24.21103949197791 
-0.7 0.07009195331775686 39.02170631109371 
-0.7 0.8125277420664645 24.20090160816208 
-0.7 0.8125277420664645 24.200459811588495 
-0.7 0.8122400247512189 2.7826771703919158 
-0.7 1.0470913593959352 2.846502821650123 
-0.7 -0.0555677645072592 39.027060756608236 
-0.7 0.812886576498002 2.7020334896586204 
-0.7 0.07009195331775686 24.188842378600214 
-0.7 1.0470913593959352 2.8204210387531417 
-0.7 0.07009195331775686 39.01468621846007 
-0.7 1.4358850223459996 24.212051561179855 
-0.7 1.4358850223459996 39.029080122666464 
-0.7 1.260342531004639 2.9424385825748307 
-0.4 -0.568365908093952 27.27314555256094 
-0.4 0.94642046608719 231.60613438521412 
-0.4 0.8106889201441874 231.6058031135659 
-0.4 0.9464665350237027 39.02453898140401 
-0.4 -0.568365908093952 27.273189109448342 
-0.4 -0.566707560896873 41.0025986624025 
-0.4 0.8174045430273367 39.04276321854362 
-0.4 1.0362646735619023 39.02134955490643 
-0.4 -0.568365908093952 27.275751079891165 
-0.4 1.0261135449480179 41.000761688117365 
-0.4 -0.568365908093952 27.27314462578314 
-0.4 -0.568365908093952 27.273190038895734 
-0.4 1.0362646735619023 24.20063355753153 
-0.4 0.8174045430273367 39.037966157443584 
-0.4 1.0362646735619023 24.19862246576317 
-0.4 1.0362646735619023 24.199095656895114 
-0.4 0.8174045430273367 39.01579280822444 
-0.4 1.0362646735619023 24.200477601916614 
-0.4 0.8174045430273367 39.07192710676643 
-0.4 1.0362646735619023 24.20111685594043 
-0.4 0.8174045430273367 2.8528291800321623 
-0.4 1.0362646735619023 39.01859645295222 
-0.4 1.0362646735619023 24.199123646524956 
-0.4 1.0362646735619023 39.020968720764486 
-0.4 0.8099597970942511 39.01968757184301 
-0.4 -0.568365908093952 40.99893238884352 
-0.4 1.0362646735619023 39.02133780116245 
-0.4 -0.568365908093952 27.273310562973258 
-0.4 1.0672768251574638 27.267248024814364 
-0.4 0.8174045430273509 39.02843643962762 
-0.4 1.0362646735619023 39.03000520980361 
-0.4 1.0362646735619023 24.200453587311703 
-0.4 1.0362646735619023 39.02984847419164 
-0.4 -0.568365908093952 27.273021811544105 
-0.4 0.8174045430273367 24.211315478867636 
-0.4 1.0362646735619023 39.01989411141335 
-0.4 1.0362646735619023 39.0213927286363 
-0.4 1.543112588030965 27.274049614491773 
-0.4 1.0362646735619023 39.01619354401592 
-0.4 1.543112588030965 27.271041243523964 
-0.4 -0.568365908093952 40.99834558046249 
-0.4 -0.568365908093952 27.273300374273166 
-0.4 1.0362646735619023 24.2065427807193 
-0.4 1.0362646735619023 24.198093510018474 
-0.4 -0.568365908093952 27.27309378447131 
-0.4 1.0362646735619023 24.199029338525477 
-0.4 -0.568365908093952 40.99998045399085 
-0.4 0.8174045430273367 24.198358127206962 
-0.4 1.0362646735619023 24.198935827200433 
-0.4 -0.18354045596561264 24.198993295176518 
-0.4 1.0362646735619023 24.19891902507527 
-0.4 -0.568365908093952 27.274604810410263 
-0.4 -0.568365908093952 40.99833367151759 
-0.4 1.0263062266937624 40.99832293649575 
-0.4 1.0362646735619023 39.07198059934001 
-0.4 -0.18354045596561264 39.02100719859398 
-0.4 -0.0043521811887217154 39.032644116814595 
-0.4 1.0362646735619023 24.19877475140809 
-0.4 1.0362646735619023 39.02237346900568 
-0.4 -0.18354045596561264 39.02204491582526 
-0.4 1.0261135449480179 27.273806084122956 
-0.4 -0.18354045596561264 24.19882877894685 
-0.4 0.8174045430273367 39.02693005411221 
-0.4 0.8174045430273367 39.02676112207457 
-0.4 0.7169162797010955 39.02349757024642 
-0.4 1.0362646735619023 24.19897487292661 
-0.4 -0.18354045596561264 24.19881709681888 
-0.4 1.0362646735619023 39.05333104840243 
-0.4 1.0362646735619023 24.23432212838132 
-0.4 0.8174045430273367 2.822976936782063 
-0.4 -0.568365908093952 27.272713218447574 
2.2 0.1990733483178957 113.2181437770647 
2.2 0.1914365477128399 39.03356135861736 
2.2 0.10023997440445953 142.31737313582593 
2.2 0.18700304219632358 2.8451333766843767 
2.2 0.18710408432498582 39.01820241114074 
2.2 -0.3287824896610232 39.03770787165678 
2.2 -0.057934050362874245 39.02545565716402 
2.2 0.18700304219632358 2.832047773473217 
2.2 -0.10401033170464302 39.03416334545399 
2.2 0.1870722845445556 2.8451035351872127 
2.2 0.1870722845445556 39.029174105366934 
2.2 0.18707322404648608 39.02418770805161 
2.2 0.18700304219632358 2.8514308314100267 
2.2 0.19060961968283152 39.02831804877522 
2.2 -0.1372146465804036 24.209424424430534 
2.2 0.1870821352511456 2.8448302164341626 
2.2 0.5480970844393482 24.203022158919083 
2.2 -0.1372146465804036 2.8462815512116144 
2.2 -0.1372146465804036 39.0177432330598 
2.2 0.18705907566737778 39.02894637814726 
2.2 -0.1372146465804036 2.8588398537139876 
2.2 -0.32792588205255413 2.9647858986576607 
2.2 0.547544323595389 2.855159251457808 
2.2 -0.13715886607303673 39.02366782230127 
2.2 0.19062509299976682 39.029164028505924 
2.2 -0.057934050362874245 2.7825634575588163 
2.2 -0.13715886607303673 2.8613625795831097 
2.2 0.19060961968283152 2.7677127577330274 
2.2 -0.13715886607303673 2.8725222567180837 
2.2 -0.057934050362874245 2.765567699314275 
2.2 -0.057934050362874245 2.782311479827918 
2.2 0.1870722845445556 2.750792593863436 
2.2 0.1870821352511456 2.849497980270126 
2.2 0.19062509299976682 2.830269316010118 
2.2 0.19062509299976682 2.7493785818240957 
2.2 -0.057934050362874245 39.023866065447066 
2.2 0.18705232175294384 2.75137799600034 
2.2 0.6054289233785966 39.03439791250402 
2.2 0.1870821352511456 2.816937031364932 
2.2 -0.009570436273435234 2.7380876569489474 
2.2 0.18714440136518817 24.19869501410566 
2.2 0.18705907566737778 24.200519711685136 
2.2 0.18705907566737778 24.20061161008468 
2.2 0.1870722845445556 2.806094700792434 
2.2 0.6926508835247347 39.02995822494755 
0.3 0.4557427918327477 214.75536364699684 
0.3 0.8793581488811952 2.7285426697415387 
0.3 0.8827126622910697 2.833347609796929 
2.3 0.8828164776336962 299.20889953192295 
2.3 0.8814487284984409 302.59282995138204 
2.3 0.8709342884267528 40.8101945313907 
2.3 0.8849809189547386 39.025581855104015 
2.3 0.24145538557364432 39.02463335868793 
2.3 0.24145538557364432 39.02349381172657 
2.3 0.8800164759758644 2.765567699314275 
2.3 1.626354876072952 2.7175229459391232 
3.4 0.0981342594141239 39.02845993935648 
3.4 0.0981342594141239 39.04299865151606 
1.0 0.41726156014233595 13.119282440319369 
1.0 0.9847353003709713 268.6803139502768 
1.0 1.0075638288809756 241.9790051822765 
1.0 0.49499698933684044 33.60950091367222 
1.0 1.0075638288809756 41.725871609914954 
1.0 0.9847353003709713 40.39469547699834 
1.0 0.49499698933684044 39.01984274131111 
1.0 0.41695234277581505 32.62089849120184 
1.0 1.0075638288809756 41.72587185810835 
1.0 0.49499698933684044 33.60780691402113 
1.0 0.41697115202279633 39.014535469794964 
1.0 0.416944181519753 12.313185913747052 
1.0 0.4169503122805196 12.30766035632543 
1.0 0.41726003037787507 39.287565112774516 
1.0 0.41695906127878857 12.315249712823544 
1.0 0.416944181519753 39.03033213282968 
1.0 0.4169433904074964 39.025279921199555 
4.0 0.7625149222033087 190.55726341071764 
0.9 0.6042158318585535 39.40184242651552 
0.9 0.2053003311609416 39.01548541475029 
0.9 0.2053003311609558 39.02186757208502 
0.9 0.8714676617485821 39.01733692682588 
0.9 0.2053003311609416 39.01552572082798 
0.9 0.20530137677387472 39.019228547627804 
0.9 0.2053003311609416 39.0194078991944 
-0.5 -0.3166032113396966 342.1994363496445 
-0.5 1.000819691135007 342.1841664275617 
-0.5 -0.3149182901348837 342.1996637131835 
-0.5 -0.02978333529131305 342.1995896072382 
-0.5 1.0002901495896452 39.04355515261922 
-0.5 -0.02978333529131305 39.14861979509518 
-0.5 -0.02978333529131305 39.1490034108582 
-0.5 1.0002901495896452 342.1843204966859 
-0.5 -0.036984209115857425 39.0249798955731 
-0.5 1.0002901495896452 39.031684359009915 
-0.5 -0.036984209115857425 39.014892614579935 
-0.5 -0.029786558249710993 39.148892399113834 
-0.5 -0.036984209115857425 39.01495838817817 
-0.5 -0.02978333529131305 39.1486212191131 
-0.5 0.667769751199188 2.8492463171327946 
-0.5 -0.036984209115857425 39.030703995084906 
-0.5 -0.02978333529131305 39.20102337746623 
-0.5 1.0002901495896452 39.019028502765515 
-0.5 -0.036984209115857425 39.01490151786401 
-0.5 -0.036984209115857425 39.01520439903511 
-0.5 -0.036984209115857425 39.014813807609734 
-0.5 -0.036984209115857425 39.02585433992602 
-0.5 1.0002901495896452 39.02053683963202 
-0.5 -0.036984209115857425 39.0148170646244 
-0.5 -0.036984209115857425 39.024620611981696 
-0.5 -0.036984209115857425 39.014767289492696 
-0.5 -0.036984209115857425 39.01587685361062 
-0.5 1.0002901495896452 2.8102975257260985 
-0.5 0.667769751199188 2.821401950539688 
-0.5 0.667769751199188 39.33978709653154 
-0.5 0.667769751199188 39.02227390009892 
-0.5 -0.036984209115857425 39.020878877716335 
-0.5 -0.036984209115857425 39.019613204713366 
-0.5 -0.036984209115857425 39.02223689679461 
-0.5 0.667769751199188 2.943861460313107 
-0.5 0.667769751199188 39.03114431641062 
-0.5 -0.036984209115857425 39.01455106846633 
-0.5 -0.43960561645241114 27.2657986474655 
-0.5 -0.036984209115857425 39.01502784316623 
-0.5 -0.036984209115857425 39.01613207440576 
-0.5 -0.43960561645241114 27.266761012758867 
-0.5 1.0002901495896452 39.022847615449514 
-0.5 0.667769751199188 2.8442183107639996 
-0.5 0.667769751199188 39.02984983855198 
-0.5 1.0002901495896452 24.203966304977413 
-0.5 1.0002901495896452 39.02830546820592 
-0.5 0.6817413668865413 2.849395901111663 
-0.5 0.667769751199188 39.0280958436945 
-0.5 0.667769751199188 2.8076423825940613 
-0.5 1.0002901495896452 39.034971903306406 
-0.5 -0.036984209115857425 39.020879094208624 
-0.5 -0.036984209115857425 24.200805611005517 
-0.5 -0.036984209115857425 24.20235349876131 
3.1 0.54724122159692 76.39457287476718 
2.6 2.141730265303181 39.057753987446205 
2.6 0.6321403149949134 39.0375054219171 
3.6 0.5048736516184533 16.070715269161834 
3.6 0.47295628452613414 200.49724977668356 
3.6 0.7458623830286086 39.027603184797165 
3.6 0.3886228902530746 39.0269507300463 
3.6 0.5051001344442057 2.9023326590491014 
3.6 0.4694101634392638 39.049133117979785 
3.6 0.5051001344442057 39.03377307517183 
3.6 0.38863100007495177 39.029505780011874 
3.6 0.38862290489322504 39.024819389362456 
3.6 0.7464169075173572 24.205189861631247 
3.6 0.5051001235150068 39.02696589437284 
3.6 0.38862305002186304 39.89617008877283 
3.9 0.8909487234026585 39.029587306872486 
3.9 0.892250091235482 39.028122054467715 
1.3 0.8806414206447215 270.7641357840205 
1.6 0.7480756516520728 51.953481398219104 
1.6 0.4600630799600225 39.01573314488782 
1.6 -0.00016567702930103678 51.66410104470233 
1.6 0.006211913177722295 39.024004257717515 
2.4 -0.9463161906898989 322.8615020457753 
2.4 -0.9308415978825622 142.3179411008648 
2.4 -0.9150097723578625 142.31701919260067 
2.4 -0.9457172673929222 142.31714189258312 
2.4 -0.9251029413311329 40.810557971926805 
2.4 -0.9460431815816008 40.29416722989047 
2.4 -0.3496607006185428 39.02467564165018 
2.4 0.20353127605396537 39.02782652793884 
2.4 0.42673529521231046 39.26999958188489 
2.4 -0.3327858080799473 39.034084752998076 
2.4 0.4731897669120002 39.02655521715417 
2.4 -0.9463161906898989 322.8615023683024 
2.4 -0.3496607006185428 39.02474046581331 
2.4 -0.9150097723578625 40.80740384657056 
2.4 0.2035334555071131 39.02342339781893 
2.4 -0.946098733786144 40.294460371259426 
2.4 -0.946098733786144 40.287216321282735 
2.4 -0.4213474992722155 39.02504162723845 
2.4 -0.6617178986811751 40.29407540422275 
2.4 0.4278924255769283 322.86255843844276 
2.4 -0.33299114813181063 39.0152813235407 
2.4 0.4734063576713936 39.05320932362853 
2.4 0.42468697064219896 39.28026759874087 
2.4 -0.6616726446064405 40.603354527222045 
2.4 0.9077884605853939 39.018775063955744 
2.4 -0.771527203461801 40.32412522530994 
2.4 -0.9460431815816008 322.8617039735919 
2.4 -0.946098733786144 40.293505604699746 
2.4 -0.6616726446064405 40.2886491565929 
2.4 -0.35487106362079146 322.70554323788843 
2.4 0.4734063576713936 39.03521443981075 
0.1 0.7316447372944879 190.46210143339562 
0.1 -0.5358965148670052 39.07350170682057 
0.1 -0.5366051390863049 2.930387677488129 
0.1 -0.5366051390863049 2.9302850263489257 
0.1 -0.5366051390863049 2.93649623175286 
0.1 -0.5390543026786503 39.03042457463107 
0.1 0.3710949222314497 2.9218726896848426 
0.1 -0.5390543026786503 39.029778961154534 
0.1 -0.5358965148670052 2.8055152072659926 
0.1 -0.5358965148670052 2.7729260773870044 
0.1 -0.5358965148670052 2.8054838860925817 
0.1 -0.5366051390863049 39.03598565316851 
0.1 -0.5366051390863049 2.962756691691262 
0.1 -0.5358965148670052 2.781449007583596 
0.1 -0.5366051390863049 39.03863752956331 
0.1 -0.5382779118177439 39.034109176942984 
0.1 -0.5358965148670052 39.01977177896986 
0.1 -0.5358965148670052 39.02853942271158 
3.5 0.6877948052465257 25.080875637762613 
3.5 0.6878090040876117 40.28652682272191 
3.5 0.6876858019012388 39.03042622672395 
3.5 0.6877948432451859 25.051525996780168 
3.5 0.6877250043081489 39.02409433547187 
3.5 0.6877580388607356 24.20020133166897 
3.5 0.6877177189356729 39.02523237914899 
3.5 0.558150777621222 39.02988846664504 
2.8 0.7250562743881517 80.29688840318352 
2.8 0.6698625169513548 39.01845150249005 
2.8 -1.1077367219921825 39.03266803096971 
1.7 0.1515498414584755 39.02484738332226 
2.1 -0.8413901332383631 337.26834207734737 
2.1 0.17816340575612344 39.270111997384035 
2.1 -0.7144469042574144 39.024223252235885 
2.1 -0.838442205089649 39.28101998715455 
2.1 -0.7144602678991987 39.01800011736057 
2.1 -0.8413901332383631 39.2814906856301 
2.1 -0.838442205089649 39.28101213025657 
2.1 0.6812306530169536 39.047793070515546 
2.1 -0.7144856838262115 39.02528454879727 
2.1 -1.0246723658620027 39.03514706499252 
2.1 0.32416308698986995 39.04018526737497 
2.1 0.6812306530169536 39.03208216673443 
2.1 0.4114164512521512 39.0351895178973 
2.1 -0.8417915138071237 39.28072547243388 
2.1 -0.7144382548935937 39.025301111660795 
2.1 -1.0246723658620027 39.03514706508591 
2.1 -0.7144856838262115 39.01864601084579 
2.1 0.40943639703874624 39.031420720705334 
2.1 -0.7144602678991987 39.025012101200204 
2.1 -1.0246717168078163 39.02741081507836 
2.1 -0.7144856838262115 39.01864608546753 
2.1 -1.0246723658620027 39.03514028634085 
2.1 -0.7144161470192358 39.084943118808994 
2.1 -0.7146335012152889 39.02361666847916 
2.1 -0.7145728434395267 39.02461005242006 
2.1 0.32416307145936685 39.030505904584494 
2.1 0.3449554512208408 39.02236941250823 
2.1 0.3919143888775807 39.03693780345332 
2.1 -1.0246717168078163 39.02771234172951 
2.1 0.4087262935039888 39.11111091687459 
2.1 -1.0246717168078163 39.04477233797921 
2.1 -1.0246572324819567 39.027477558532354 
2.1 -0.7144469042574144 39.01870465082908 
2.1 -0.7144856838262115 39.01885617385299 
2.1 -0.7144856838262115 39.019012374156425 
2.1 -0.7145831123787616 39.018346737285555 
2.1 0.32416308698986995 39.03450395731585 
2.1 -0.7146335012152889 39.02372927159622 
2.1 -1.0246717168078163 39.02733347470159 
2.1 0.5478564378806823 39.02462340475509 
2.1 -0.7144602678991987 39.01773053763145 
2.1 0.3241629743734933 39.03560470885028 
2.1 0.5478564378806965 39.03020313567338 
2.1 -0.7144602678991987 39.0247982196065 
2.1 -0.7145201500885605 24.203145192327646 
2.1 -1.0246721746584626 39.23317743610169 
2.1 -0.7144856838262115 39.01850325687913 
2.1 -0.7146335012152889 39.03094504207402 
2.1 -0.7144602678991987 39.01865115495482 
2.1 -0.7146335012152889 39.02858390159857 
2.1 0.6803358305526075 39.02931544717158 
2.1 0.3241629743734933 39.03570973895521 
2.1 -0.7145831123787616 39.018449669775144 
2.1 -1.0246723658620027 39.068569382076554 
2.1 0.5478564378806823 2.8415414611873664 
2.1 0.39127330819192707 39.03867287833008 
2.1 -0.7144602678991987 39.019461651209134 
2.1 0.4087262935039888 39.02665979126807 
2.1 0.5478564378806823 39.02305543873809 
2.1 -1.0246723658620027 39.035140319238735 
2.1 -0.7145725952433537 39.01912208939075 
2.1 -0.7144602678991987 39.03302922427235 
2.1 0.5478564378806965 39.021996918307465 
2.1 -0.7145831123787616 39.0211575890541 
2.1 -0.7145201500885605 39.02299012472725 
2.1 -0.7146335012152889 39.161403634937365 
2.1 0.5478564378806965 39.01838683448323 
2.1 -0.7146335012152889 39.042543931566385 
2.1 -0.7145831123787616 39.02334435389834 
2.1 -0.7144856838262115 24.20400742122769 
2.1 0.39127330819192707 39.284838267718975 
2.1 -0.7145728434395267 24.20029316696839 
2.1 -1.0246717168078163 39.027191682825006 
2.1 -0.7145728434395267 39.02103238914126 
2.1 -0.7146335012152889 24.200505499485942 
2.1 -0.7145728434395267 24.20918774659563 
2.1 -1.0246723867409315 39.03438206327009 
2.1 -0.7146335012152889 24.203128975187045 
2.1 -0.7146335012152889 24.201306703546344 
2.1 -0.7145201500885605 24.202598024979512 
2.1 0.0015740454758912392 39.03346623049654 
2.1 0.5478564378806965 39.02859474730106 
2.1 0.5478564378806823 24.20011208174604 
2.1 -0.7149145478055061 24.203323118452378 
2.1 -0.7144602678991987 39.025033304064074 
2.1 -0.7145831123787616 39.017933822578634 
2.1 -0.7146335012152889 39.066847269019675 
2.1 -1.0246717168078163 39.02715411680567 
2.1 -1.024660310988338 39.03526526264913 
2.1 0.5478564378806823 39.02164702263319 
2.1 -1.0235760279845891 39.03452052358568 
2.1 -1.0246723658620027 39.03459347468841 
2.1 -0.7146335012152889 39.02134973502593 
2.1 -1.0246723867409315 39.96346735507826 
2.1 -0.7146040305993324 24.202429414025193 
2.1 -0.7144469042574144 24.206157895261104 
2.1 -1.0246719727518325 39.09859262868636 
2.1 -0.7144794811231918 39.01683913600638 
2.1 -1.0246723658620027 39.380250779653096 
2.1 -0.7146335012152889 24.213330600149174 
2.1 0.5478564378806965 39.02315600512391 
2.1 0.5478564378806823 39.02728497819366 
2.1 0.39127374203626175 39.03930104113771 
2.1 -0.7145728434395267 24.18889384872325 
2.1 -1.0246723658620027 39.03431024365208 
2.1 0.32416213592452436 39.027593591056565 
2.1 0.5478564378806823 39.02488736485852 
2.1 -1.0246723867409315 39.03484005191623 
2.1 0.4111105639173189 24.19909135813675 
2.1 -0.7150750557559036 39.02228341719333 
2.1 -1.0246723867409315 39.0347772275955 
2.1 0.5478564378806823 24.20689360902739 
2.1 -0.7146335012152889 24.216071174955836 
2.1 0.5478564378806823 2.7660039579932425 
2.1 0.5478564378806823 39.02328592409608 
2.1 -0.7146335012152889 39.02592799427619 
2.1 -0.7146335012152889 39.02193429721877 
2.1 -0.7150750557559036 39.02228341715361 
2.1 -0.7146335012152889 24.20022006103462 
2.1 -0.715093127469629 39.01952213412184 
2.1 0.32416213592452436 39.027144984367666 
2.1 -0.7146335012152889 2.67170050751942 
2.1 0.5478564378806823 39.02860676282715 
2.1 -0.7146335012152889 24.200902489585204 
2.1 -0.7144856838262115 39.024427930805174 
2.1 0.4103708238050814 39.03072429595512 
2.1 0.5478564378806823 39.02479684664615 
2.1 -0.7149145478055061 24.203249262411028 
2.1 -0.7198764640744457 41.05144474992274 
2.1 -0.7146040305993324 2.750692946184961 
2.1 -1.0246723867409315 39.03256510330344 
2.5 0.4135463154536865 39.024001867500495 
3.3 0.2277211051520709 171.0819774431395 
3.2 0.4757144143585492 39.03366616200397 
-0.8 0.8084870367100194 40.28655063394743 
-0.8 -0.5426952021765175 39.26968083920941 
-0.8 0.7145236142956293 39.025288461394204 
-0.8 1.0560968755156352 142.3166154066107 
-0.8 0.8078809919359458 39.048326221899956 
-0.8 0.8078809919359458 39.0398080794331 
-0.8 0.726132537947251 39.030796220915626 
-0.8 0.7145236142956293 39.02530767468932 
-0.8 0.7162996766042511 39.032196233448545 
-0.8 0.8074681205815182 39.02983812768112 
-0.8 0.7145236142956293 39.02524856530583 
-0.8 0.8083000526681161 39.03673552427691 
-0.8 0.7145236142956293 39.023086999421054 
-0.8 -0.5426952021765175 39.26982321169151 
-0.8 0.7145236142956293 39.02065461690356 
-0.8 0.7145236142956293 39.0223246823944 
-0.8 0.8074681205815324 39.030949722321566 
-0.8 0.7162996766042511 39.263421648580696 
-0.8 -0.5426952021765175 39.04073232528477 
-0.8 0.7145236142956293 39.014802289881075 
-0.8 0.8078809919359458 39.036144841409936 
-0.8 0.8074681205815182 39.02988425588219 
-0.8 0.8078809919359458 39.09803758665814 
-0.8 1.1444746649496835 39.023198314023496 
-0.8 0.9698857690099913 24.200169372279174 
-0.8 -0.5426952021765175 39.041923135821065 
-0.8 -0.5426952021765175 39.03422448646026 
-0.8 0.8078809919359458 39.03647063157239 
-0.8 0.8074681205815182 2.8428316120274686 
-0.8 -0.5426952021765175 39.027352788050194 
-0.8 0.80788099193596 24.231366648935996 
-0.8 -0.5426952021765175 39.1171377480335 
-0.8 -0.5426952021765175 24.212051561179855 
-0.8 -0.5426952021765175 39.03148278929362 
-0.8 0.8087118761234393 39.04208189627215 
-0.8 0.8078809919359458 39.040857846747656 
-0.8 0.8083000526681161 39.039410229622995 
-0.8 1.1680168045279515 39.57958778820047 
-0.8 0.8078809919359458 39.026826173321574 
-0.8 0.8073715977489968 24.21328423034661 
-0.8 0.8074681205815182 2.8326357796311936 
-0.8 -0.5426952021765175 24.212069743883685 
-0.8 0.7145236142956293 39.02206464567913 
-0.8 0.8074681205815182 39.025351641067054 
-0.8 -0.5426952021765175 24.2120540707389 
-0.8 0.8083000526681161 39.03966782721874 
-0.8 0.8074681205815182 2.8574416988133473 
-0.8 0.8074681205815182 2.819776971419225 
-0.8 0.8074681205815182 39.01756457565743 
-0.8 0.8083000526681161 24.2263323241435 
-0.8 0.8074681205815182 2.8094184349075624 
-0.8 0.8074681205815182 2.7257228865211296 
-0.8 0.8073715977489968 39.02637476189407 
-0.8 0.8074681205815182 2.809123616499867 
-0.8 0.8073261298325747 24.212092492003993 
-0.8 0.8073715977489968 39.02101930400458 
-0.8 0.8087118761234393 2.7262937083694547 
-0.8 0.8074681205815182 2.669505424096049 
-0.8 0.8078809919359458 39.24742398744839 
-0.8 0.8074681205815182 2.6866827747759148 
-0.8 0.8074681205815182 2.7535875240541667 
-0.8 0.8087118761234251 39.79803095925817 
-0.8 0.8074681205815182 2.6698128005141832 
-0.8 0.8073261298325747 2.650983878243542 
1.2 -0.11166888190568613 196.67471609338736 
1.2 0.17927127775213592 28.15628038781757 
1.2 -0.11166888190568613 42.10553147447329 
2.7 -0.37799039011987645 47.61531803709994 
2.7 0.37301482531752583 50.70561542524067 
2.7 -0.29647541367990016 39.95796672118111 
2.7 0.2668519416437505 39.0259421199697 
2.7 0.37301482531752583 50.7054092663915 
2.7 0.09474532521279855 47.61529977501773 
2.7 0.9453287275258759 40.807820251252046 
1.8 0.6977261721115866 2.7809355861224248 
1.8 0.6969017854412556 2.8600754921493508 
1.8 0.6969017854412698 2.7806010896634046 
1.8 0.6977261721115866 39.024915726994365 
0.4 0.9391648957059431 39.016613437809426 
0.4 0.9391648957059431 39.016655540088976 
-0.2 0.6464476456430219 107.12779890600224 
-0.2 0.8845686776933377 39.030339751470926 
-0.2 -0.04756367489299862 39.01837350227509 
-0.2 0.2454508864515219 27.273299646643345 
-0.2 -0.47195937268951127 2.8330545647059444 
-0.1 0.40576001059639566 191.59437176408466 
-0.1 0.03083538908833816 143.05247674948035 
-0.1 1.2870310117265689 39.90030670901267 
-0.1 0.41305601795393443 191.5930488730735 
-0.1 1.4788690538081681 39.025268826339484 
-0.6 1.390089650994355 299.07662808268367 
-0.6 0.9944637351753158 289.3273391960886 
-0.6 0.8132759903618592 39.111736472425136 
-0.6 0.9944637351753158 40.29009562267615 
-0.6 0.9979228143560732 342.18467927264487 
-0.6 0.5857934671230254 39.034837440692044 
-0.6 0.8137939789910433 289.15978763119534 
-0.6 0.8131932800967547 39.03576269073975 
-0.6 0.5180290337976032 39.0489157445121 
-0.6 0.8153707795799505 40.123656485257676 
-0.6 0.5180290337976032 39.03475526217031 
-0.6 0.9739583857438845 39.0500323130327 
-0.6 0.9900692539458333 39.032464965777955 
-0.6 0.8131932800967547 39.05713477856047 
-0.6 0.5972825292643762 39.03474520195408 
-0.6 0.5648132464352926 39.034836272731 
-0.6 0.08457131650318672 39.0505329861965 
-0.6 0.5180290337976032 39.034138485375905 
-0.6 0.06065459151714947 39.11593885061422 
-0.6 0.9739583857438845 39.03248174002586 
-0.6 0.8131932800967547 39.12005643934625 
-0.6 0.9739583857438845 39.11342243457264 
-0.6 0.8131932800967547 39.04048706541584 
-0.6 0.8131932800967547 39.03549455973492 
-0.6 0.9741728973540518 39.06004856461816 
-0.6 0.8131932800967547 39.0363839231188 
-0.6 0.8131932800967547 39.11510627111095 
-0.6 0.9979228143560732 2.8990263494731274 
-0.6 0.9979228143560732 2.8414214371966002 
-0.6 0.9979228143560732 39.13103397992095 
-0.6 0.9979228143560732 2.896746511391159 
-0.6 0.9979228143560732 39.029164277709384 
-0.6 0.9979228143560732 2.841733964701098 
-0.6 0.9979228143560732 39.02953170513448 
-0.6 0.9930370598523979 2.76994874892687 
-0.6 0.9930370598523979 2.7729072277296782 
-0.6 0.9741728973540518 2.7679412790669664 
-0.6 0.9930370598523979 2.778473473435755 
-0.6 1.0014447736634082 39.02445186319222 
-0.6 0.9930370598523979 2.8594624195316802 
-0.6 0.7441164583074311 27.273111375711707 
-0.6 0.1196226357557606 39.0306390977523 
-0.6 0.1196226357557606 24.212219299071638 
-0.6 0.9741728973540518 39.02398928040418 
-0.6 0.9930370598523979 2.7532852638260255 
-0.6 0.9979228143560732 39.02866715647096 
-0.6 0.8131932800967547 24.190155872323256 
3.7 0.7950976439455104 216.6493698127922 
2.0 0.5852359267281315 39.033607510689684 
2.0 1.0811110862523066 39.02853430054954 
2.0 0.5855439469549566 39.02591843952807 
2.0 0.9435873334861782 39.03203650278463 
2.0 1.0025495976443608 2.8451333766843767 
2.0 1.0025498870506624 39.022942991889245 
2.0 0.6544661689110853 24.217474591131758 
2.0 1.0025498870506624 2.683582339724824 
2.0 1.0025498870506624 39.0254049856503 
2.0 0.2816136155177844 39.028835810248 
2.0 1.0022283874181 2.6894547081738978 
2.0 1.0022283874181 39.024039042355334 
2.0 1.0025498870506624 2.6845284631136086 
2.0 1.0025498870506624 2.765469996610585 
2.0 1.0022283874181 2.768061835990873 
2.0 0.5855398588023917 2.8331258269218336 
2.0 1.0811110862523066 39.02575535325124 
2.0 1.0025498870506624 2.846052208565948 
2.0 0.5855393520252079 2.8853515704834964 
2.0 1.0025495976443608 39.027820253395646 
2.0 1.486849036300626 24.202028145593342 
2.0 0.5855385666807393 39.02717457089402 
2.9 0.4467752003955354 28.937539259518285 
2.9 0.6545664097227331 183.50759449707104 
2.9 1.1842592313833649 39.02035306876513 
2.9 0.4465677464659308 28.79233357438691 
-0.3 0.036099276735271246 133.51706159229715 
-0.3 0.8098903692098105 39.03016317230692 
-0.3 0.8098903692098105 39.020898588483874 
-0.3 0.036099276735271246 39.03177908799914 
-0.3 0.8098903692098105 39.02204503857115 
-0.3 0.8098903692098105 39.19548283740339 
-0.3 0.8098903692098105 2.9157620844233536 
-0.3 0.8098903692098105 2.9153937116194983 
-0.3 0.036099276735271246 2.889777353881532 
-0.3 0.8096282296552033 39.033835222632796 
-0.3 0.8097068721271512 2.7958904701046077 
-0.3 0.8093654570708821 2.785886250946787 
-0.3 0.8093654570708821 39.02526900839747 
-0.3 1.2288049705359185 41.08596052779656 
-0.3 0.8093654570708821 39.024539827865006 
-0.3 0.036099276735271246 2.8334939272297257 
-0.3 0.8097068721271512 39.025762734375036 
-0.3 0.8093654570708821 2.786017274447637 
-0.3 0.036099276735271246 2.845658978791271 
-0.3 0.8093654570708821 2.7826771703919158 
-0.3 0.036099276735271246 39.02112231947371 
-0.3 0.8098903692098105 39.025502866897554 
-0.3 0.036099276735271246 39.022532774576504 
-0.3 0.8098271726314863 2.7285426697415387 
-0.3 0.8093654570708821 39.02526366456246 
-0.3 0.036099276735271246 39.04002826871977 
-0.3 0.036099276735271246 2.833347609796929 
-0.3 0.8098271726314863 2.7285277537816874 
-0.3 1.2261176061974908 2.9168015383104025 
-0.3 0.036099276735271246 2.8333846236182376 
-0.3 0.8098903692098105 39.030091052827096 
-0.3 0.036099276735271246 2.8335271736897085 
-0.3 0.8093654570708821 24.206210511332383 
-0.3 0.8098271726314863 2.741481169641624 
-0.3 0.036099276735271246 39.02868450880667 
-0.3 0.036099276735271246 2.833347595443796 
-0.3 1.2261176061974908 39.0288048693341 
-0.3 0.036099276735271246 39.028685046618676 
-0.3 0.8098271726314863 2.7285423234516823 
-0.3 0.8098271726314863 2.735874034730346 
-0.3 0.036099276735271246 2.8393458111086667 
-0.3 0.8093654570708821 2.783151480228339 
-0.3 0.8098903692098105 2.854852529935412 
-0.3 0.8093654570708821 2.782673077642735 
-0.3 0.036099276735271246 39.02873677667666 
-0.3 0.8098271726314863 39.02121971572338 
-0.3 0.8098271726314863 2.7279323235621367 
-0.3 0.8098271726314863 2.729329186324989 
-0.3 0.8098271726314863 2.7293934048190733 
-0.3 0.036099276735271246 2.8333213679528964 
-0.3 0.036099276735271246 39.029156725281254 
-0.3 0.036099276735271246 39.03749301296366 
-0.3 0.036099276735271246 39.02960066722111 
-0.3 0.809636031011479 24.225965128432453 
-0.3 0.036099276735271246 2.8333211830511575 
-0.3 0.036099276735271246 2.8362273612220634 
-0.3 0.036099276735271246 39.02737404851972 
-0.3 0.036099276735271246 39.02761503582512 
-0.3 0.8098271726314863 39.020578440830526 
-0.3 0.8098903692098105 2.781643617803209 
1.9 0.8082654403785625 39.038144521372715 
1.9 0.40112096560486066 24.201648371671748 
-0.0 0.003331218658928492 2.949334578750183 
-0.0 0.003331218658928492 2.9324088793808443 
-0.0 0.003331218658928492 2.91772227655695 
-0.0 0.003331218658928492 2.932645464987406 
-0.0 -0.033955858166621056 2.869255236020042 
-0.0 -0.033955858166621056 2.854245199694585 
-0.0 0.8885737912558938 39.36478473736793 
1.4 0.4922144395591346 211.8824534035173 
1.4 -0.22974178436579962 196.24046143041977 
1.1 0.7702656648294806 247.58504016460563 
1.1 0.2608910987367068 12.298958555082843 
1.1 0.2608927068463345 39.01445476179509 
1.1 0.2608927068463345 39.01487296535589 
1.1 0.2608910987367068 12.321618132394537 
1.1 -0.09714194988622182 39.00912444685413 
1.1 0.2608897801983261 12.324299953399485 
1.1 0.2608927068463345 39.01485903284073 
1.1 0.2608910987367068 12.298971799524365 
1.1 0.43797043017862336 39.26295633878517 
1.1 0.2608902738179921 39.023078107069445 
1.1 0.2608902738179921 12.342043162164037 
1.1 0.2608910987367068 12.32237965872854 
1.1 0.26088974012472477 39.01786661529438 
1.1 -0.09714194988620761 39.26970003950076 
