-0.9 [[31.37245090447592], [2.4171718457015223, 162.34947747304594, 39.587131188180024], [0.09396325034158443, 111.3015033965161], [0.15389507449262013, 8.42787929013298]] 
-0.9 [[47.43638858849249], [2.5, 177.09403063669765, 106.01537365586611], [1.2748169498136037, 138.06680596133384], [0.12457122874011106, 48.40719268972724]] 
-0.9 [[21.50912625468324], [2.499645795283353, 181.88229135584984, 106.01537365586611], [0.06952378212902299, 136.67992701783623], [1.952690886057695, 6.553997844639909]] 
-0.9 [[47.43638858849249], [2.5, 164.7263978244792, 106.01537365586611], [1.2748169498136037, 136.88263722024968], [1.0433934465773156, 11.681809738469642]] 
-0.7 [[21.310313601852247], [2.5, 68.83675475023533, 39.587131188180024], [0.007987373574515955, 106.49962824587537], [0.2073061010807017, 6.151172575648662]] 
-0.4 [[25.174088008663343], [2.5, 176.33366652596555, 39.587131188180024], [50.22325751593707, 128.03374439490273], [0.007436579741936011, 11.592715525984175]] 
-0.4 [[25.174088008663343], [36.54645618466427, 176.34754065312555, 39.587131188180024], [0.07802274426522221, 137.22606477021068], [1.7539966754140828, 5.602213676418768]] 
-0.5 [[44.64370321628029], [2.5, 176.40717589819653, 106.01537365586611], [1.4239949336978552, 137.2247992025303], [1.0408347812048355, 9.990921314586668]] 
-0.5 [[25.182111466068342], [2.5, 189.41334358882239, 39.587131188180024], [50.22325751593707, 137.19416272099437], [1.4645645075601859, 11.667644056251113]] 
0.1 [[44.618230705775254], [2.5, 173.92078050965006, 106.01537365586611], [0.009853228606265071, 150.37304975928558], [1.472674153380116, 47.32841432833392]] 
0.1 [[37.7169264788573], [2.5, 180.02773690765636, 106.01537365586611], [0.009853228606265071, 129.6304742957214], [1.489505805228937, 5.294125722562804]] 
2.8 [[34.40403708783444], [2.417192116775447, 162.58076421520332, 2.5], [0.0943764412119431, 106.31977183876285], [0.16794627730590628, 49.42193619229797]] 
2.1 [[32.67529748911665], [2.5, 70.19515980359063, 2.5], [0.004950622566037177, 150.2097743212507], [1.5571908334634492, 47.827900017261385]] 
2.1 [[17.523653389293393], [2.4995546137036277, 165.95097819144112, 2.5], [0.08574828227842934, 194.97096933575057], [1.046226394324003, 6.721747052420845]] 
2.1 [[30.274971000441745], [2.4998497894528544, 84.12388450248113, 106.01537365586611], [1.4249167925358124, 144.15023727194216], [0.6124881887051374, 7.213864579701731]] 
2.1 [[21.487142643007758], [2.419067408419124, 197.45802406378914, 39.587131188180024], [0.05355965357565884, 194.97096933575057], [1.5513352466767216, 7.038394487702311]] 
2.1 [[34.40403708783444], [2.5, 199.4847281200882, 2.5], [0.0688033778742134, 106.31977183876285], [0.26577798370402994, 43.95038323998541]] 
-0.8 [[46.36089812573544], [2.5, 198.863096916283, 39.587131188180024], [0.007987373574515955, 106.49962824587537], [0.16523641406104456, 3.534448903397468]] 
-0.8 [[25.303138163905203], [2.5, 89.19017284344028, 106.01537365586611], [1.3807173547506344, 111.33672391564855], [0.42117959553991136, 3.067391269111405]] 
-0.2 [[46.704564481118894], [2.5, 189.38666065906048, 106.01537365586611], [0.010298020455439622, 137.2247992025303], [1.0433054528691188, 4.976669809321823]] 
-0.3 [[46.74410590187502], [2.5, 189.38666065906048, 106.01537365586611], [0.22416136043685975, 137.2247992025303], [1.0433054528691188, 5.69130788887289]] 
