0.7 -0.4423502110618074 277.9169331187455 
0.7 -0.10859497232814874 39.79046671596746 
0.7 -0.4423502110618074 277.9159602531605 
0.7 -0.10505218930751425 39.037268158602714 
0.7 -0.43714523945067185 33.55589707407832 
0.7 -0.11237302832620344 39.03456274452337 
0.7 -0.3432011114174145 40.92058339770588 
0.7 -0.10627974700503273 39.01337652269736 
1.5 64.96097500662808 182.0935937275214 
1.5 64.96097500662808 39.05695608371956 
0.6 -0.10102693788752504 39.01321332109694 
4.3 -0.02459484063760442 15.492313410184796 
4.3 -0.02459484063760442 39.016523603574534 
3.0 -0.20645268027530506 33.92891630720483 
3.0 -0.45260151374066027 39.059447800706835 
3.0 -0.37701722879367594 39.0254629275101 
3.0 1.6674229199572892 39.02327809945305 
3.0 2.047073648419911 39.0200303334078 
3.0 0.27526334905311955 15.514530636817474 
3.0 0.27526334905311955 2.533834439169869 
-0.7 -0.6677463086443254 39.02043758519783 
-0.7 -0.6677463086443254 15.503001441495773 
-0.7 -0.6677463086443254 39.020369102146276 
-0.7 -0.6822625168104821 15.578255140619909 
-0.7 -0.6677463086443254 39.01361468978874 
-0.7 -0.6677463086443254 15.531447574777262 
-0.7 -0.6822625168104821 15.550146260667358 
-0.7 -1.0984903114037934 40.92136329970801 
-0.7 -0.6453767216356141 21.45651037728583 
-0.7 -0.6677463086443254 15.50256737017092 
-0.7 -0.4799440185715298 2.627668543291545 
-0.7 -0.6657668056371904 39.02894886227884 
-0.7 -0.4799440185715298 2.565944759671846 
-0.7 -0.6453767216356141 40.92090345811493 
-0.7 -0.6822625168104821 39.01613317797982 
-0.7 -0.6677463086443254 39.02058891543499 
-0.7 -0.6677463086443254 39.01919340149477 
-0.7 -0.6658041250130395 39.024057546376405 
-0.7 -0.6822625168104821 15.548743747305863 
-0.7 -0.6822625168104821 15.548846162200954 
-0.7 -0.4799440185715298 39.18251917597729 
-0.7 -0.4799440185715298 2.565707498728431 
-0.7 -0.9367573580427688 39.026808927423836 
-0.7 -0.6642867162271671 40.92112358386916 
-0.7 -0.9367573580427688 39.02067713925522 
-0.7 -0.4799440185715298 39.0204132189424 
-0.7 -0.4799440185715298 39.19307458102248 
-0.7 -0.6822625168104821 15.548729609952112 
-0.7 -0.4799440185715298 39.02085155157045 
-0.7 -0.9367573580427688 39.02069344929645 
-0.7 -0.9367573580427688 39.019618844094744 
-0.7 -0.9367573580427688 15.503987763838488 
-0.7 -0.6363661706086248 39.0264350300905 
-0.7 -0.9463050925444918 40.92130783177168 
-0.7 -0.9463050925444918 40.92127872428915 
-0.7 -0.9367573580427688 39.0209930643327 
-0.7 -0.6677463086443254 39.0248158600527 
-0.7 -1.0984903114037934 40.92151941263359 
-0.4 -0.3429648401212546 39.02098538435782 
-0.4 -0.3429648401212546 39.07945869632454 
-0.4 -0.3429648401212546 39.020258515690564 
-0.4 -0.5570502589137618 39.02134940342007 
-0.4 -0.3429648401212546 39.1862976071455 
-0.4 -0.3429648401212546 39.015138067660914 
-0.4 -0.3429648401212546 39.01705219811044 
-0.4 -0.6261297184474017 39.52596704597532 
-0.4 -0.5744826603554429 39.01976703775202 
-0.4 -0.3429648401212546 39.02062367228912 
-0.4 -0.3429648401212546 15.503806026014532 
-0.4 -0.3429648401212546 39.01699568723903 
-0.4 -0.3429648401212546 39.04114975434247 
3.8 -0.5798328200006893 20.09298443473912 
3.8 -0.5798328200006893 20.092966298694613 
3.8 -0.5798328200006893 41.057789728872656 
3.8 -123.61840190483967 39.028675510696935 
3.8 -0.5570427818719565 41.05009641480795 
3.8 -123.27522804433269 15.492778062740282 
3.8 -0.5798328200006893 41.05782251218616 
3.8 -123.10476050415753 39.013508567072364 
3.8 -123.62282261758332 39.07054295911303 
3.8 -0.5798328200006893 41.0587705214599 
3.8 -124.78117664297129 15.514571628381981 
3.8 -123.10486782393652 39.577118697674564 
3.8 -123.10486782393652 39.01344704962725 
3.8 -123.62292083488546 15.514720020528383 
3.8 -0.11468637330645493 39.0220170119224 
3.8 -1.330037162275346 42.158296612249714 
3.8 -123.91204653914595 39.01833410907482 
3.8 -123.61840190483967 39.02198281025896 
3.8 -123.61840190483967 39.02198296022585 
3.8 -0.5603133106472455 40.03483199603682 
3.8 -123.33107079043154 39.019529503339726 
3.8 -123.61840190483967 39.0218652601018 
3.8 -123.32381443262109 39.02448524628977 
3.8 -123.27522804433269 15.49228585823697 
3.8 -123.84959720587327 15.50459984464057 
3.8 -123.62292083488546 15.510083644179526 
3.8 -123.10648813291527 15.492316066986763 
3.8 -124.70673619701904 39.02186496636023 
3.8 -35.039024993371925 39.02231123368702 
3.8 -0.5659202844148865 15.514407631455578 
3.8 -123.45478656761783 39.01703849045144 
3.8 -123.61840190483967 39.022305660289135 
3.8 0.33115571055040505 39.02020489571917 
3.8 -124.77393304097869 15.517000996604864 
3.8 0.19233696949578416 39.017061645849324 
3.8 -123.26870327079591 15.492302206800474 
3.8 -123.27522804433269 15.492693480546956 
3.8 -123.27522804433269 15.492566715799402 
3.8 -123.26870327079591 15.492282293664884 
3.8 -123.23663254292585 39.02017597892318 
3.8 -35.039024993371925 39.01631145942717 
3.8 -123.27522804433269 15.49223662251437 
3.8 -124.67124623212209 39.31691644748862 
3.8 -123.1060685364755 39.01316000216111 
3.8 -123.32381443262109 39.01762100273785 
3.8 -35.039024993371925 39.01603736866344 
3.8 -124.77443171295576 15.504354476162598 
3.8 -124.78117664297129 15.512576907867857 
3.8 -123.0405903460233 15.492822480227591 
3.8 0.21490879013904873 39.89597578378453 
3.8 -124.78117664297129 15.512576908372635 
3.8 -0.3923896973427645 40.921130322512646 
3.8 -123.10733090565141 15.500306871762328 
0.3 -0.19241174678828088 53.73750099823215 
0.3 -0.36514914420965283 323.8826899756967 
0.3 -0.10758052925203287 62.405853252060304 
0.3 -0.1036323966161774 62.044673478462535 
0.3 -0.5285047430394911 21.449759251990493 
0.3 -0.36514914420965283 323.88352328849237 
0.3 -0.1033508883103309 39.01657460958662 
0.3 -0.1036323966161774 39.043040707750585 
0.3 -0.36514914420965283 323.8824956221321 
0.3 -0.1036323966161774 15.557945977219763 
0.3 -0.19241174678828088 39.713906501214716 
0.3 -0.1036323966161774 39.04059430789839 
0.3 -0.1036323966161774 39.098445144950105 
0.3 -0.1036323966161774 39.03423503948187 
0.3 -0.1036323966161774 39.021742844443054 
0.3 -0.1036323966161774 39.020857958281674 
0.3 -0.1036323966161774 39.188305058862866 
0.3 -0.10799312228402869 21.46347141478542 
0.3 -0.24559693733803556 39.022989026201515 
0.3 -0.10251196669551632 14.186304199281821 
0.3 -0.5285047430394911 41.72048390780804 
0.3 -0.10457313561983028 15.552713514617208 
0.3 -0.10398130060889343 39.22725833703412 
0.3 -0.10670626801606886 39.021448203794506 
0.3 -0.5285047430394911 21.449779527577785 
0.3 -0.5285047430394911 21.450220936412 
0.3 -0.5285047430394911 41.720678141361006 
0.3 -0.10236306523603389 15.558571584767897 
0.3 -0.10398130060889343 39.62311682072675 
2.3 64.96097500662808 315.8649425536422 
2.3 64.96097500662808 41.94654027458173 
2.3 64.96097500662808 15.509543371683641 
3.4 0.20883105619634534 27.692439450821148 
3.4 0.20883105619634534 27.684111763959724 
3.4 -0.2660944834831298 39.03784856940722 
3.4 -1.4539227231161078 41.927980315186325 
3.4 -124.69204702385461 39.032467621988005 
3.4 -123.6773369877007 39.38575237590246 
3.4 -0.46046671789184757 39.04248442665016 
3.4 -124.58877544041395 39.02115743505467 
3.4 -124.58877544041395 39.023658446090145 
3.4 -123.1315793316601 39.01966596939773 
3.4 -123.0256235205162 39.02065672272402 
3.4 -123.03043704393855 39.02921137422453 
3.4 -123.1315793316601 39.01932620064335 
3.4 -124.6446412410135 39.01941179032517 
3.4 -124.63222736998505 39.15545845316907 
3.4 -123.16946090936739 39.01307881267955 
3.4 -123.02589270611884 39.06030933031586 
3.4 -124.71188272000754 39.01616476466342 
3.4 -124.19026945423211 39.01968207290159 
3.4 -123.1315793316601 39.019321961934516 
3.4 -123.13670215240337 39.01606065387084 
3.4 -124.11260756945485 39.01456017408464 
3.4 -123.02514701080683 39.01327845979601 
3.4 -124.68244270748073 39.01304599879488 
3.4 -124.60648157809473 39.0162095729582 
3.4 0.26030804909552785 39.019232814763846 
3.4 -123.13947909172462 39.0130866653298 
3.4 0.43824244753056973 39.01290590080471 
3.4 -124.68244270748073 39.01303666985015 
3.4 -124.68244270748073 39.03213019216065 
3.4 -124.75580359626863 15.511631964458202 
3.4 -124.63222736998505 39.01294949783545 
3.4 -124.62568319879284 15.511952655015554 
3.4 -0.24519980207625736 39.01359426701758 
3.4 -124.75580359626863 15.511670476818 
3.4 -124.58810208670552 39.01605510205798 
3.4 -124.75580359626863 15.511631963953278 
3.4 -0.09435588221765556 39.35603989956875 
1.0 64.96097500662808 252.2108662274355 
1.0 64.96097500662808 138.37849734000787 
1.0 64.96097500662808 137.90457256696246 
1.0 64.96097500662808 39.031956486539734 
1.0 64.96097500662808 252.2066702213824 
1.0 64.96097500662808 43.37780590500845 
1.0 64.96097500662808 39.602912287234815 
1.0 64.96097500662808 12.590037353036728 
1.0 64.96097500662808 40.936480211886945 
1.0 64.96097500662808 39.01874794795981 
1.0 64.96097500662808 2.592633921804475 
1.0 64.96097500662808 39.02138997500404 
1.0 64.96097500662808 39.01761676695323 
1.0 64.96097500662808 39.01880049792264 
4.0 0.012060001446343449 33.55593337521217 
4.0 -0.869325114907241 14.291576182075051 
4.0 -0.07110219989803568 354.66821264470025 
4.0 2.2029321294575936 39.0299216229422 
4.0 1.2089896372805242 39.04712527248358 
4.0 -0.25361573291385753 14.292341889845924 
4.0 0.2181872115229453 11.042065124591218 
4.0 0.09594690730943967 40.03821399725523 
4.0 -0.06000952282539629 39.019129657390764 
4.0 0.012060001446343449 14.254270318299676 
4.0 0.09594690730943967 14.29216379055385 
4.0 0.28345907111778956 11.131012858976888 
4.0 0.5446641747215892 39.02114947778371 
4.0 0.28345907111778956 11.129831607513 
4.0 -0.869325114907241 40.061966861473245 
4.0 0.8141913509492156 39.01379164725819 
4.0 -0.8653150305279951 14.291549607048728 
4.0 -0.8653150305279951 14.291714935311017 
4.0 0.5446641747215892 39.01660890037927 
4.0 0.2466344184524587 39.02025900522975 
4.0 -0.047228223586472495 39.05187879431497 
4.0 0.6610619748272768 39.01314112881633 
4.0 -0.869325114907241 40.03747843339701 
4.0 -0.82451357579572 40.06202499976364 
4.0 0.28345907111778956 39.04675565226775 
4.0 0.3010782964600196 39.04550830861 
4.0 -0.3439907194737657 39.02157855262363 
4.0 -125.24851795206305 15.492447887529183 
4.0 -124.97424252038326 39.013556264819684 
4.0 -0.6181102704183274 15.496616710402039 
4.0 -124.46493752680749 15.492577517830263 
4.0 -124.97424252038326 39.01342536202215 
4.0 -124.49572150511318 39.014113320449425 
0.9 -0.46566011318398637 12.651542755293423 
0.9 -0.43463687547966856 40.94456563206231 
0.9 -0.46566011318398637 12.65396624242385 
0.9 0.04886857945507472 39.04023875893241 
0.9 -0.3804056815796457 2.9298987536274073 
0.9 -0.4686973815577744 12.60217926786499 
0.9 0.04859760942949265 39.02188548291131 
0.9 0.04842231743157299 39.02852933843732 
0.9 -0.40551345807134 39.022071765757204 
0.9 -0.45975918969534746 40.92063678369416 
0.9 -0.43463687547966856 40.92695740014198 
0.9 -0.37314334504267777 39.02436758650074 
0.9 -0.37314334504267777 39.02022594062612 
0.9 -0.37314334504267777 39.02637311852286 
0.9 -0.13183585617440485 39.021218252946284 
0.9 -0.3797481170546462 2.712221970500685 
0.9 0.048427418395789346 39.0328458818365 
0.9 -0.4587466236496027 41.726945878617244 
0.9 -0.41541785036559986 39.01326475425168 
0.9 -0.3972261213383774 39.026577812925865 
0.9 -0.2575804314998891 2.7088179925746423 
0.9 -0.37734209881995184 3.1588980659232737 
0.9 -0.3760671541558054 2.603873328797155 
0.9 -0.3797481170546462 2.7114031623255617 
0.9 -0.4668668763479218 40.92115649824331 
0.9 -0.3760671541558054 2.6030154816645 
0.9 -0.4034472512124694 39.01501043287534 
0.9 -0.40726959709019184 39.243469890550024 
0.9 -0.39359056022743744 2.792856349356762 
0.9 -0.10908009648380812 39.02758075626655 
0.9 -0.39359056022743744 2.8356948870818792 
0.9 -0.4668668763479218 12.587714474899311 
0.9 -0.2578735269197807 2.647022719221613 
0.9 -0.4668668763479218 40.9150991527383 
0.9 -0.45975918969534746 41.34780848385291 
0.9 -0.4075565635786518 2.7145897076865593 
0.9 0.04910339941267239 39.017401169529435 
0.9 -0.1222488707943512 2.5623025561573036 
0.9 -0.4686973815577744 12.600002794641163 
0.9 -0.11614056357643676 2.71184269571646 
0.9 -0.432870667153594 39.08561042585114 
0.9 -0.4686973815577744 12.587975785686238 
0.9 -0.46566011318398637 40.91669565578859 
0.9 0.04901590260431021 39.02153671341737 
0.9 -0.46157576593247995 2.514451637971466 
0.9 -0.41541785036559986 39.0133984903647 
0.9 -0.41541785036559986 39.040085970301845 
0.9 -0.43463687547966856 15.493162953357647 
0.9 -0.43463687547966856 2.531475901041195 
0.9 -0.46157576593247995 2.5144516451614223 
0.9 -0.41156328464575154 2.556516911592687 
-0.5 -0.6951831111683191 256.1956684777948 
-0.5 -0.6951831111683191 42.157519376192425 
-0.5 -0.3445713716260457 39.014553860671434 
-0.5 -0.3445713716260457 39.01564223489038 
-0.5 -0.3445713716260457 39.01595151591736 
-0.5 -0.3445713716260457 39.02367117236478 
-0.5 -0.3445713716260457 39.12458815385488 
-0.5 -0.3445713716260457 39.02153970588512 
-0.5 -0.6951831111683191 42.161380108208 
-0.5 -0.3445713716260457 39.02112777273736 
-0.5 -0.3445713716260457 39.02356749576248 
-0.5 -0.3445713716260457 39.019141479180504 
-0.5 -0.3445713716260457 39.04849972953644 
-0.5 -0.6951831111683191 42.15754563077373 
-0.5 -0.3445713716260457 39.01421063433662 
-0.5 -0.3445713716260457 39.014205352207846 
-0.5 -0.3445713716260457 39.01905968060409 
-0.5 -0.3445713716260457 39.014221835463694 
-0.5 -0.6951831111683191 39.01675805717499 
-0.5 -0.3445713716260457 39.048482670274 
-0.5 -0.6951831111683191 39.01675714668476 
-0.5 -0.6840215703300885 39.01787761216594 
-0.5 -0.3445713716260457 39.01359553326729 
-0.5 -0.3445713716260457 39.017045131364235 
-0.5 -0.3445713716260457 39.02003928560309 
-0.5 -0.3445713716260457 39.01651026649001 
-0.5 -0.6951831111683191 39.016918038843684 
-0.5 -0.6951831111683191 39.016756467670085 
3.1 -0.2007212988327467 243.37301891642304 
3.1 0.10335186806750585 44.13655554993554 
3.1 0.23462414535822518 39.07190495196152 
3.1 2.0091713939764873 39.03185376243381 
3.1 1.0260378144025708 39.18829506529216 
3.1 -0.8207072961774884 39.0198993565671 
3.1 -0.38130689429246445 39.13017779807613 
3.1 0.6466923532118471 39.01635415701206 
3.1 0.04941049472301984 39.01348284968498 
3.1 0.23462414535822518 39.01612717165206 
2.6 64.96097500662808 2.560371923325051 
2.6 64.96097500662808 39.016024954310595 
2.6 64.96097500662808 39.01364992252584 
2.6 64.96097500662808 39.0221834955651 
2.6 64.96097500662808 39.01642367803237 
2.6 64.96097500662808 39.020586269309476 
2.6 64.96097500662808 2.5594539382263255 
2.6 64.96097500662808 2.560285657499949 
2.6 64.96097500662808 39.016008901584385 
2.6 64.96097500662808 2.560284035903398 
2.6 64.96097500662808 2.5583928037347485 
2.6 64.96097500662808 39.01493132263194 
2.6 64.96097500662808 39.01542818676276 
2.6 64.96097500662808 2.5548400357415746 
3.6 -0.3519945046514863 39.02078605188228 
3.6 -0.3625901420609239 39.016999485505906 
3.6 -0.5435521347097847 40.921164224601675 
3.9 -0.5397109898356689 20.092893683684288 
3.9 -0.021819291588172973 126.59245608033012 
3.9 -0.5330956337937209 40.969586451894806 
3.9 -0.8806192846489864 20.09279878149693 
3.9 0.34161514484168265 39.04674949418205 
3.9 -124.31756286848353 15.531533420556771 
3.9 0.46750907049283796 41.05006890024231 
3.9 -0.9132854496817231 15.558668380034925 
3.9 -123.18202468584401 15.500778943506797 
3.9 -122.70748335727019 15.492500304217778 
3.9 -0.5397109898356689 20.092917608894474 
3.9 -122.69251315255725 39.0171736833495 
3.9 -123.03999640069999 39.01650124231317 
3.9 -0.11602993561319863 39.01326091437896 
3.9 -0.6278836890534762 15.506867646807303 
3.9 0.3750965338432195 15.505956962172553 
3.9 -0.35383687040121004 39.22147412832416 
3.9 -0.021819291588172973 39.02407888869671 
3.9 -123.1435626814355 15.512419077359915 
3.9 -124.32188964837438 39.04236361878941 
3.9 -123.16425189115706 15.498955238330591 
3.9 -122.99845453197086 39.013223233111276 
3.9 -122.70748335727019 15.492526973811959 
3.9 -122.56372494686228 39.0288878899709 
3.9 -122.82019681369019 15.492436378135228 
3.9 -123.18370427977956 39.025841999482935 
3.9 -122.68661257407672 39.09150293622175 
3.9 -122.69251315255725 39.48561030182678 
3.9 -122.69251315255725 39.01692541868249 
3.9 -124.00810010784296 15.502038848962222 
3.9 -123.07997970042646 39.01354050875024 
3.9 0.09083413426174047 39.02097929072372 
3.9 -0.8696231228380782 39.019509672419666 
3.9 -122.70748335727019 15.49255946974037 
3.9 0.2892672777998371 39.012912621380735 
3.9 -123.18202468584401 15.500307581302524 
3.9 -124.00810010784296 15.502885625349581 
3.9 -123.16556406649289 39.0312275223721 
3.9 -122.69251315255725 39.01419584194594 
3.9 -122.68661257407672 39.01318143992004 
3.9 -122.80522790128552 15.493312222858888 
3.9 0.06054069805918516 15.559299547542219 
3.9 -121.99027443491065 39.02398832060492 
3.9 -123.1435626814355 15.510923225912364 
3.9 -124.00810010784296 15.50240124907605 
3.9 -123.11632749721838 39.017134032207046 
3.9 -0.021819291588172973 39.01411171609961 
3.9 -123.94608174624042 15.50176257178094 
3.9 -35.039024993371925 39.01646255361721 
3.9 0.36419257114619086 15.51145757142339 
3.9 -124.00810010784296 15.50203994925051 
3.9 -122.68661257407672 39.01354632549767 
3.9 -0.5880681680779958 39.04580778897844 
3.9 -123.16089177497253 15.492477733814903 
3.9 0.7907580915680228 39.01315143273454 
1.3 64.96097500662808 219.9972885657852 
1.3 64.96097500662808 354.66716888131043 
1.3 64.96097500662808 39.02627514570492 
1.3 64.96097500662808 4.364414810733984 
1.3 64.96097500662808 4.3640996534409044 
1.6 64.96097500662808 158.31137470998453 
1.6 64.96097500662808 2.770703737993698 
0.1 -0.09651901771701432 195.44280288166735 
0.1 -0.09018074206477422 39.01811847502837 
0.1 -0.09778768876265076 4.461908762714464 
0.1 -0.09589302693788682 4.474940791118632 
0.1 -0.09579520940422981 39.03782955538943 
0.1 -0.09609516502254678 15.589151855194201 
0.1 -0.505430942394895 39.01986825283867 
0.1 -0.3472210622986722 39.020497315953286 
0.1 -0.09846929896346523 39.16416390723756 
3.5 1.0194155073249647 39.12218964049492 
3.5 -123.25140839255529 39.016812280226446 
3.5 -123.14179264091254 39.01708766086469 
3.5 -123.23725423277172 39.01716777356741 
3.5 -123.21273705906533 39.028656265159576 
3.5 -123.25140839255529 15.510923181772405 
3.5 1.1955408085251804 39.024061050184564 
3.5 -125.21223412572819 39.02031147526313 
3.5 -123.10676238205791 39.015479745262866 
3.5 -125.21223412572819 39.02030821438296 
3.5 -125.21223412572819 39.02076456535049 
3.5 -125.21223412572819 39.020316793133695 
3.5 -124.34077982750416 39.01893909189745 
3.5 -35.039024993371925 2.560406301609181 
3.5 -125.21223412572819 39.06309942031152 
3.5 -122.94817519703051 39.01323804732893 
3.5 -123.88980496691731 39.013456510651 
3.5 -124.34077982750416 39.018955864565115 
3.5 -125.21223412572819 39.35489760899477 
3.5 -125.21223412572819 39.02023320005856 
3.5 -124.33560999665784 39.016431250854296 
3.5 -123.09189216694143 39.02084393838369 
3.5 -122.94746219664158 39.01323477734061 
3.5 -35.039024993371925 2.558111540822966 
3.5 -124.43765012999502 39.03873432687018 
3.5 -0.6890016775695642 39.016435505587346 
3.5 -123.10676238205791 39.02064092102218 
3.5 -35.039024993371925 39.01614306202272 
3.5 -35.039024993371925 2.6187498220537373 
3.5 0.2538443982148806 39.017178391617286 
3.5 -123.25140839255529 15.510862065045094 
3.5 -0.825803482429194 41.72379982531237 
3.5 -0.11899469426666087 2.560485580871686 
3.5 -124.33226868204643 39.016193990979374 
3.5 -124.24017731229334 39.02293864918564 
3.5 -35.039024993371925 2.5655256238662023 
3.5 -35.039024993371925 2.5581128834691893 
3.5 -125.21223412572819 39.020200577085085 
3.5 -35.039024993371925 2.5367415389520653 
3.5 -122.69341865398727 2.5728982138121723 
3.5 -124.33226868204643 39.01617708896251 
3.5 -124.33226868204643 39.040934226492595 
3.5 -125.21223412572819 39.02019951444516 
3.5 -124.31004107249241 39.472508113028596 
3.5 -124.25039769948347 39.020881763701496 
3.5 -0.3081701534040917 39.017253105193824 
3.5 -0.3101187855350531 15.508204788972433 
2.8 64.96097500662808 274.63497097042404 
2.8 64.96097500662808 39.03339694434204 
2.8 64.96097500662808 39.04610379762912 
2.8 64.96097500662808 40.95240638535252 
2.8 64.96097500662808 39.032138519847834 
2.8 64.96097500662808 39.024860925911035 
2.8 64.96097500662808 39.027372915754874 
2.8 64.96097500662808 39.02959373758467 
2.8 64.96097500662808 39.0255534740173 
2.8 64.96097500662808 39.023055260791196 
2.8 64.96097500662808 39.016014458098965 
2.8 64.96097500662808 39.016392820657465 
2.8 64.96097500662808 39.54867996234086 
2.8 64.96097500662808 15.496197753843655 
2.8 64.96097500662808 39.020929418513326 
1.7 64.96097500662808 137.20443749185952 
1.7 64.96097500662808 42.4727583882212 
2.1 64.96097500662808 330.7549795791171 
2.1 64.96097500662808 330.7550010891937 
0.8 -0.4564593518572053 21.461205294113814 
0.8 -0.3855623728929345 131.3119873892895 
0.8 -0.3855623728929345 53.73946481778144 
0.8 -0.3653802251366187 34.63407452731248 
0.8 -0.3855623728929345 131.31261923898893 
0.8 -0.42683500997469537 39.02872707956558 
0.8 -0.6818264190725927 40.935818457075115 
0.8 -0.38373486736787754 40.92053236520996 
2.5 64.96097500662808 266.1570033964845 
2.5 64.96097500662808 181.9569324927878 
2.5 64.96097500662808 266.15880397611994 
2.5 64.96097500662808 2.5991392668155995 
2.5 64.96097500662808 39.0175838613675 
2.5 64.96097500662808 39.01661961826738 
2.5 64.96097500662808 39.013131586120394 
3.3 -1.508657097530886 267.4052862191324 
3.3 -0.09465543119472386 349.05024154507464 
3.3 -0.4529369903094107 150.70008494752892 
3.3 -1.0147430102419435 267.40429565020884 
3.3 -1.257298104534641 42.344065497331705 
3.3 -0.3188378577374351 39.05663044175817 
3.3 0.31586744378557796 39.037482673771684 
3.3 -1.0147430102419435 42.34420636792795 
3.3 -0.18322686912046038 42.3429600329431 
3.3 1.704049340649874 39.017352438342506 
3.3 0.36641287238515474 39.01997565911132 
3.3 -0.8068853551371831 42.344899967865125 
3.3 -1.160465509355987 40.754110041726754 
3.3 2.0765044204802052 39.014009226951394 
3.3 0.6879422907569506 39.01320701625114 
3.3 0.6879422907569506 39.01304286584142 
3.3 1.6487322852696877 39.01460989429627 
3.3 1.6487322852696877 15.511631964458202 
3.3 1.6487322852696877 15.51278275798669 
0.5 -0.4498990467976398 17.34076873623717 
0.5 -0.4498990467976398 17.340872265365395 
0.5 -0.08855164154761042 14.315651970411576 
0.5 -0.08745733005036982 39.02761498067228 
0.5 0.049691226484696926 39.06905441728522 
0.5 -0.2504087787543483 39.02171164298523 
0.5 -0.2504087787543483 39.035508257225764 
0.5 -0.4498990467976398 17.341419771996325 
0.5 -0.09984758481934364 14.298889608748775 
3.2 -1.021290091700081 47.86217419806358 
3.2 -35.039024993371925 39.019377957770025 
3.2 -35.039024993371925 47.8621269230616 
3.2 -0.25511631773144927 45.34529773062189 
3.2 -1.406628919843257 42.47244784611817 
3.2 -0.3887698759450018 39.020379245195464 
3.2 -0.42215985050515314 39.016642925458534 
3.2 -35.039024993371925 39.025711077466845 
3.2 -35.039024993371925 39.02566477272989 
3.2 -35.039024993371925 39.0195530395578 
3.2 -1.7169882390937232 39.0275202942742 
3.2 -35.039024993371925 39.01563862859195 
3.2 -0.18201935555850923 39.2252335190329 
3.2 -35.039024993371925 39.01324354538244 
3.2 -35.039024993371925 39.0134613339046 
3.2 0.471104978440394 39.31038597305012 
3.2 1.0206766195304908 39.07031127277479 
3.2 -35.039024993371925 39.02034028180946 
3.2 -1.7171794574978207 39.019910684937514 
3.2 0.3412344605932276 15.492346471357026 
3.2 0.9332416518809623 39.01696448687826 
3.2 0.9149023085682302 39.029674200332884 
3.2 1.1894740752656503 39.01308740294069 
3.2 0.6587553444130663 39.020226109936345 
3.2 -35.039024993371925 39.01661222669967 
3.2 -35.039024993371925 39.01313517938146 
3.2 -0.42215985050515314 39.013104110859636 
3.2 -35.039024993371925 39.02417307998572 
3.2 -35.039024993371925 39.031141146564 
3.2 -35.039024993371925 39.0131651342552 
3.2 -35.039024993371925 39.01313517967281 
3.2 -35.039024993371925 39.013130618919845 
3.2 -35.039024993371925 39.013140596739106 
3.2 -35.039024993371925 39.0131837021927 
3.2 -0.40029048070735485 39.013075257163905 
3.2 -35.039024993371925 39.01313514886077 
3.2 -35.039024993371925 39.01930243788979 
3.2 -35.039024993371925 39.01313532001768 
4.2 -125.20372339532838 15.492313410184796 
4.2 0.9091229122870743 15.492604376093318 
4.2 -124.93718769064364 15.492535188428977 
4.2 0.9091229122870743 15.507794330549954 
4.2 -125.2217085574917 15.492618442273432 
4.2 -125.20372339532838 15.492306523210361 
4.2 -124.75976014470776 39.01313966183059 
4.2 -0.4015543788179059 39.01288123305432 
4.2 -125.43212662088129 39.623436597331654 
4.2 -125.20372339532838 15.492294531225912 
4.2 -125.2217085574917 15.492323795911199 
4.2 -125.15323703000381 15.492305521447262 
4.2 -124.75976014470776 39.013136028008375 
4.2 -124.79157225760794 39.01344705576178 
4.2 -35.039024993371925 2.509281869801634 
4.2 -125.35786293836608 39.63863021727384 
4.2 -0.6816954603148417 2.5573420617487974 
4.2 -35.039024993371925 15.502047688643405 
4.2 -125.20372339532838 15.492297630598538 
4.2 -125.2217085574917 15.492615281691153 
1.2 64.96097500662808 258.8545980899641 
1.2 64.96097500662808 15.506162151981782 
1.2 64.96097500662808 258.8545891701108 
1.2 64.96097500662808 39.047648028667496 
2.7 64.96097500662808 87.09144402828738 
2.7 64.96097500662808 2.594843497728351 
4.1 1.4040995981250433 25.365159897489537 
4.1 -0.900799059366193 131.3119986559861 
4.1 1.4040995981250433 39.0436528188665 
4.1 1.4040995981250433 39.04246931264116 
4.1 -124.2398053401194 39.021052155032635 
4.1 0.7467906451552722 39.01995564786926 
4.1 -0.27861423288567266 39.02354890311845 
4.1 -124.2398053401194 39.080913792558086 
4.1 -124.2398053401194 39.021050255398926 
4.1 -122.77690719598777 39.021114618065084 
4.1 1.2913086138397034 39.03707499428422 
4.1 0.7917797493641672 39.02037141383882 
4.1 -0.4479525757312217 15.541863855094693 
4.1 -124.32576106363217 39.01900881549054 
4.1 1.4040995981250717 39.02147683686409 
4.1 0.7917797493641672 39.01485494906753 
4.1 0.7917797493641672 15.492589581723571 
4.1 -35.039024993371925 39.017424910061436 
4.1 -124.81619678805238 39.02047596537412 
4.1 0.7917797493641672 15.492437146217338 
0.4 -0.36597722310602876 7.3873726257142796 
0.4 -0.5069195570947045 77.59515895359516 
0.4 -0.36597722310602876 39.058975956280634 
0.4 -0.3655208801263541 76.13244325578275 
0.4 -0.3628400434212722 76.1268520468104 
0.4 -0.3628400434212722 39.023651986172894 
0.4 -0.3628400434212722 39.02673143820671 
0.4 -0.3628400434212722 39.02201319775084 
0.4 -0.3208772171071246 39.053313140346866 
0.4 -0.36602082901669064 7.149291373934543 
0.4 -0.3628400434212722 39.02440349328705 
0.4 -0.3663242783952114 39.020362935730176 
0.4 -0.36602082901669064 39.013463907238965 
0.4 -0.40248790364208276 15.563969318886377 
0.4 -0.36602082901669064 7.14923911022901 
0.4 -0.36602082901669064 39.013310186268676 
0.4 -0.315871846127493 39.034102422757705 
-0.2 -0.5284546759818625 204.991851035141 
-0.2 -0.6151549211916176 41.92776073579869 
-0.2 -0.6151549211916176 41.93073910866077 
-0.2 -0.6185974436041306 41.96404319236115 
-0.2 -0.6151549211916176 41.92797907881709 
-0.2 -0.6151549211916176 42.16699988045896 
-0.2 -0.6151549211916176 41.964007747870255 
-0.2 -0.5263069605231294 39.04241838670749 
-0.2 -0.5754427402967224 41.92961890987834 
-0.2 -0.6151549211916176 41.92776096210998 
-0.2 -0.5284546759818625 15.558429882036974 
-0.2 -0.5263069605231294 39.04245641914877 
-0.2 -0.5284546759818625 39.02320302028355 
-0.2 -0.5163450161166168 39.05443745235346 
-0.2 -0.5284546759818625 15.559677565596372 
-0.2 -0.5284546759818625 15.55842988212348 
-0.2 -0.5284546759818625 15.55327554014795 
-0.2 -0.4752772715822573 15.50981498965651 
-0.2 -0.6304653315507096 15.524348633678809 
-0.2 -0.4752772715822573 15.504607199111959 
-0.2 -0.5754427402967224 39.46727415578484 
-0.2 -1.1348954373863762 41.72328899753033 
-0.2 -0.4086650333637465 41.722831522256385 
-0.2 -0.4752772715822573 39.02031902715466 
-0.2 -0.4752772715822573 39.02035001660319 
-0.2 -0.4752772715822573 39.017085918525005 
-0.2 -0.4752772715822573 15.558923716930073 
-0.2 -0.4752772715822573 39.020173525977484 
-0.1 -0.35669840464584013 150.27748272909014 
-0.1 -0.35669840464584013 205.04175005509404 
-0.1 -0.35669840464584013 34.67714113225143 
-0.1 -0.35669840464584013 168.91030086763308 
-0.1 -0.3547014389008609 204.9917382252561 
-0.1 -0.5519148003555756 21.473053403460952 
-0.1 -0.3548598980910356 39.07174800503267 
-0.1 -0.35669840464584013 39.02790031261071 
-0.1 -0.35669840464584013 34.65793375853895 
-0.1 -0.5519148003555756 21.472483597623047 
-0.1 -0.3547014389008609 34.64517171182325 
-0.1 -0.5880381122541678 41.938119050977726 
-0.1 -0.35669840464584013 39.01996908415267 
-0.1 -0.5573385213320705 21.472087331491423 
-0.1 -0.5519148003555756 41.73265896704956 
-0.1 -0.5519148003555756 21.473000031432292 
-0.1 -1.0909917423233821 21.45622933448087 
-0.1 -0.35669840464584013 39.01914137699706 
-0.1 -0.3548267684384996 39.03967120386449 
-0.1 -0.3547014389008609 15.56037607115579 
-0.1 -0.3548267684384996 15.64243585708057 
-0.1 -0.3547014389008609 15.560993164137379 
-0.1 -0.5573385213320705 41.731985523292444 
-0.1 -0.5297836849721023 39.01943751887376 
-0.1 -1.0909917423233821 21.45573348594439 
-0.1 -0.35669840464584013 39.02364521887226 
-0.1 -1.0909917423233821 21.455523263289194 
-0.1 -1.0909917423233821 41.72058204802167 
-0.1 -0.3565149305602233 39.02079471360588 
-0.1 -0.35669840464584013 15.503924797293315 
-0.1 -0.5880381122541678 39.05526909594581 
-0.1 -0.5061580030801167 39.02064607792233 
-0.1 -0.4152130200672559 40.92085092541228 
-0.1 -1.0909917423233821 41.72363151367724 
-0.1 -1.0909917423233821 41.723606209181966 
-0.1 -1.0909917423233821 21.455073547861037 
-0.1 -0.3565149305602233 15.557302507734837 
-0.1 -0.6201396491194657 15.49738861676732 
-0.1 -0.3565149305602233 15.561091046681899 
-0.6 -0.34396940660732866 44.15179690687668 
-0.6 -0.34396940660732866 39.480309356183604 
-0.6 -0.34396940660732866 39.4803769827549 
-0.6 -0.6675961714272773 41.92946911846606 
-0.6 -0.34396940660732866 44.15123545273897 
-0.6 -0.34396940660732866 39.87919560810932 
-0.6 -0.3422317168643758 39.017343765306606 
-0.6 -0.3422317168643758 39.01732427320991 
-0.6 -0.3422317168643758 39.01337910815709 
-0.6 -0.3422317168643758 39.031656344685 
-0.6 -0.3422317168643758 39.01966180739852 
-0.6 -0.3422317168643758 39.03257332398905 
-0.6 -0.6808240460282491 39.4679558320311 
-0.6 -0.3422317168643758 39.02130599039732 
-0.6 -0.3422317168643758 39.02705222160576 
-0.6 -0.3422317168643758 39.01352448144529 
-0.6 -0.3422317168643758 39.03096274741244 
-0.6 -0.3422317168643758 39.021441843152274 
-0.6 -0.3422317168643758 39.01359589350668 
-0.6 -0.3422317168643758 15.510419016923029 
-0.6 -0.3422317168643758 39.47584330488958 
-0.6 -0.3422317168643758 39.02084392185203 
-0.6 -0.3422317168643758 39.01338672087108 
-0.6 -0.3422317168643758 39.32460322498116 
-0.6 -0.3422317168643758 39.55189914812404 
-0.6 -0.3422317168643758 15.519283623169681 
-0.6 -0.3422317168643758 15.502457684546897 
-0.6 -0.3422317168643758 39.020509406464086 
-0.6 -0.6808240460282491 39.46812320145611 
-0.6 -0.3422317168643758 39.01718547881696 
-0.6 -0.34396940660732866 39.47956995096538 
-0.6 -0.6808240460282491 39.52403693769562 
-0.6 -0.3422317168643758 39.01712405459076 
-0.6 -0.3422317168643758 15.510483064836846 
-0.6 -0.3422317168643758 15.49372057716907 
-0.6 -0.3422317168643758 39.02029331869048 
-0.6 -0.6808240460282491 39.46713999421038 
-0.6 -0.3422317168643758 15.50292948119982 
-0.6 -0.3422317168643758 15.504837521451933 
-0.6 -0.34396940660732866 39.831191234852994 
-0.6 -0.34396940660732866 39.01667691479886 
-0.6 -0.3422317168643758 15.493387498976114 
-0.6 -0.34396940660732866 39.0134992045737 
-0.6 -0.3422317168643758 39.052210680201284 
3.7 -35.039024993371925 39.016694796239854 
3.7 -124.17466662436857 39.01941179032517 
3.7 -0.2878329203444423 15.510266499769601 
3.7 0.9609123150926564 15.525847910178275 
3.7 -124.17466662436857 39.019575716111184 
3.7 -0.44842592538111603 39.02309849537121 
3.7 -0.6361430261131034 11.130410392322766 
3.7 0.92934348220723 39.04609967695742 
3.7 -0.3864580357771956 39.01356248316376 
3.7 -125.21693106095289 39.01643038645853 
3.7 -125.54937038299356 39.02063353512447 
3.7 0.10396840481249114 39.016457043084635 
3.7 0.5242179390067179 39.020091266595 
3.7 0.5242179390067179 39.42812334035131 
3.7 -0.2335386394772172 21.448080089255487 
3.7 -0.4767435701902514 40.92104470555745 
3.7 -125.54937038299356 39.02076453115742 
3.7 -124.24777392189802 39.01356730838813 
3.7 -124.88426144029283 39.014746540430984 
3.7 -124.24777392189802 39.013796882065606 
3.7 -125.54937038299356 39.02027298697116 
3.7 -35.039024993371925 39.01391742655127 
3.7 0.84451082967405 15.49676999596833 
3.7 0.8311098282886746 39.02184515356677 
3.7 -125.56241380070408 39.35595040440602 
3.7 -125.54937038299356 39.02076435504787 
3.7 -0.6218634105509295 39.017579638437184 
3.7 -0.7059756006553357 39.02202588165937 
3.7 0.03835872890391556 39.143378703654136 
3.7 -1.1195922328229813 39.02074982037449 
3.7 -124.17466662436857 39.020050013785074 
3.7 -125.54937038299356 39.02007936483268 
3.7 -125.54937038299356 39.02064299712978 
3.7 -125.54937038299356 39.02027285197716 
3.7 0.9265508917452507 15.492963606864334 
3.7 -123.17864284102123 39.02089635073996 
2.0 64.96097500662808 277.8540103860304 
0.2 -0.5491618876810662 42.34531555593489 
0.2 -0.5491618876810662 39.01880772651364 
2.9 -1.1521703257748754 237.51535951140804 
2.9 -0.8754809563396861 44.135425478168614 
2.9 -1.6228260041563942 237.86759620838032 
2.9 -2.2705885357912052 237.16021066114862 
2.9 -0.4228078751243345 39.014147922675434 
2.9 2.0387167374948376 39.01972433057302 
2.9 -1.7289461612176638 39.036440864999044 
2.9 -0.9939504781532662 42.47270345204964 
2.9 0.5393761733555493 39.02553184895073 
2.9 -2.469987115540448 43.37394539586548 
2.9 -0.3497957425881282 237.27460723467456 
2.9 -0.43617102718175715 41.92587770020241 
2.9 -0.43617102718175715 39.867550838975404 
2.9 -2.469987115540448 43.37328610508235 
2.9 -1.7289461612176638 39.03660810549213 
2.9 -0.415747620443085 39.675466021778334 
2.9 -2.469837682764876 39.02417220311286 
2.9 2.0556062858108817 39.02984694851891 
2.9 -1.7289461612176638 39.03595141797435 
2.9 -2.0383114632912793 43.37110221375186 
2.9 1.7027908451876783 39.018942941821045 
2.9 -1.0206993698624842 39.02038753247121 
2.9 -2.2707204479853544 39.01909012585901 
2.9 -0.025258397317713843 2.6658904098762215 
2.9 0.6703979025468811 2.5607984794441196 
2.9 -2.469837682764876 39.021396475533095 
2.9 -2.469987115540448 43.37328994659098 
2.9 -2.4699486122770224 43.369723836696956 
2.9 -2.2707204479853544 39.017150935815984 
2.9 0.23775696522793055 39.015909261367455 
2.9 -2.4701357342025574 39.02640573135738 
2.9 2.0694566845263864 2.6466626192004363 
2.9 -2.2706553828424205 39.018481567012316 
2.9 -2.469837682764876 39.021516842709 
2.9 -2.4701357342025574 39.02640646815377 
2.9 -35.039024993371925 39.0222946358115 
2.9 0.7148820520684751 39.01864998315901 
2.9 -2.469837682764876 39.02639732946015 
2.9 -1.7289461612176638 39.02668314837833 
2.9 0.5783767486189504 39.016237888260484 
2.9 0.7223036543220189 2.5710779837875966 
2.9 -1.7289461612176638 39.02148320630734 
2.9 0.0029100150922261037 2.625460330642426 
2.9 -2.4698371187514567 39.01771844916413 
2.9 0.7159826483962206 15.514583718878804 
2.9 0.7223036543220189 2.5594997433830975 
2.9 -0.3551741981158614 2.617832391136972 
2.9 -35.039024993371925 39.02239477087812 
2.9 -2.270580192727408 39.01535678764605 
2.9 -0.16453039099241096 39.02232239417446 
2.9 1.681598727187776 39.01304931445769 
2.9 -0.032198417722383965 39.01676736528989 
2.9 0.2377545394108438 39.02268791523934 
2.9 -0.001301789909746276 39.01641171476986 
2.9 -124.99784351650767 39.0167707999064 
2.9 -0.332320778365812 39.016241731311034 
2.9 -2.4701357342025574 39.0262500454301 
2.9 -0.15522331938893785 39.02181886078925 
2.9 0.20109335986748533 2.5314595874295747 
2.9 0.3131795716829515 2.591091963297262 
2.9 1.0184139093796034 39.02234268173019 
2.9 0.7209325923310246 2.533716731143105 
2.9 -124.89157988728368 39.01572349616304 
2.9 -0.283914934126301 40.92120140165896 
2.9 -0.3031122888784523 39.020827327420136 
2.9 -2.2707204479853544 39.02074223100965 
2.9 -0.0762419935281855 39.02034536071632 
2.9 0.9213767179577985 39.01659732474157 
2.9 -124.99784351650767 39.01468952420965 
2.9 0.81177125093879 39.014541064801776 
2.9 2.0127828988278793 39.01489411097249 
2.9 1.0588933728256507 39.13667227951643 
2.9 -0.39521370454917815 39.01673262303461 
2.9 1.7844880207371148 39.01305947162401 
2.9 -124.99784351650767 39.01465493386231 
2.9 0.7209325923310246 2.5348636525230055 
2.9 0.5253082979595831 2.5724086151739503 
2.9 -124.56327106991986 39.01482339062666 
2.9 -0.025258397317713843 2.5315484687378214 
2.9 0.5253082979595831 2.553466430167642 
2.9 0.20109335986748533 2.531548267377941 
2.9 0.81177125093879 39.01462310466632 
2.9 -0.41042506256053457 39.02708016212434 
2.9 -0.4073850670796162 39.02092611402666 
2.9 -124.99765811432766 39.01476160974058 
2.9 2.0603156340079636 39.12877468950321 
2.9 -0.5375200366399895 2.5123023194888714 
2.9 0.033211598252989916 15.507494784894142 
2.9 0.7198684479310202 39.015806163658844 
-0.3 -0.34440156110417774 35.836670381020845 
-0.3 -0.34440156110417774 39.01813003325993 
-0.3 -0.34447595926582153 39.06186211567602 
-0.3 -0.34440156110417774 39.021183284753356 
-0.3 -0.34440156110417774 39.052372460933384 
-0.3 -0.34440156110417774 35.79708253581847 
-0.3 -0.34440156110417774 39.02057634086468 
-0.3 -0.34440156110417774 15.502457684546897 
-0.3 -0.8125493728668118 15.504243032860348 
-0.3 -0.34440156110417774 39.01716947128708 
-0.3 -0.3511297767456085 15.504111605938867 
-0.3 -0.8019260382588413 39.017857047081584 
-0.3 -0.3511297767456085 39.0182862970487 
-0.3 -0.344809955494668 39.017176061086126 
-0.3 -0.8125493728668118 15.504262421230282 
-0.3 -0.34440156110417774 39.013164879638616 
-0.3 -0.8125493728668118 15.503845745994234 
-0.3 -0.34440156110417774 15.50017893114714 
-0.3 -0.8019260382588413 39.01765191408071 
-0.3 -0.8125493728668118 15.498626005356394 
-0.3 -0.8125493728668118 15.551580775485556 
-0.3 -0.34440156110417774 15.496272747175102 
-0.3 -0.34440156110417774 39.35211028477734 
-0.3 -0.3511297767456085 2.5656698435142613 
-0.3 -0.3511297767456085 2.565973421914772 
-0.3 -0.34440156110417774 39.01640068058333 
-0.3 -0.5746865402138894 39.020051566661834 
-0.3 -0.3511297767456085 2.52240837259089 
-0.0 -0.35983986498109743 244.00267722121703 
-0.0 -0.35983986498109743 243.99872284476567 
-0.0 0.0 21.468963736766842 
-0.0 -0.3092706833893146 2.927993932495199 
-0.0 -0.4798578009327059 21.45508861404989 
-0.0 0.0 41.72986737105493 
-0.0 -0.3555034445303136 39.02614248462885 
-0.0 -0.3555034445303136 39.02352879897302 
-0.0 -0.35458241262782053 2.709272173602333 
-0.0 -0.37392316022729233 2.865105765201381 
-0.0 -0.3555034445303136 39.026261726710295 
-0.0 -0.3092706833893146 2.9277747781394563 
-0.0 -0.3170695216040258 39.04155644913347 
-0.0 -0.37392316022729233 2.91654055915269 
-0.0 -0.4482072276671829 2.625740267208376 
-0.0 -0.3652841318757396 39.02166045226837 
-0.0 -0.3562322577304826 2.6298089644674185 
-0.0 -0.3170695216040258 39.026135826813515 
-0.0 -0.35613037080406684 2.9281453863336298 
0.0 -0.4482072276671829 2.594753554400632 
0.0 0.007052265033564709 39.02027660257968 
0.0 -0.4482072276671829 2.5948484866198167 
-0.0 -0.35544322500291514 39.02826998385089 
-0.0 -0.3562322577304826 39.0226160272764 
0.0 -0.3752185885090853 39.018311525665304 
0.0 -0.4482072276671829 2.606852710263318 
0.0 -0.35567328853446156 39.032836502399775 
0.0 -0.4449105008804395 39.014379104644256 
0.0 -0.4449105008804395 39.017171756650576 
0.0 -0.4302162927638733 42.11462704778264 
-0.0 -0.3562322577304826 39.013238945812695 
-0.0 -0.4798578009327059 21.45507354752046 
0.0 -0.35567328853446156 15.501118603286958 
1.4 64.96097500662808 14.554566595535679 
1.4 64.96097500662808 4.407031209236003 
1.4 64.96097500662808 27.674411889936867 
1.4 64.96097500662808 39.020828448182726 
1.4 64.96097500662808 4.406451342876313 
1.4 64.96097500662808 39.02124401478679 
1.4 64.96097500662808 39.02172279027498 
1.1 64.96097500662808 12.60217926786499 
1.1 64.96097500662808 39.01347678296601 
