-0.7 -1.0984903114037934 40.92136329970801 
-0.7 -0.6677463086443254 15.50256737017092 
-0.7 -0.4799440185715298 2.565707498728431 
-0.7 -0.9367573580427688 15.503987763838488 
-0.7 -0.9463050925444918 40.92127872428915 
3.8 -123.27522804433269 15.49223662251437 
3.8 -124.77443171295576 15.504354476162598 
3.8 -124.78117664297129 15.512576907867857 
3.4 -124.75580359626863 15.511631963953278 
4.0 -125.24851795206305 15.492447887529183 
0.9 -0.46157576593247995 2.514451637971466 
3.9 -124.00810010784296 15.502038848962222 
3.9 -123.94608174624042 15.50176257178094 
3.5 -123.25140839255529 15.510862065045094 
3.5 -35.039024993371925 2.5367415389520653 
3.5 -122.69341865398727 2.5728982138121723 
3.5 -125.21223412572819 39.02019951444516 
3.2 -35.039024993371925 39.013130618919845 
4.2 -125.20372339532838 15.492294531225912 
4.2 -125.2217085574917 15.492323795911199 
4.2 -35.039024993371925 2.509281869801634 
-0.2 -1.1348954373863762 41.72328899753033 
-0.1 -1.0909917423233821 21.455073547861037 
-0.1 -0.6201396491194657 15.49738861676732 
3.7 -125.21693106095289 39.01643038645853 
3.7 -125.56241380070408 39.35595040440602 
3.7 -125.54937038299356 39.02007936483268 
2.9 -124.99784351650767 39.01465493386231 
2.9 -0.5375200366399895 2.5123023194888714 
-0.3 -0.8125493728668118 15.498626005356394 
-0.3 -0.3511297767456085 2.52240837259089 
