-0.7 [[0.831988394117672], [35.87041741118328, 200.0, 2.5], [135.21952752054486, 130.46023085194173], [2.1204310871417142, 38.27446344953736]] 
-0.7 [[17.44151878032064], [2.5, 155.03539589572154, 61.35200695184495], [1.8552551908934791, 47.69444012530886], [2.1253205707410876, 3.7633197118639883]] 
-0.7 [[6.545103893875308], [2.4800499041167146, 143.69839748272207, 105.74122871522584], [131.79406147355837, 130.8588104848437], [1.212938371994827, 1.2300725277132503]] 
-0.7 [[0.8308902336547778], [2.5, 152.1098770912383, 61.35200695184495], [162.37999125702123, 87.82758362096898], [4.519294148485243, 17.967791278090587]] 
-0.7 [[4.739939581149799], [35.87041741118328, 200.0, 2.5], [135.21952752054486, 130.46023085194173], [2.1204310871417142, 38.27446344953736]] 
3.8 [[9.488294941122255], [2.5, 54.747420514567594, 61.35200695184495], [1.8042960237940255, 78.26480853230247], [0.5787380520912193, 4.037266476541001]] 
3.8 [[7.431360352795203], [2.4994444114607517, 142.20277945365544, 61.35200695184495], [1.5046269758243611, 129.4336061983232], [1.9432803191192989, 23.291720084325036]] 
3.8 [[8.92336439071649], [2.5, 200.0, 61.35200695184495], [2.3414075554805054, 78.26480853230247], [1.9432803191192989, 18.217047541443982]] 
3.4 [[8.92424775165744], [2.5, 199.76327700274155, 61.35200695184495], [2.4135739067600874, 130.19554735569497], [1.9394242435840572, 9.284587808886855]] 
4.0 [[6.32200090025973], [2.5, 57.8879959102121, 61.35200695184495], [0.24919389151725402, 100.02087106076296], [1.7911136305761242, 4.071391472598858]] 
0.9 [[0.5473003630228894], [2.4873317077521255, 64.9482338825312, 105.74122871522584], [1.9524809977751882, 94.66695430236372], [2.6321448233841953, 4.073492848711869]] 
3.9 [[7.628069836918744], [2.156191747766001, 64.67322826473224, 61.35200695184495], [1.8042960237940255, 94.61081201428439], [2.2945732901031377, 4.020665263473216]] 
3.9 [[7.579041320781741], [2.156191747766001, 65.0637511666536, 61.35200695184495], [1.8042960237940255, 78.12324125939723], [2.2945732901031377, 4.020665263473216]] 
3.5 [[8.92425274126492], [2.5, 200.0, 61.35200695184495], [2.3414075554805054, 95.67876622179092], [1.9432803191192989, 9.284587808886855]] 
3.5 [[6.511878565863425], [2.479999489028783, 118.97701990462582, 105.74122871522584], [2.215268197738682, 91.61731205193954], [3.295980672905034, 6.603758082484699]] 
3.5 [[0.29054964461332], [2.4797930850899914, 146.07434272531495, 105.74122871522584], [2.11600657484988, 91.61731205193954], [0.3062769149531802, 18.18633300496864]] 
3.5 [[7.54029672005044], [2.4999606340440756, 198.84359335694236, 2.5], [56.9313242117693, 83.40861986706528], [0.5568128297204955, 5.6402940433606545]] 
3.2 [[9.482273864712958], [2.499768747631669, 54.886417498726026, 2.5], [1.8040974252947948, 82.0955027079418], [0.25697193763562276, 4.460093842470314]] 
4.2 [[6.324000481362281], [2.5, 54.32038250531879, 61.35200695184495], [0.3351913456412705, 94.61081201428439], [1.6725749488819246, 5.645671258701974]] 
4.2 [[6.297267731055243], [2.5, 54.7505236978144, 61.35200695184495], [1.8042960237940255, 94.62886281084292], [2.250172169462029, 5.7071510260122125]] 
4.2 [[6.486771732074919], [2.5, 33.3472678462198, 105.74122871522584], [1.8035176253484175, 76.06223151772986], [2.5833703950516655, 4.635419543811351]] 
-0.2 [[4.775897417761491], [42.01732106065544, 199.56366240238106, 2.5], [0.8916304419152749, 63.59329309011274], [2.6545722026283354, 11.809624467371354]] 
-0.1 [[4.740023572785668], [42.01732106065544, 197.27942147964526, 61.23168276532742], [0.9455370017081208, 65.02992339341905], [2.667340564636491, 15.61929620675504]] 
-0.1 [[0.20328792851605293], [2.5, 118.54742140278806, 61.35200695184495], [2.4135739067600874, 130.19554735569497], [1.9394242435840572, 8.8355555261717]] 
3.7 [[6.493777978564848], [2.499437545270939, 145.84951580935174, 2.5], [1.7698836167308003, 129.77067274284263], [2.634604542439202, 4.072573548405559]] 
3.7 [[6.358273407716019], [2.4973799022405303, 198.84278202765546, 1.6613456474830635], [1.7487318203785058, 128.0001110549577], [2.0779239826547227, 9.358184248892089]] 
3.7 [[6.33670950516227], [2.4992169399853403, 197.00061078935008, 2.5], [1.7487318203785058, 83.42030352960103], [2.076603209157912, 9.358184248892089]] 
2.9 [[7.0075724191981825], [2.5, 120.01291988242721, 2.5], [54.90215650093387, 67.23763515945646], [4.476655741743785, 5.458157619941499]] 
2.9 [[0.5473003630228894], [2.4939397067686766, 48.120129939641885, 105.74122871522584], [1.9524809977751882, 94.66695430236372], [2.6321448233841953, 4.073492848711869]] 
-0.3 [[0.3431093198668016], [2.5, 118.99097550335819, 61.35200695184495], [1.7837414452640077, 87.82758362096898], [4.519294148485243, 17.967791278090587]] 
-0.3 [[6.536713862029417], [2.492512238851959, 64.19565434260102, 105.74122871522584], [137.17917629936494, 131.30954373430617], [1.228964056491432, 0.5287148569307494]] 
