-1.0 -3.6076223175152933 2.512985556660651 
5.1 -105.85761112439896 14.071387763346339 
0.6 -3.7662712075889004 0.5631560651843731 
-0.7 -3.606789649197111 1.156024496624585 
-0.4 -104.99976419614286 1.0908827638191365 
2.2 -105.68673758587073 1.2093216780348208 
4.0 -105.85715661602146 15.470423977684531 
0.9 93.54727971299701 0.5533909124794677 
-0.5 -105.03048060811302 39.01869921364285 
-0.5 -4.266188384511096 1.165892972739945 
-0.5 -105.02564076672803 1.234324414340097 
3.1 -105.79046905541723 1.1524800691887471 
3.1 -105.84158535666988 39.01622819891706 
3.1 -105.79392344872191 1.2769159172623297 
2.6 -105.71779982095886 0.522101477724709 
3.6 -105.8643051791215 36.43350816665282 
3.6 -105.86526166262894 39.02290765944116 
2.4 -105.75770966307876 1.1305723517465343 
2.4 -105.72234406358687 1.0822200841066703 
2.5 -105.36409740869786 0.5090866384492155 
3.3 -105.85568540270549 1.2108502185170322 
3.2 -105.82119374474217 14.081675143332733 
3.2 -105.80514218289765 14.07223796956278 
-0.8 -0.2197919881555066 1.1556493631964238 
-0.8 -3.720149217232617 1.1682465981227443 
5.6 -105.88164766453193 39.015882109869665 
5.6 -105.88165452936076 39.01588248435982 
5.6 -105.88857289335948 39.01883007409539 
5.6 -105.88240748451942 39.017397860342925 
5.6 -105.88162270027578 39.015671291929436 
1.8 -105.52201700348219 1.1542620502260321 
-0.6 -105.01436313301748 2.6826332003813413 
-0.6 -3.8088945797321117 1.1665617295151685 
3.7 -105.90305461145428 39.02044590267663 
1.9 -105.60937131584691 1.3399981126488623 
1.9 -105.56877837124743 1.1209473342460123 
1.9 -105.60508105216302 1.1462729956905418 
