-1.0 3.3521793246456184 194.87586198346625 
-1.0 3.3521793246456184 15.307250973445962 
-1.0 3.3521793246456184 39.0238806063586 
-1.0 -3.6076223175152933 39.029037539309364 
-1.0 3.3521793246456184 14.113962036010095 
-1.0 3.3521793246456184 14.113981814200917 
-1.0 3.3521793246456184 15.499492953890227 
-1.0 3.3521793246456184 15.297575271226311 
-1.0 -3.6076223175152933 39.024673101807196 
-1.0 3.3521793246456184 14.11586237771617 
-1.0 -3.6076223175152933 39.04408150464558 
-1.0 3.3521793246456184 39.03052603586777 
-1.0 -3.6076223175152933 39.023726318532034 
-1.0 3.3521793246456184 39.03208800837761 
-1.0 -3.6076223175152933 39.02854950727348 
-1.0 -3.6076223175152933 39.024535887253634 
-1.0 3.3521793246456184 14.10290283989776 
-1.0 3.3521793246456184 15.30737115957653 
-1.0 -3.6076223175152933 39.020476280191 
-1.0 -3.6076223175152933 14.088575737131894 
-1.0 3.3521793246456184 39.02369650928112 
-1.0 3.3521793246456184 14.103258655784463 
-1.0 -3.6076223175152933 39.028282395671084 
-1.0 -3.6076223175152933 39.02024280738471 
-1.0 -3.6076223175152933 39.02266289088222 
-1.0 3.3521793246456184 39.0292597100713 
-1.0 -3.6076223175152933 14.088575703392394 
-1.0 -3.6076223175152933 39.00549245314909 
-1.0 -3.6076223175152933 39.02167247160822 
-1.0 3.3521793246456184 39.031466513658984 
-1.0 -3.6076223175152933 39.02092080805224 
-1.0 -3.6076223175152933 2.5357821778487457 
-1.0 -3.6076223175152933 14.088391519219085 
-1.0 -3.6076223175152933 39.016804836956574 
-1.0 3.3521793246456184 39.017630474863225 
-1.0 -3.6076223175152933 2.53085916773773 
-1.0 -3.6076223175152933 39.018409748751964 
-1.0 -3.6076223175152933 2.5482206723076386 
-1.0 3.3521793246456184 39.017129485081576 
-1.0 -3.6076223175152933 2.5381844967569775 
-1.0 -3.6076223175152933 2.5138668674954787 
-1.0 -3.6076223175152933 39.01994304938786 
-1.0 -3.6076223175152933 2.513653956772537 
-1.0 3.3521793246456184 39.0159170795956 
-1.0 -3.6076223175152933 2.512985556660651 
-1.0 -3.6076223175152933 2.513498924766514 
0.7 -3.055409765591264 337.5643802562622 
0.7 -3.1778648509863245 39.01360019971596 
0.7 -3.174439138874888 39.0754111234187 
0.7 -3.1778648509863245 1.1418108265258922 
1.5 -3.938907217730531 39.016711076002935 
1.5 -3.938907217730531 1.2837259505673997 
1.5 -3.938907217730531 39.02086075443163 
1.5 -3.938907217730531 1.2838870441894608 
1.5 -3.938907217730531 1.4999806477563078 
1.5 -3.938907217730531 39.020853373885906 
1.5 -3.938907217730531 1.2850461712154924 
5.1 -105.85761112439896 15.307833336487906 
5.1 -4.305137697772281 39.69395270082868 
5.1 -105.85761112439896 15.307806570202725 
5.1 -105.85761112439896 14.094668856750324 
5.1 -105.85761112439896 39.02915516206738 
5.1 -104.96593611349749 194.87591312010568 
5.1 -105.85761112439896 14.082187521095284 
5.1 -5.1867915533686215 39.47228652682248 
5.1 -105.85761112439896 15.307126847458207 
5.1 -105.85761112439896 14.086683259859997 
5.1 -105.85761112439896 14.101667026294031 
5.1 -105.79070436741313 39.0429986122494 
5.1 -105.85761112439896 39.43940481759502 
5.1 -105.85761112439896 14.097592805966539 
5.1 -105.85761112439896 14.080349091308886 
5.1 -105.85761112439896 39.0251859437235 
5.1 -105.79069842147612 14.085279930182121 
5.1 -105.85761112439896 14.07147019309769 
5.1 -105.85761112439896 39.022854036001796 
5.1 -105.85761112439896 14.082381726916369 
5.1 -105.85761112439896 14.089309088348756 
5.1 -105.85761112439896 39.024731276717105 
5.1 -105.85761112439896 14.098450810366684 
5.1 -105.85761112439896 39.01630561063681 
5.1 -105.85454718040567 39.016449615709746 
5.1 -105.85761112439896 39.01669845446039 
5.1 -105.85761112439896 14.071475892398361 
5.1 -105.85761112439896 39.01806240519426 
5.1 -105.85761112439896 39.01677249659515 
5.1 -105.67888002100511 39.018342712806486 
5.1 -105.85761112439896 14.071388808893182 
5.1 -105.85761112439896 39.016725297055245 
5.1 -105.85761112439896 36.41854760034778 
5.1 -105.85761112439896 39.01671381135285 
5.1 -105.85761112439896 14.071387763346339 
5.1 -105.85761112439896 39.01673498553537 
5.1 -105.85761112439896 39.01671338703778 
5.1 -105.85761112439896 39.016773232859784 
5.1 -3.411441073905891 14.074887953387844 
5.1 -105.85454718040567 39.11237248823525 
5.1 -105.85761112439896 39.0202046558293 
5.1 -105.85761112439896 39.015944034423846 
-0.9 3.998274523284067 194.87586198346625 
-0.9 3.998274523284067 39.02445611289025 
-0.9 3.998274523284067 194.87792035686022 
-0.9 3.998274523284067 41.18815323863503 
-0.9 3.998274523284067 39.20235506703603 
-0.9 3.998274523284067 39.03196859976708 
-0.9 3.998274523284067 39.03044046870803 
-0.9 3.998274523284067 39.02023756367647 
-0.9 3.998274523284067 14.114982984660939 
-0.9 3.998274523284067 39.0246990885758 
-0.9 3.998274523284067 39.019889952465455 
-0.9 3.998274523284067 39.244552093879584 
-0.9 3.998274523284067 2.5357821778487457 
-0.9 3.998274523284067 2.6050996591168287 
-0.9 3.998274523284067 2.513895359026319 
0.6 -3.7662712075889004 17.743820242521604 
0.6 -3.7662712075889004 5.019387033658564 
0.6 -3.7662712075889004 39.01628771133809 
0.6 -3.3481819039688077 4.926644896406486 
0.6 -3.7662712075889004 39.01455619484007 
0.6 -3.3481819039688077 39.03178017663624 
0.6 -3.3481819039688077 39.031632160483454 
0.6 -3.7662712075889004 0.7306861969536714 
0.6 -3.7662712075889004 0.5890590680098282 
0.6 -3.7662712075889004 39.020092103286174 
0.6 -3.3557556350723274 39.01962897876709 
0.6 -3.7662712075889004 0.6077477687329007 
0.6 -3.7662712075889004 0.5876339244761947 
0.6 -3.7662712075889004 0.5866200135035485 
0.6 -3.7662712075889004 39.01703401400757 
0.6 -3.7662712075889004 39.004166056858914 
0.6 -104.76273756388785 1.1323782107879041 
0.6 -3.7662712075889004 39.06807026230478 
0.6 -3.7662712075889004 39.02153648832164 
0.6 -3.750400847618522 39.020659157497064 
0.6 -3.7662712075889004 0.5867604088637196 
0.6 -3.7662712075889004 1.355566954051974 
0.6 -104.8161775656131 39.017058207217374 
0.6 -3.6674546304806483 1.1259643494330074 
0.6 -3.7662712075889004 39.02325576026693 
0.6 -3.7662712075889004 1.1296107401579973 
0.6 -104.76273756388785 1.1867440696758087 
0.6 -3.7662712075889004 39.01566755569609 
0.6 -3.7662712075889004 1.1581154080920455 
0.6 -3.7662712075889004 0.5631560651843731 
0.6 -3.7662712075889004 39.01633801626162 
0.6 -3.7662712075889004 39.01664427097001 
0.6 -3.7662712075889004 1.1672916063716603 
0.6 -104.75590160469464 1.1700943462646485 
0.6 -3.360998367750696 0.5858564247730308 
4.3 -105.64325114805911 329.78937943032804 
4.3 -105.6430093421299 39.02677320562006 
4.3 -105.6432284593447 15.478012336434004 
5.7 -3.8983282369915884 156.99261458266892 
5.7 -3.899322106326224 39.02192281435463 
5.7 -3.899322106326224 39.027447126500725 
5.7 -3.898295951909816 39.01694867402509 
5.7 -3.899322106326224 39.016871776763566 
5.7 -3.899322106326224 39.66141179510947 
5.7 -3.7176472492838 39.018222665899586 
5.7 -3.8992126672168013 2.6459442763484335 
5.7 -3.899322106326224 39.018169405300846 
5.7 -3.899322106326224 39.020337682460884 
5.7 -3.899322106326224 39.02340304183792 
5.7 -3.899322106326224 39.01584252858207 
3.0 -105.48302463350086 15.498636755449105 
3.0 -105.48302463350086 14.098596468826665 
3.0 -105.48302463350086 14.110717833357237 
3.0 -105.48302463350086 1.2755478475927422 
4.8 -105.80505642659341 46.05188175019072 
4.8 -105.80501815143978 46.04952633368866 
4.8 -105.80501477277545 39.47949038581046 
4.8 -105.80514905281099 39.33285382824444 
4.8 -105.80504462472028 39.020679224416504 
-0.7 -3.606789649197111 90.20339614501337 
-0.7 -3.4993994398647317 39.02752118730946 
-0.7 -3.606789649197111 39.04156355356813 
-0.7 -3.4993994398647317 3.371732850767087 
-0.7 -3.4993994398647317 39.02283424970924 
-0.7 -3.606789649197111 39.56056058507003 
-0.7 -3.606789649197111 39.03093522364928 
-0.7 -3.462207430541312 39.699616802543154 
-0.7 -3.4993994398647317 39.02241643868681 
-0.7 -3.4993994398647317 39.02294050224642 
-0.7 -3.462207430541312 39.02123981541269 
-0.7 -3.606789649197111 39.03334800845076 
-0.7 -3.4993994398647317 39.02944487324901 
-0.7 -3.4993994398647317 39.08174930431137 
-0.7 -3.606789649197111 3.377383160977805 
-0.7 -3.606789649197111 39.026850191208844 
-0.7 -3.606789649197111 14.11482584604723 
-0.7 -3.4993994398647317 3.371867129502962 
-0.7 -3.606789649197111 39.029026460988646 
-0.7 -3.606789649197111 39.024251946412654 
-0.7 -3.606789649197111 39.030668388645395 
-0.7 -3.4993994398647317 39.02463318123096 
-0.7 -3.462207430541312 39.04356136367531 
-0.7 -3.606789649197111 14.116709987127704 
-0.7 -3.606789649197111 3.378212308115837 
-0.7 -3.4993994398647317 3.3719464251040856 
-0.7 -3.606789649197111 39.026450185683835 
-0.7 -3.462207430541312 3.276841319790599 
-0.7 -3.4993994398647317 2.6915097147608873 
-0.7 -3.606789649197111 2.652181674162292 
-0.7 -3.4993994398647317 2.6120338865241934 
-0.7 -3.4993994398647317 2.586290828986993 
-0.7 -3.4993994398647317 39.025694785271725 
-0.7 -3.462207430541312 39.01702089532139 
-0.7 -3.4993994398647317 1.2216590534481964 
-0.7 -3.4993994398647317 14.110899165518903 
-0.7 -3.4993994398647317 39.01777260573049 
-0.7 -3.606789649197111 39.01777960772682 
-0.7 -3.606789649197111 39.02627816350907 
-0.7 -3.606789649197111 39.025211654628855 
-0.7 -3.462207430541312 39.02354203926352 
-0.7 -3.606789649197111 1.3589615217940167 
-0.7 -3.606789649197111 39.919789835302 
-0.7 -3.606789649197111 1.1560604838912076 
-0.7 -3.4993994398647317 39.017942229802564 
-0.7 -3.462207430541312 1.3359603533528297 
-0.7 -3.4993994398647317 1.2019169795006417 
-0.7 -3.606789649197111 1.156024496624585 
6.3 -105.48927245710276 319.4658260480633 
6.3 -105.48927245710276 39.44560660822827 
6.3 -105.86075198245678 39.02759753864726 
-0.4 -3.807988683659019 39.03733095330263 
-0.4 -3.807988683659019 39.02208199035383 
-0.4 -3.807988683659019 39.224201114982534 
-0.4 -104.99976419614286 1.0908827638191365 
2.2 -0.1339707803575294 39.0205165237522 
2.2 -0.13268938277263942 39.01660429192777 
2.2 -0.12106948391554795 39.47042838429606 
2.2 -105.68673758587073 1.2096190519462402 
2.2 -105.68673758587073 1.2093216780348208 
3.8 -105.4873159498244 304.1743164209119 
3.8 -105.4873159498244 39.0171610319158 
3.8 -105.4873159498244 39.035393888775296 
3.8 -105.4873159498244 39.018151388876504 
3.8 -105.4873159498244 14.073250655693977 
0.3 -3.3859971668462094 111.42094160240416 
0.3 -3.3636495813656353 39.021417804394645 
0.3 -3.3636495813656353 39.021417803744164 
0.3 -3.8137730436716453 39.024655230320306 
0.3 -104.53950811384661 39.016194477672826 
5.8 -3.6393804314949847 100.69421548066256 
5.8 -3.6393804314949847 39.03221180174861 
5.8 -3.6393804314949847 39.03096913484404 
5.8 -3.639381087732147 39.027173949575214 
5.8 -3.6393804314949847 100.69204343699283 
5.8 -3.639381087732147 39.01682645307434 
5.8 -3.639381087732147 39.015767539663365 
3.4 -105.75769982299788 91.11032622735796 
3.4 -105.72582702564326 14.113961926604636 
3.4 -105.72582702564326 1.2771620899996494 
3.4 -105.72582702564326 39.034407733266136 
3.4 -105.77794118784338 14.074777726196599 
1.0 93.54727971299701 38.489812321497915 
1.0 93.54727971299701 38.50823114422896 
1.0 93.54727971299701 39.01581798936029 
1.0 93.54727971299701 39.00766578851634 
1.0 93.54727971299701 1.4191382377140511 
1.0 93.54727971299701 39.020684095813465 
4.0 -105.85090939435933 76.65055344658695 
4.0 -105.85090939435933 76.65099068531084 
4.0 -105.85504321985825 15.46692318399814 
4.0 -105.85504321985823 39.02223236146319 
4.0 -105.85504321985825 39.017664343205915 
4.0 -105.85504321985825 15.467306604888494 
4.0 -105.85715661602146 39.01803409078579 
4.0 -105.85504321985825 39.017656628274935 
4.0 -105.85504321985825 15.469742287099898 
4.0 -105.85090939435933 15.460872259234948 
4.0 -105.85504321985825 39.01703164987343 
4.0 -105.85504321985825 39.035872110090594 
4.0 -105.85090939435933 39.015148543953394 
4.0 -105.85504321985825 39.015254314292676 
4.0 -105.79772951738504 39.022592816061554 
4.0 -105.85504321985825 15.469020958787882 
4.0 -105.85090939435933 15.461011415272953 
4.0 -105.55876660820444 39.01809896079325 
4.0 -105.56002130640888 15.464562740163172 
4.0 -105.85090939435933 15.461810296760975 
4.0 -105.84215368048471 39.016968398634106 
4.0 -105.85504321985825 15.466923677029001 
4.0 -105.85504321985825 39.015265003773706 
4.0 -105.76941055619972 39.015279636798304 
4.0 -105.55876660820444 39.01733289795306 
4.0 -105.85715661602146 15.470423977684531 
4.0 -105.85715661602146 39.01907796541215 
4.0 -105.85504321985825 39.6682790541599 
4.0 -105.85715661602146 39.01546076713001 
0.9 93.54727971299701 39.0216680544268 
0.9 93.54727971299701 0.5533909124794677 
0.9 93.54727971299701 1.12394035169562 
0.9 93.54727971299701 1.1475117467015876 
0.9 93.54727971299701 39.01646094552511 
0.9 93.54727971299701 1.1892814931082296 
-0.5 -4.266188384511096 3.6007414095808263 
-0.5 -4.266188384511096 39.04962379978595 
-0.5 -4.266188384511096 2.976080006310899 
-0.5 -4.266188384511096 2.7184247008544653 
-0.5 -4.266188384511096 39.034866766246786 
-0.5 -4.266188384511096 39.04923966071279 
-0.5 -105.02564076672803 39.03857474771298 
-0.5 -4.266188384511096 2.71906837327152 
-0.5 -4.266188384511096 3.386415359915815 
-0.5 -105.02564076672803 39.04188452861959 
-0.5 -4.266188384511096 2.6521667023095765 
-0.5 -4.266188384511096 39.03684190982456 
-0.5 -105.02564076672803 39.02065022794463 
-0.5 -105.03048060811302 39.01869921364285 
-0.5 -4.266188384511096 39.02274953100785 
-0.5 -104.99601095474549 39.01682770031294 
-0.5 -105.02564076672803 39.01972856367907 
-0.5 -4.266188384511096 39.031908254471425 
-0.5 -4.266188384511096 2.6699318507768774 
-0.5 -4.266188384511096 2.7237917194096157 
-0.5 -3.4507677827461265 39.01684133977257 
-0.5 -105.02564076672803 39.020946734628964 
-0.5 -4.266188384511096 39.025543054916646 
-0.5 -4.266188384511096 39.02731966135153 
-0.5 -3.4507677827461265 39.01725875627569 
-0.5 -4.266188384511096 2.642424898562642 
-0.5 -104.99601095474549 39.016927329782625 
-0.5 -104.99601095474549 39.01682309238003 
-0.5 -105.03048060811302 39.029234108883905 
-0.5 -4.266188384511096 3.37736959141167 
-0.5 -105.02564076672803 14.089615366961068 
-0.5 -4.266188384511096 39.0262919632442 
-0.5 -4.266188384511096 39.66563810250063 
-0.5 -105.03048060811302 39.02693805542208 
-0.5 -4.266188384511096 1.165892972739945 
-0.5 -4.266188384511096 39.214025727157996 
-0.5 -105.02564076672803 39.02784775725238 
-0.5 -105.02564076672803 39.01776156355242 
-0.5 -105.03048060811302 39.47508511337303 
-0.5 -4.266188384511096 39.02168686840888 
-0.5 -105.03048060811302 39.02135238861806 
-0.5 -4.266188384511096 39.135713728473014 
-0.5 -4.266188384511096 39.01660772968992 
-0.5 -3.4507677827461265 1.1999734060145177 
-0.5 -4.266188384511096 39.01563664454754 
-0.5 -4.266188384511096 39.02808900799406 
-0.5 -105.02564076672803 39.02335689316036 
-0.5 -105.02564076672803 14.089185741160343 
-0.5 -4.266188384511096 39.0264861991286 
-0.5 -104.99601095474549 14.103545680453601 
-0.5 -4.266188384511096 39.02436933906063 
-0.5 -4.266188384511096 39.01724290271784 
-0.5 -4.266188384511096 39.021467053788626 
-0.5 -105.02564076672803 39.02313530645774 
-0.5 -105.02564076672803 14.08219560425494 
-0.5 -105.03048060811302 39.02123196467715 
-0.5 -4.266188384511096 39.01892065833546 
-0.5 -105.02564076672803 14.079873518490409 
-0.5 -4.266188384511096 1.203132446676192 
-0.5 -4.266188384511096 39.0167921100643 
-0.5 -4.266188384511096 14.10503406359793 
-0.5 -3.4507677827461265 1.167351207912653 
-0.5 -4.266188384511096 1.1665664687170763 
-0.5 -4.266188384511096 39.01791348675496 
-0.5 -4.266188384511096 39.01668110483037 
-0.5 -4.266188384511096 39.017083727651 
-0.5 -4.266188384511096 1.204560377421292 
-0.5 -3.4507677827461265 39.01865256968502 
-0.5 -105.02564076672803 1.234324414340097 
3.1 -105.79392344872191 15.929523823189095 
3.1 -105.79392344872191 15.499492953890227 
3.1 -105.44566549724306 39.02848634129131 
3.1 -105.44566549724306 39.48929443145085 
3.1 -105.79392344872191 15.498582668031377 
3.1 -105.44566549724306 39.03089408350948 
3.1 -105.79392344872191 15.499494818305946 
3.1 -105.79392344872191 15.495790387166847 
3.1 -105.79392344872191 15.49858266747367 
3.1 -105.79392344872191 15.499135748672774 
3.1 -105.44566549724306 39.03192783804734 
3.1 -105.79392344872191 15.473560191159564 
3.1 -105.45559665077548 39.00535757427742 
3.1 -105.77049053737726 39.023840176777426 
3.1 -105.79392344872191 1.2769185677901693 
3.1 -105.44566549724306 39.02138212397304 
3.1 -105.7716207770622 2.6659910321403464 
3.1 -105.79392344872191 15.473651273858948 
3.1 -105.44566549724306 39.02063683628962 
3.1 -105.52701644335454 39.02789500892656 
3.1 -105.79392344872191 1.2796626674252398 
3.1 -105.77049053737726 1.330429229008582 
3.1 -105.60413430527586 39.02573002340252 
3.1 -105.77049053737726 1.2988044384606827 
3.1 -105.79046905541723 1.183365908958297 
3.1 -105.44566549724306 39.109767582629274 
3.1 -105.79046905541723 1.1834181122613667 
3.1 -105.44566549724306 39.0229359968408 
3.1 -105.79046905541723 1.1524800691887471 
3.1 -105.79392344872191 1.3664479920876513 
3.1 -105.84158535666988 39.01622819891706 
3.1 -105.79392344872191 1.2769159172623297 
3.1 -105.44566549724306 39.01958315687436 
2.6 -105.71779982095886 125.26904755240788 
2.6 -105.71779982095886 39.03464734466213 
2.6 -105.71779982095886 125.26943129121003 
2.6 -105.71779982095886 39.03684404153766 
2.6 -105.71779982095886 39.038044127154194 
2.6 -105.71779982095886 39.047778543582986 
2.6 -105.71779982095886 1.3230670984328146 
2.6 -105.71779982095886 39.689745958684696 
2.6 -105.71779982095886 39.035622037028375 
2.6 -105.71549975792516 2.707716922568387 
2.6 -105.71779982095886 39.03312353410998 
2.6 -105.71779982095886 39.33714695988956 
2.6 -105.45962854979278 1.3111921146105792 
2.6 -105.71549975792516 39.02166303408959 
2.6 -105.71779982095886 1.3113617195750098 
2.6 -105.71779982095886 1.2983748668980983 
2.6 -105.71779982095886 39.0234213797499 
2.6 -105.71779982095886 39.02789750913204 
2.6 -105.71549975792516 2.7075503875755547 
2.6 -105.71779982095886 39.618190206019804 
2.6 -105.71779982095886 0.5996191349948481 
2.6 -105.46479928664859 1.3153094527715563 
2.6 -105.46479928664859 39.021926513714526 
2.6 -105.71779982095886 0.601385938949671 
2.6 -105.71779982095886 0.7498497634456517 
2.6 -105.71779982095886 39.01713840533354 
2.6 -105.71779982095886 39.01715880989916 
2.6 -105.71779982095886 15.473560191159564 
2.6 -105.71779982095886 0.599989655142249 
2.6 -105.71779982095886 39.01971586435547 
2.6 -105.71779982095886 0.598769366676795 
2.6 -105.46479928664859 1.1724227485850114 
2.6 -105.71549975792516 39.01636873759097 
2.6 -105.71779982095886 0.522101477724709 
2.6 -105.71779982095886 39.05095537276205 
2.6 -105.71779982095886 1.180250962078516 
5.9 -105.8245211349712 15.501058608492537 
5.9 -105.8245211349712 39.71359095053994 
3.6 -105.8643051791215 36.80905405940547 
3.6 -105.84861063232051 79.37159609101394 
3.6 -105.8643051791215 77.53060951137283 
3.6 -105.8643051791215 77.5306180790972 
3.6 -105.86108022419852 39.02382945033808 
3.6 -105.8643051791215 39.69021190786925 
3.6 -105.8643051791215 77.52690182938883 
3.6 -105.8643051791215 39.034392469083144 
3.6 -105.8643051791215 39.0296413608961 
3.6 -105.8643051791215 39.03532861772599 
3.6 -105.8643051791215 39.02593027954404 
3.6 -105.86526166262894 39.02319148308633 
3.6 -105.8643051791215 39.02594869059247 
3.6 -105.8643051791215 36.438441841451265 
3.6 -105.8643051791215 39.032086120651506 
3.6 -1.5772876249130547 39.03091495284138 
3.6 -105.8643051791215 39.02665016708921 
3.6 -105.8643051791215 36.80925767457319 
3.6 -105.8643051791215 36.80827133596433 
3.6 -105.8643051791215 39.04022982052236 
3.6 -105.8643051791215 39.029717807699505 
3.6 -5.632029155630946 36.74589850512928 
3.6 -105.8643051791215 39.03157586423273 
3.6 -105.86526166262894 39.023042338217195 
3.6 -105.8643051791215 39.29708083693513 
3.6 -105.8643051791215 39.32767638330351 
3.6 -105.8643051791215 36.433722075596116 
3.6 -105.8643051791215 39.03534901804852 
3.6 -105.86065286475672 39.019847870973514 
3.6 -105.8643051791215 39.01533675842264 
3.6 -105.8643051791215 36.438065743734526 
3.6 -105.85911588623792 39.01892611296449 
3.6 -105.8643051791215 36.43350816665282 
3.6 -5.663097836799992 39.02316883155326 
3.6 -105.83745562011183 39.02270348653145 
3.6 -105.86108022419852 39.02260204271351 
3.6 -105.86526166262894 39.02290765944116 
3.6 -105.85911588623792 39.01926334821453 
3.6 -105.8643051791215 39.04857250094535 
3.6 -5.3551211310286675 39.02106993203376 
3.6 -105.85911588623792 39.02356515263667 
3.6 -105.86526166262894 39.02397641622656 
3.6 -105.8643051791215 39.016870350045515 
3.6 -105.8643051791215 39.02056656503289 
3.6 -105.8643051791215 39.023375454316245 
3.6 -1.5772876249130547 39.023681093478 
3.6 -1.5936890138367943 1.4173955391741464 
3.6 -105.8643051791215 36.433508930890824 
3.9 -105.81511348101488 39.69318004763442 
4.7 -3.893336081655221 206.95253686918994 
1.3 -1.6365100383353735 148.42360729415134 
1.3 -1.6365100383353735 0.8376520980315242 
1.3 0.6877651785255523 82.91180356175903 
1.3 -1.6365100383353735 39.03014664245989 
1.3 0.6877651785255523 82.91193916671308 
1.3 -1.6365100383353735 39.021710663374805 
1.3 -1.6365100383353735 0.6808778058414062 
1.3 -1.6365100383353735 0.6838300169520924 
1.3 -1.6365100383353735 39.02809009652889 
1.3 -1.6365100383353735 39.01540963254775 
1.3 -1.6365100383353735 39.03086665833362 
1.3 -1.6365100383353735 39.02161234029975 
1.3 -1.6365100383353735 0.6964254764240048 
1.3 -1.6365100383353735 0.6921300189408471 
1.3 -1.6365100383353735 0.6737721411767928 
1.3 -1.6365100383353735 0.6838689122912958 
1.3 -1.6365100383353735 0.6809078659483049 
1.3 -1.6365100383353735 1.3095974368553722 
1.3 -1.6365100383353735 0.659652492764104 
1.3 -1.6365100383353735 39.019316865793584 
1.3 -1.6365100383353735 39.020277913423854 
1.3 -1.6365100383353735 39.01491135848456 
1.3 -1.6365100383353735 1.2348941948641075 
1.3 -1.6365100383353735 39.003582619699856 
1.3 -1.6365100383353735 1.4292563664589337 
1.3 -1.6365100383353735 39.01829197115092 
1.3 -1.6365100383353735 39.01850466175146 
6.4 -105.85302058463101 90.28270177895341 
6.4 -105.87490537514928 39.121800253143974 
6.4 -105.85302058463101 39.2162110879387 
6.4 -105.87490537514928 39.12166814094235 
6.4 -104.78738346681688 36.756125241609126 
6.4 -105.87558721070988 39.02154504283988 
1.6 -2.3988207142410545 21.334416194211734 
1.6 -1.8779210026053477 39.05807618963603 
1.6 -1.9735893034316945 39.09230091669862 
1.6 -1.9735893034316945 19.055722437505423 
1.6 -1.9735893034316945 19.05083029865975 
1.6 -2.3988207142410545 40.1881540742416 
1.6 -1.9735893034316945 39.03121197750702 
1.6 -1.9758886978481343 39.019906835951396 
1.6 -1.9754966838974752 39.01897370413075 
1.6 -2.3988207142410545 1.322323193224439 
2.4 -0.29945274969360014 39.01674953628603 
2.4 -105.22250317542135 1.3114230846500141 
2.4 -105.70201557259232 1.309864112609121 
2.4 -105.22850968523116 1.299047651441534 
2.4 -105.22250317542135 1.225891005132861 
2.4 -0.379342994208713 39.02253208325689 
2.4 -0.379342994208713 39.02543702257195 
2.4 -105.22250317542135 39.01765220143624 
2.4 -0.29945274969360014 15.467380519196295 
2.4 -105.70201557259232 1.3173836094804103 
2.4 -105.68460551606209 1.1302247425970273 
2.4 -105.22566462169962 39.02065687377119 
2.4 -105.22250317542135 1.2937890947876216 
2.4 -105.22566462169962 39.02343800477295 
2.4 -105.70201557259232 1.329626846887222 
2.4 -105.22250317542135 1.3141089335481482 
2.4 -105.70201557259232 1.3227325853028602 
2.4 -105.68460551606209 39.01611191328921 
2.4 -0.29945274969360014 1.331978064846796 
2.4 -105.70201557259232 1.171129201594454 
2.4 -105.68859439212102 1.293348793535848 
2.4 -105.75770966307876 1.1305723517465343 
2.4 -105.22250317542135 39.01618034202386 
2.4 -105.75770966307876 1.186276731309431 
2.4 -105.72234406358687 1.2246914089836736 
2.4 -105.75770966307876 1.1311365157344924 
2.4 -105.72234406358687 1.13641687954247 
2.4 -105.72234406358687 1.0822358269539727 
2.4 -0.29945274969360014 1.2110730344765244 
2.4 -105.72234406358687 1.0822200841066703 
0.1 -3.85108851823928 168.5856770422279 
0.1 -3.255786182306622 168.186261724592 
0.1 -3.85108851823928 39.74282861304272 
0.1 -3.85108851823928 168.58544934979318 
0.1 -3.255786182306622 168.18019419010417 
0.1 -3.85108851823928 168.58177793398025 
0.1 -3.85108851823928 39.74186450486377 
0.1 -3.8343158178354315 167.29856559551217 
0.1 -104.64449183131823 14.089615366961068 
3.5 -105.51041590145476 39.043147248474995 
3.5 -105.74990651580102 39.12171252880747 
3.5 -5.490109099354797 39.02383232317457 
3.5 -105.50811007086732 39.028753388604486 
3.5 -105.50811007086732 39.028217558082765 
3.5 -105.50811007086732 14.085447503582309 
3.5 -105.50811007086732 39.035322155106485 
3.5 -105.78434279653611 39.01915681717801 
3.5 -105.50811007086732 36.43838505387578 
3.5 -105.50744545576211 36.43169403234093 
3.5 -105.50811007086732 1.4080860386527796 
2.8 -105.33366102162226 39.673369539845204 
2.8 -105.14141882837096 14.098347729883374 
2.8 -105.13993746891057 39.063781460325 
1.7 -0.8171274417491219 69.86410716977109 
1.7 -2.0326626642577565 341.3992919894072 
1.7 -2.2778926034075937 39.046022213020024 
1.7 -2.0326626642577565 14.085169264405275 
1.7 -2.313747014399496 1.2761718332187442 
2.1 -3.789051493911998 1.3404500047503525 
2.1 -3.7890527804217555 14.079699003231285 
2.1 -3.789051493911998 39.044444142988546 
0.8 93.54727971299701 197.20000375139077 
0.8 93.54727971299701 186.4216176421193 
0.8 93.54727971299701 337.4330615529461 
0.8 93.54727971299701 40.03013543295313 
0.8 93.54727971299701 186.4225167510924 
0.8 93.54727971299701 1.1621055432934 
4.4 -3.3753920748407467 12.683199618697538 
4.4 -3.9635389042000213 12.544078116801916 
4.4 -3.3753920748407467 39.10372707920278 
4.4 -3.3753920748407467 39.10348736313588 
4.4 -3.9635389042000213 39.05840175740827 
4.4 -103.83710981418523 39.068891742206404 
4.4 -3.9635389042000213 39.02469805821508 
5.4 -3.895707222451918 140.44912062571083 
5.4 -3.895707222451918 15.317930840790368 
5.4 -3.895707222451918 39.02060437947558 
5.4 -3.895707222451918 39.018307163913946 
5.4 -3.895707222451918 14.080349091308886 
5.4 -3.895707222451918 39.01926358296952 
2.5 -105.36409740869786 1.0822358269539727 
2.5 -105.36409740869786 0.5090866384492155 
6.6 -4.080383831900534 224.24421344464187 
6.6 -105.84846226198898 39.037828538244945 
6.6 -4.659916305903138 39.03503194683589 
4.9 -3.046288584033462 39.02529086089577 
4.9 -3.046288584033462 14.104345512472918 
4.9 -3.046288584033462 39.01966406121699 
5.2 -2.422701648001521 39.026596722946834 
5.2 -2.4226501137309526 39.0167530766364 
5.2 -2.4226782771624897 14.071396055044282 
3.3 -105.4828925568441 91.11270641240321 
3.3 -105.46950864638877 91.112909661971 
3.3 -105.49080602425663 39.02220880005551 
3.3 -105.47760442414932 15.480756114551383 
3.3 -105.47760442414932 39.020513600726524 
3.3 -105.47760442414932 39.02714471306027 
3.3 -105.47760442414932 14.091966758747722 
3.3 -105.47760442414932 14.083325903438405 
3.3 -105.85568540270549 1.2108502185170322 
3.3 -4.3350560078509375 1.1863022214726149 
3.3 -105.47760442414932 1.2066564751662237 
0.5 -4.129472303150052 251.93741194960964 
0.5 -3.82491086910332 1.1465581275470362 
0.5 -3.8365342012584023 1.2739623959893238 
0.5 -3.3899186329914954 39.01617513920735 
0.5 -3.3899186329914954 1.1596559932575365 
0.5 -3.82491086910332 1.1772176358725681 
0.5 -3.8365342012584023 1.3414005358718295 
0.5 -3.3899186329914954 1.1740515439729982 
0.5 -3.3899186329914954 1.1323247124107354 
0.5 -3.82491086910332 1.308464919063156 
0.5 -4.129472303150052 39.01656898966129 
0.5 -3.82491086910332 1.1590566574019765 
0.5 -3.8365342012584023 1.1597216135272328 
0.5 -3.82491086910332 1.185796438413293 
0.5 -4.129472303150052 39.02949996987353 
0.5 -3.82491086910332 39.02630184859428 
0.5 -3.8365342012584023 1.1502028981918575 
0.5 -3.3899186329914954 39.01650602958572 
3.2 -105.82079695728143 39.020928625292854 
3.2 -105.82079695728143 39.01792701593008 
3.2 -2.714928319711717 39.121960801504535 
3.2 -105.82119374474217 15.306630608639157 
3.2 -104.84863108784019 39.01739705965306 
3.2 -105.82119374474217 39.02969656841075 
3.2 -5.439309220255183 39.069120074636736 
3.2 -105.82119374474217 15.293776340828261 
3.2 -105.77382324032384 39.018094748965176 
3.2 -105.6123114147007 39.08309235327945 
3.2 -105.82119374474217 14.08525794493882 
3.2 -105.82119374474217 39.11216348992239 
3.2 -105.82119374474217 39.02135576838117 
3.2 -105.82119374474217 14.08581202648504 
3.2 -105.82119374474217 39.02164823912419 
3.2 -105.77664819985516 39.016930447323176 
3.2 -105.82119374474217 39.020527820585215 
3.2 -105.82119374474217 39.02237897560631 
3.2 -105.82119374474217 14.081675143332733 
3.2 -105.82119374474217 39.02042257698813 
3.2 -105.80514218289765 14.07223796956278 
-0.8 -0.2197919881555066 39.02772970183231 
-0.8 -0.2197919881555066 39.47947771142947 
-0.8 -0.2197919881555066 39.87635894370106 
-0.8 -0.2197919881555066 39.87603318959159 
-0.8 -0.2197919881555066 39.02721807629353 
-0.8 -0.2197919881555066 39.03074212191858 
-0.8 -0.2197919881555066 39.0263727759347 
-0.8 -0.2197919881555066 39.025210876752446 
-0.8 -0.2197919881555066 1.2128414815011912 
-0.8 -0.2197919881555066 1.1784330990226335 
-0.8 -0.2197919881555066 1.2170595126674941 
-0.8 -3.720149217232617 39.02662183604973 
-0.8 -0.2197919881555066 2.6532737164812072 
-0.8 -0.2197919881555066 1.311736660934384 
-0.8 -0.2197919881555066 1.1720614267026477 
-0.8 -0.2197919881555066 1.2127146212683952 
-0.8 -3.720149217232617 39.026522897523286 
-0.8 -0.2197919881555066 39.01746577338162 
-0.8 -3.720149217232617 1.1701219249077397 
-0.8 -3.720149217232617 39.0255690916317 
-0.8 -0.2197919881555066 39.017318565330676 
-0.8 -0.2197919881555066 1.1556493631964238 
-0.8 -3.720149217232617 1.182047871012256 
-0.8 -3.720149217232617 39.01728800673232 
-0.8 -3.720149217232617 1.1682465981227443 
-0.8 -0.2197919881555066 1.1648339031890862 
-0.8 -3.720149217232617 39.0172410605787 
-0.8 -3.720149217232617 1.183128642557943 
-0.8 -0.2197919881555066 2.495279705843295 
-0.8 -0.2197919881555066 39.021983095918635 
-0.8 -0.2197919881555066 39.01929317763425 
-0.8 -0.2197919881555066 1.1580426822471739 
-0.8 -0.2197919881555066 1.1755604847666017 
4.2 -105.6552382334905 39.022545851237375 
5.6 -105.88240748451942 46.70177190193867 
5.6 -105.88511701903653 46.690638916161014 
5.6 -105.88857289335948 39.035996856339175 
5.6 -105.88240748451942 46.69509071174641 
5.6 -105.88585715876941 46.69018817882159 
5.6 -105.88511701903653 46.69309071816769 
5.6 -105.27558065396745 15.30783202351031 
5.6 -105.88857289335948 39.02539623074897 
5.6 -105.88857289335948 39.02509614109023 
5.6 -105.88857289335948 39.025395848507095 
5.6 -105.88857289335948 39.029133990051214 
5.6 -105.89014389294437 39.03360244610112 
5.6 -105.89014389294437 39.02358681050876 
5.6 -105.89014389294437 39.02760648962921 
5.6 -105.88050618825274 39.021312892064024 
5.6 -105.88199582051156 39.021779726688486 
5.6 -105.88857289335948 39.03713952118859 
5.6 -105.89014389294437 39.02334949555342 
5.6 -105.89014389294437 39.0235865767788 
5.6 -105.89014389294437 39.02768496631945 
5.6 -105.88240748451942 39.01929453037969 
5.6 -105.88857289335948 39.02068270075309 
5.6 -105.88857289335948 39.02504975828521 
5.6 -105.88857289335948 39.776934604340376 
5.6 -105.89014389294437 39.023100632728564 
5.6 -105.88199582051156 39.022060031707866 
5.6 -105.88857289335948 39.18854174976702 
5.6 -105.89014389294437 39.02310185082666 
5.6 -105.88857289335948 39.020681792882634 
5.6 -105.88164766453193 39.02241997109454 
5.6 -105.89014389294437 39.024041003058024 
5.6 -105.88050618825274 39.016839914959036 
5.6 -105.87611090233639 39.01666503477788 
5.6 -105.88240748451942 39.01951027533494 
5.6 -105.89014389294437 39.025795975903016 
5.6 -105.89014389294437 39.023095460738844 
5.6 -105.881604006501 39.021772046080535 
5.6 -105.881604006501 39.02020186437596 
5.6 -105.88050618825274 39.01684254194823 
5.6 -105.89014389294437 39.02309592133934 
5.6 -105.88240748451942 39.019377884293995 
5.6 -105.88240748451942 39.01760033624093 
5.6 -3.5058175770096796 39.01696726501954 
5.6 -105.88857289335948 39.18696058133496 
5.6 -105.89014389294437 39.15716984460565 
5.6 -105.88857289335948 39.024984569062234 
5.6 -105.88057514499003 39.01668903098416 
5.6 -104.78366688395641 39.01664673332009 
5.6 -105.89010900164277 39.02370281759372 
5.6 -105.89014389294437 39.022985169036055 
5.6 -105.89014389294437 39.02702633559004 
5.6 -105.881604006501 39.01661071003494 
5.6 -105.88087351212268 39.01752724181622 
5.6 -105.88164766453193 39.015882109869665 
5.6 -105.89014389294437 39.02326655884298 
5.6 -105.88857289335948 39.0201234844942 
5.6 -105.89014389294437 39.02336183371171 
5.6 -105.88857289335948 39.0208035031766 
5.6 -105.88857289335948 39.021523425550455 
5.6 -105.88164766453193 39.02103837124091 
5.6 -105.88165452936076 39.01588248435982 
5.6 -105.88448507554426 39.024704970852625 
5.6 -105.88164766453193 39.01588546139463 
5.6 -105.86868621115259 39.01730645478802 
5.6 -105.86997471759395 39.01788838130142 
5.6 -105.88240748451942 39.017597290919085 
5.6 -105.88857289335948 39.01883061632761 
5.6 -105.88162270027578 39.01584252858207 
5.6 -105.88165452936076 39.01642846654003 
5.6 -105.88857289335948 39.01883007409539 
5.6 -105.89010900164277 39.02951854927244 
5.6 -105.88240748451942 39.017397860342925 
5.6 -105.88162270027578 39.015671291929436 
1.2 -1.8828283991230421 39.02775949509725 
1.2 -4.049965892017525 1.1323782106497737 
1.2 -4.049965892017525 1.1317815425369655 
1.2 -4.049965892017525 1.1300685131724477 
1.2 -4.049965892017525 1.1300550127568294 
6.5 -3.501002151635717 180.40203915397367 
2.7 -105.35543542373611 1.528842357836397 
2.7 -105.3516352057081 1.3210358928892607 
2.7 -105.35543542373611 1.5251251951391391 
2.7 -105.35543542373611 1.2850244608548393 
2.7 -105.35543542373611 39.02969301744442 
2.7 -105.35543542373611 39.80665839175916 
2.7 -105.35543542373611 39.021616822822736 
2.7 -105.35543542373611 39.021352929819216 
2.7 -105.35543542373611 1.4332760241305726 
2.7 -105.3516352057081 14.08711708581828 
2.7 -105.35543542373611 39.0182067456513 
2.7 -105.29213588624691 1.1173504171089894 
4.1 -105.64465942534558 153.36187019216493 
4.1 -105.64485094140848 218.58225144781338 
4.1 -105.64455502679952 341.3994875919901 
4.1 -105.64485094140848 40.14662901851299 
4.1 -105.64485094140848 69.86515377868561 
4.1 -105.64451927723081 39.02799863529296 
4.1 -105.64451927723081 39.017729944396166 
4.1 -105.64440896670682 39.01931390918434 
1.8 -2.4983916115465092 311.48061178588927 
1.8 -2.4983916115465092 39.0133350311025 
1.8 -105.52201700348219 1.1542620502260321 
1.8 -105.52201700348219 39.0167014395372 
1.8 -2.4983916115465092 1.1460525629843652 
1.8 -105.52201700348219 1.163481976893154 
1.8 -2.822341174764489 1.2002367860465415 
1.8 -105.52201700348219 39.01681653550413 
1.8 -2.4983916115465092 1.111467141300445 
1.8 -105.52201700348219 1.3595575606987396 
1.8 -105.51895483778735 39.01606136831017 
1.8 -105.51895483778735 36.42425036773485 
0.4 -3.543170838811335 39.016538069705625 
0.4 -3.765016171004234 1.146425379227124 
5.0 -105.80405631772172 244.64165692384756 
5.0 -2.529872555642001 156.78679906680682 
5.0 -105.81604155905306 39.812362324845076 
5.0 -105.60084955755542 39.0699778715389 
5.0 -2.5298617015638456 41.1811173546183 
5.0 -2.6725858458204783 39.46990232601077 
5.0 -105.85257674522221 39.02285757003308 
5.0 -105.83851378634765 39.02099817698585 
5.0 -4.142226960748076 39.039494944149766 
5.0 -105.85068721628684 39.03354872276553 
5.0 -105.60083498851724 39.00415178752704 
5.0 -2.4934302815306353 39.02191639118282 
5.0 -105.84827804565299 39.01992682010975 
5.0 -105.82999263395348 39.02148152085503 
-0.2 -2.434471035314175 39.02741051984163 
-0.2 -2.434471035314175 39.02232752673963 
6.2 -3.9007908363576007 108.43174507087265 
6.2 -3.4906981419699576 39.02380421599396 
6.2 -3.490031808086556 39.02332273721629 
6.0 -3.591889803235617 69.84973086370978 
6.0 -3.9144160721723438 39.02458130508729 
6.0 -3.91441197978034 1.2453827596437361 
-0.1 -3.6021418073350446 39.7155110155956 
-0.1 -2.4491602355396367 39.03458022936049 
-0.1 -2.4491602355396367 39.02748978666062 
5.3 -3.0584049631594894 39.02185774091683 
5.3 -2.267948450913238 39.02200835897609 
5.3 -2.258252511113369 39.026541010926515 
5.3 -2.2679463723184057 14.071500220240507 
-0.6 -3.8088945797321117 304.48609790056526 
-0.6 -3.8088945797321117 180.52129174580128 
-0.6 -3.8088945797321117 3.371732850767087 
-0.6 -3.8088945797321117 39.024549918812845 
-0.6 -3.8088945797321117 304.4876611122038 
-0.6 -3.8088945797321117 39.02959067903579 
-0.6 -3.8088945797321117 304.4856085996028 
-0.6 -3.8088945797321117 3.386349524673314 
-0.6 -3.8088945797321117 3.386998813992155 
-0.6 -105.01436313301748 39.021169758182324 
-0.6 -3.8088945797321117 2.6938463646967183 
-0.6 -3.8088945797321117 2.7183870361857325 
-0.6 -3.8088945797321117 39.02780780968056 
-0.6 -105.01436313301748 39.02112177924872 
-0.6 -3.808063456981486 39.023546267889024 
-0.6 -105.01436313301748 39.018002612939725 
-0.6 -3.8088945797321117 39.02518546710015 
-0.6 -105.01436313301748 39.021182900722046 
-0.6 -3.8088945797321117 2.675218342366534 
-0.6 -3.8088945797321117 3.3723402382987158 
-0.6 -105.01436313301748 39.02215076339719 
-0.6 -3.8088945797321117 39.01706776758205 
-0.6 -3.8088945797321117 2.6997476733377073 
-0.6 -105.01436313301748 39.13376126667279 
-0.6 -3.8088945797321117 15.47565178169698 
-0.6 -3.808063456981486 39.021288436408746 
-0.6 -105.01436313301748 39.0199991214907 
-0.6 -3.808063456981486 39.02119167206317 
-0.6 -3.8088945797321117 39.1167684529156 
-0.6 -3.808063456981486 39.018022493893966 
-0.6 -105.01436313301748 39.01738674088116 
-0.6 -3.8088945797321117 39.017765672101824 
-0.6 -105.01436313301748 2.6826332003813413 
-0.6 -3.8088945797321117 1.358965524907572 
-0.6 -3.8088945797321117 2.6516826834543803 
-0.6 -3.8088945797321117 39.026472984754406 
-0.6 -0.6916150246968584 15.464630925345636 
-0.6 -105.01436313301748 39.24541277647894 
-0.6 -3.8088945797321117 39.01926132642902 
-0.6 -105.01436313301748 39.025730019838534 
-0.6 -3.8088945797321117 1.372804853986514 
-0.6 -3.8088945797321117 1.4014895385039583 
-0.6 -3.8088945797321117 39.02586646682755 
-0.6 -3.8088945797321117 39.02277554800484 
-0.6 -105.01436313301748 39.03131132845099 
-0.6 -3.8088945797321117 1.1665617295151685 
-0.6 -3.8088945797321117 1.3898865914784733 
-0.6 -3.8088945797321117 1.3724708466916635 
-0.6 -3.808063456981486 2.6037437487627875 
-0.6 -0.6916150246968584 39.02390259580406 
-0.6 -3.808063456981486 1.1685105617404805 
-0.6 -3.8088945797321117 1.1814039741259714 
-0.6 -3.8088945797321117 39.02493609198759 
3.7 -105.77359549053956 1.2816076796301776 
3.7 -105.90305461145428 39.02044590267663 
3.7 -105.90305461145428 39.020775866738006 
3.7 -105.77359549053956 39.02302624733909 
3.7 -105.77359549053956 36.43084770057551 
3.7 -105.85127716117597 39.020719163491194 
3.7 -105.77359549053956 39.02520189585867 
4.6 -3.902537579932485 15.307848755743514 
4.6 -3.902537579932485 39.034687084838 
0.2 93.54727971299701 27.13759159611507 
0.2 93.54727971299701 39.48381946775849 
0.2 93.54727971299701 26.149316787065235 
2.9 -105.3787794065495 39.06483175785934 
2.9 -105.37282893123741 0.5996191349948481 
2.9 -105.32306725076945 0.918821882864922 
2.9 -105.38345302054894 14.084958537001178 
2.9 -105.38345302054894 1.3182609524484352 
5.5 -3.5741641808741065 279.41856085867903 
5.5 -3.5742825573578045 73.37401593661546 
5.5 -3.5741638189395957 279.41266751608856 
5.5 -3.5741641808741065 39.02630541099348 
5.5 -3.5741638189395957 72.115527169958 
5.5 -3.5820667804364206 46.71182127349071 
5.5 -3.5741641808741065 39.02138008147891 
5.5 -3.5741638189395957 39.02180317476086 
5.5 -3.5909373448805724 39.02361141963914 
5.5 -3.574198696198806 39.022610044254094 
5.5 -3.5741641808741065 39.0272797746987 
5.5 -3.5728142493199897 39.59910406903923 
5.5 -3.5741641808741065 39.01744491014826 
-0.3 -104.72414032822361 39.018687054440505 
1.9 -105.60937131584691 1.3399981126488623 
1.9 -105.60508105216302 39.02316773721222 
1.9 -105.60508105216302 1.342786552082895 
1.9 -105.60508105216302 39.022751991917964 
1.9 -105.60508105216302 1.146276484838438 
1.9 -105.60508105216302 39.017764331153536 
1.9 -105.51970218903925 1.1854375717468861 
1.9 -105.60508105216302 1.3507250100627253 
1.9 -105.60508105216302 1.1976783525777668 
1.9 -105.60508105216302 1.3421012245823545 
1.9 -105.56877837124743 1.1209473342460123 
1.9 -105.60508105216302 1.1462729956905418 
1.9 -105.60508105216302 1.1644927295900462 
1.4 -2.0314611450138926 39.01508921107581 
1.4 -0.45777686205376256 0.6287700292171206 
1.4 -2.0314611450138926 39.021058569871116 
1.4 -0.45777686205376256 39.00618528628914 
1.4 -2.0314611450138926 39.02113559110905 
1.4 -0.5298561378032218 1.3252000043131875 
1.4 -0.45777686205376256 39.030745399079365 
1.4 -2.0314611450138926 39.02128841342075 
1.4 -0.45777686205376256 39.017359701576744 
1.4 -2.0314611450138926 39.0234628619389 
1.1 93.54727971299701 32.84154227333003 
1.1 93.54727971299701 39.02047566852239 
6.1 -0.9695197081247642 311.48509368185165 
6.1 -105.87008902144996 311.4610097232034 
6.1 -105.8170135030292 39.01797019802358 
