-1.0 [[12.163921295551143], [2.4999997656564927, 142.00860885709494, 105.58107568791131], [52.1542658564455, 175.28682601065503], [0.19089293510068928, 4.71922646986325]] 
5.1 [[12.76383306499164], [2.4999996761259657, 139.86017398154212, 135.06244697502223], [2.496616234274857, 152.18710081398467], [0.45370210133829386, 0.5206612315614336]] 
0.6 [[12.164418495299621], [4.896780039598103, 154.4485543727888, 100.35726320098904], [0.3620529378342694, 19.327991779665602], [0.564540093365914, 2.933799311358017]] 
-0.7 [[12.164418495299621], [2.49999998369413, 156.0805062349888, 100.35726320098904], [0.5313725245689396, 5.438492376755055], [4.510094707946971, 8.874503388680777]] 
-0.4 [[9.057149672097925], [2.5, 120.1634083072204, 100.35726320098904], [33.64436152652675, 112.58842965877727], [0.3709744558751167, 1.6328808011164844]] 
2.2 [[12.919929348202446], [2.3242181839368925, 143.03301563739657, 100.35726320098904], [93.5166817816131, 4.557293483901807], [0.08835862627266217, 15.646122920229773]] 
4.0 [[32.51482461864127], [2.4969882993051646, 134.91352215602532, 138.55576983330897], [22.836763409806423, 19.852783742592337], [0.2770036722142608, 6.037811829932997]] 
0.9 [[12.164418495299621], [4.896780039598103, 143.8451144103554, 100.35726320098904], [2.4935840807458765, 111.02145225919882], [1.299583062506814, 0.04384519028278744]] 
-0.5 [[12.069738113640017], [2.5, 160.67535575694671, 2.5], [2.4565060839142445, 152.0360725966272], [0.6099498648470173, 17.537862112276294]] 
-0.5 [[12.164418495299621], [2.5, 160.5834125593887, 100.35726320098904], [2.496806025395796, 5.83275734178865], [4.519889214564717, 1.6328808011164844]] 
-0.5 [[11.86412505426751], [2.4997823756399042, 160.87935491459052, 100.35726320098904], [1.202068665525319, 174.53491579808303], [4.832408900711782, 18.493888345584594]] 
3.1 [[12.164418495299621], [2.451030971923662, 138.83416107128002, 100.35726320098904], [101.12854606186144, 111.47763836442313], [0.3606838978654778, 0.8901892538377294]] 
3.1 [[12.858460685208797], [2.4990981737637368, 138.83416107128002, 2.5], [95.854384809691, 111.47763836442313], [0.3606838978654778, 6.354327084006679]] 
3.1 [[31.29526259375362], [2.5, 143.84464919534392, 100.35726320098904], [2.4872457181871903, 25.08777786434417], [0.40460449081570005, 21.824642927564]] 
2.6 [[12.164418495299621], [4.896780039598103, 143.8451144103554, 100.35726320098904], [2.4935840807458765, 22.649112599480222], [0.4611863394171716, 0.0734908160255916]] 
3.6 [[48.04827927709206], [2.495460634911411, 200.0, 190.98834057839576], [0.7166785122220253, 83.23657613012873], [0.3228390101896713, 38.78696528260447]] 
3.6 [[11.055520496441517], [2.4666377288974983, 198.11174406004943, 2.5], [0.9145198924386222, 210.0598010362287], [1.900694706006696, 16.37739793744144]] 
2.4 [[8.933953862315235], [2.4997772494302897, 125.07376349653926, 100.35726320098904], [5.833129167462644, 5.5070874487469865], [1.0588311766862315, 21.535457062197217]] 
2.4 [[9.174354785526722], [2.499997898325199, 124.45739511523408, 100.35726320098904], [5.882551253436908, 5.5070874487469865], [1.0686274972701602, 1.8105413773223997]] 
2.5 [[8.912774479203634], [4.896780039598103, 143.8451144103554, 100.35726320098904], [2.4935840807458765, 4.3376049125558325], [1.0754745220235111, 0.12988960455686183]] 
3.3 [[11.86412505426751], [2.4997823756399042, 160.74248175690468, 100.35726320098904], [1.202068665525319, 5.83275734178865], [4.832408900711782, 21.651964649826795]] 
3.2 [[32.46289411956625], [2.5, 150.66460552074162, 135.06244697502223], [1.7850683567121735, 111.44790686812316], [0.6169865237322166, 1.4576194762636945]] 
3.2 [[13.13506620715841], [2.4999931933957233, 150.66460552074162, 135.06244697502223], [97.8001987930179, 111.44790686812316], [0.6169865237322166, 1.4576194762636945]] 
-0.8 [[11.90343977905926], [2.4986576320693334, 149.69580213657673, 100.35726320098904], [0.35652763591922415, 120.63063560848346], [0.5905108281772831, 1.1488499314241878]] 
-0.8 [[11.90343977905926], [2.4999114343548703, 153.72298665238347, 100.35726320098904], [99.14048811259858, 120.63063560848346], [0.5936800382661389, 1.1431147750771595]] 
5.6 [[12.88331232032609], [2.498654160547992, 141.54865569902455, 2.5], [0.6826373568468187, 24.24437966383624], [3.0377518226521607, 6.014181095207014]] 
5.6 [[12.88331232032609], [2.498654160547992, 141.54865569902455, 2.5], [5.673034441759597, 24.24437966383624], [3.0377518226521607, 6.014181095207014]] 
5.6 [[25.50326864211443], [2.4968056487182873, 139.4830084142393, 2.5], [0.36479723806449493, 18.996493733108316], [0.46138909119166804, 20.66744173374319]] 
5.6 [[12.898240436536568], [2.4968523938384966, 139.4830084142393, 2.5], [0.3045720469164479, 125.20759077963649], [0.36631307747538233, 19.611900835008935]] 
5.6 [[12.66248601069534], [2.4986065393558405, 138.8839243273701, 2.5], [0.4922166954025613, 24.24437966383624], [0.4334450296557448, 6.014181095207014]] 
1.8 [[18.373902456129137], [2.49927267486962, 138.42743864167994, 100.35726320098904], [101.12854606186144, 111.6088956978695], [0.6039343430708021, 3.891099244002762]] 
-0.6 [[44.544822751731935], [2.5, 187.35904753831403, 105.58107568791131], [161.97289129172, 163.9338195720798], [0.5532327271428727, 0.9650892370462751]] 
-0.6 [[12.164418495299621], [2.5, 160.5834125593887, 100.35726320098904], [0.5682411792774942, 5.438492376755055], [4.519889214564717, 8.890527427546818]] 
3.7 [[11.041708603285421], [2.4997419815496773, 160.45198033855198, 2.5], [2.0435262284645868, 172.69424743123042], [0.5440947845921932, 26.336598599440997]] 
1.9 [[12.164408375535798], [2.3217779918046637, 199.9847397891414, 100.35726320098904], [0.1962713980117845, 5.2878148851432485], [0.3661653890298389, 15.45527083702931]] 
1.9 [[8.962040442386474], [2.49927267486962, 138.6001072959917, 100.35726320098904], [3.082272015078253, 110.11865487793929], [0.36299544078325574, 3.891099244002762]] 
1.9 [[14.626299331658666], [2.4997819665949232, 141.76402107788925, 100.35726320098904], [0.6836529936693769, 5.542147197987527], [0.3661653890298389, 15.597355645512076]] 
