0.7 0.5220924355989638 46.75007376992423 
0.7 0.010902198018106102 39.02475594648789 
0.7 0.2394775659334818 39.0890200078103 
1.5 -0.5606042469810912 88.84293354157612 
1.5 -0.04117675189746395 39.016938898721115 
1.5 -0.5606042469810912 39.65427478002673 
1.5 -0.5606042469810912 39.65414335688255 
1.5 -0.10670054513329408 39.65022314607303 
1.5 0.5230010930137361 39.02482022014225 
1.5 -0.5606042469810912 39.654153604634956 
1.5 -0.5606042469810912 39.661964760431985 
1.5 -0.38836814021379507 39.02735478090381 
1.5 -0.38836814021379507 39.018697084260495 
1.5 -0.38836814021379507 39.03079412323628 
1.5 -0.38836814021379507 39.033406100867786 
1.5 -0.1014591572579131 39.65262614437128 
1.5 -0.5606042469810912 39.65549121236526 
1.5 0.0707265795364207 39.02912256369616 
1.5 0.5477928821820841 39.65303327874607 
1.5 0.00634386145983612 39.023967818121534 
1.5 -0.3952065516164742 39.432940560587745 
1.5 -0.3952065516164742 39.43272293882369 
1.5 -0.38836814021379507 39.433060435631205 
1.5 -0.012229774150330996 2.251201525512045 
1.5 -0.3952065516164742 39.02276076539542 
1.5 0.0707265795364207 39.02291873605001 
1.5 -0.3952065516164742 39.02185787995607 
1.5 0.10047657252588316 39.01332680547082 
1.5 -0.021409431702733794 39.2821334179956 
1.5 0.05066278442913852 39.02146723434434 
1.5 -0.3952065516164742 39.02062512536979 
1.5 0.025552545945084493 39.02270716025622 
1.5 -0.38836814021379507 39.01441824649615 
1.5 0.0707265795364207 39.02074905499597 
0.6 0.06363769838827205 30.16577539868985 
0.6 0.038641158581348645 17.03452205788646 
0.6 -0.18870754632335807 39.07644150402745 
0.6 0.04895811225712077 7.720228031425316 
0.6 0.049509627307578796 39.26931946132626 
0.6 0.05060480064658668 41.883218495599515 
0.6 -0.10417303611579598 39.02931830738327 
0.6 -0.2308111236012631 39.08915638765975 
0.6 -0.08656010145972104 39.063919702786954 
0.6 0.04895811225712077 7.720000693815101 
0.6 -0.08656010145972104 39.06807762926464 
0.6 -0.2308111236012631 39.08950331031088 
4.3 -0.5020926936549417 260.6780220521082 
3.0 -0.08161429873417392 39.01338112640939 
-0.7 196.47934189850136 39.037825681623104 
-0.7 196.47934189850136 39.014946568958 
-0.7 196.47934189850136 39.018494106538085 
-0.7 196.47934189850136 39.01485165461329 
-0.7 196.47934189850136 39.0170558047533 
-0.7 196.47934189850136 39.01471291573722 
-0.7 196.47934189850136 39.01494304476974 
-0.7 196.47934189850136 39.029114907358675 
-0.7 196.47934189850136 39.0291262956246 
-0.7 196.47934189850136 2.618743373037381 
-0.7 196.47934189850136 39.013883650417824 
-0.7 196.47934189850136 10.353481542364063 
-0.7 196.47934189850136 39.013004356241616 
-0.7 196.47934189850136 2.5092912195797408 
-0.4 0.6346845318295253 353.2422811153966 
-0.4 0.5784020942195349 300.39195157156723 
-0.4 0.5859143212994358 300.2268549355237 
-0.4 0.651597568260688 1.9989210547516352 
-0.4 0.5943856355286039 39.013909970037844 
-0.4 0.5882794267434104 300.22770247838065 
-0.4 0.6404584966762323 7.265142035282146 
-0.4 0.6204184083238165 2.4978547753633022 
-0.4 0.5264699018814589 7.28129481702452 
-0.4 0.6636903937233054 17.03456830147323 
-0.4 0.651597568260688 39.017304395313516 
-0.4 0.7130589972084271 21.48122091487142 
-0.4 0.6346845318295253 39.27702875460369 
-0.4 0.651597568260688 2.0236730080665444 
-0.4 0.651597568260688 2.6456532210623864 
-0.4 0.6111515402612842 39.02662709117856 
-0.4 0.5264699018814589 39.020394117651456 
-0.4 0.5882794267434104 2.648628930541438 
-0.4 0.651597568260688 39.817014717356244 
-0.4 0.651597568260688 2.0139432311761882 
-0.4 0.651597568260688 39.022101468581546 
-0.4 0.5882794267434104 39.025327140105425 
-0.4 0.5264699018814589 39.61246010376628 
-0.4 0.5882794267434104 39.01948647647826 
-0.4 0.651597568260688 39.01896923853218 
-0.4 0.5882794267434104 2.7678030289506608 
-0.4 0.6204184083238165 39.01747108209584 
-0.4 0.6204184083238165 39.02640915962128 
-0.4 0.6204184083238165 39.01745748106592 
-0.4 0.6204184083238165 39.01870496989341 
-0.4 0.651597568260688 39.02741642741321 
-0.4 0.6204184083238165 2.5733666283991545 
-0.4 0.5264699018814589 7.247304144965093 
-0.4 0.6770047857682941 39.03510065665985 
-0.4 0.651597568260688 2.5441028563440775 
-0.4 0.7201446036400556 2.583063564818424 
-0.4 0.651597568260688 2.003278840726448 
-0.4 0.651597568260688 39.223174357732475 
-0.4 0.7201446036400556 2.7451553502443655 
-0.4 0.6204184083238165 2.6498677138158446 
-0.4 0.5882794267434104 2.6855672558495574 
-0.4 0.651597568260688 2.443082992150934 
-0.4 0.651597568260688 2.3157787480104064 
-0.4 0.651597568260688 1.994747292428235 
-0.4 0.631234689168152 2.6484948514292483 
-0.4 0.651597568260688 1.9068873079126891 
-0.4 0.651597568260688 39.04493087979083 
-0.4 0.7201446036400556 2.6682693569586164 
-0.4 0.651597568260688 39.01413512585281 
-0.4 0.631234689168152 39.01385440616175 
-0.4 0.5882794267434104 1.9178939767896372 
-0.4 0.6204184083238165 1.884686828247466 
-0.4 0.5882794267434104 2.5503744599020655 
-0.4 0.5882794267434104 39.021918957511936 
-0.4 0.6204184083238165 2.6503198635875718 
-0.4 0.6204184083238165 39.01714734798512 
-0.4 0.651597568260688 2.550909558105306 
-0.4 0.651597568260688 1.9710686869148502 
-0.4 0.6204184083238165 39.01331927469351 
-0.4 0.7130589972084271 1.9728947093284381 
-0.4 0.6204184083238165 2.0528714722258163 
-0.4 0.5264699018814589 39.60014492232751 
-0.4 0.5882794267434104 39.021268056839446 
-0.4 0.6204184083238165 39.013594288157456 
-0.4 0.5882794267434104 39.01531962088813 
-0.4 0.5882794267434104 39.02237764485609 
-0.4 0.6204184083238165 1.8855205849255656 
-0.4 0.5264699018814589 7.246846110285552 
-0.4 0.5264699018814589 7.246994301269776 
-0.4 0.7130589972084271 1.8920696731323472 
-0.4 0.651597568260688 39.01484804890814 
-0.4 0.6965779947712711 1.8845044690256132 
-0.4 0.6204184083238165 39.01367034101253 
-0.4 0.5882794267434104 39.16952789286631 
-0.4 0.6204184083238165 39.01621901970766 
-0.4 0.7201446036400556 39.03730323810047 
2.2 0.18356164185254942 294.57611430664093 
2.2 -0.15051103476238437 21.481601389954918 
2.2 0.009871400366924465 294.2371069186524 
2.2 -0.023432177262532328 39.027656750541276 
2.2 -0.19711146512352862 21.481671345980377 
2.2 -0.19711146512352862 21.481222921478576 
2.2 -0.19711146512352862 39.01895037045027 
2.2 -0.023432177262532328 39.023968567181505 
2.2 0.5369312718367025 39.39717930264935 
2.2 -0.19711146512352862 21.481103798209087 
2.2 -0.19711146512352862 21.490607759599158 
2.2 0.11921582838045142 21.47202195214897 
2.2 -0.19711146512352862 21.48102329078964 
2.2 -0.025103659639352127 39.020462689236886 
2.2 -0.15051103476238437 39.02793955984363 
2.2 -0.020143709447251634 39.02568597898975 
2.2 -0.15051103476238437 39.0225462015002 
2.2 -0.11360408450713466 39.605981167915644 
2.2 -0.19711146512352862 39.01606591180083 
2.2 -0.19711146512352862 2.441341061868767 
2.2 0.40179988994733673 39.01434795687575 
2.2 -0.19711146512352862 39.0138825091671 
2.2 -0.19711146512352862 39.01388876192593 
3.8 -0.522047092861075 63.26803146443245 
3.8 0.20028794010502216 151.73156714438718 
3.8 -0.46088717834129733 39.01356808147035 
3.8 0.42291313545413134 39.01366489189484 
3.8 -0.46088717834129733 39.014520040444275 
3.8 -0.4581619262783967 39.02062160544795 
3.8 -0.2344017173073194 39.018217189389844 
3.8 -0.3881217501663774 39.02341693941321 
3.8 -0.46088717834129733 39.01484211353615 
3.8 -0.46088717834129733 39.01356808187976 
3.8 -0.46846555121675104 39.01354938871333 
3.8 -0.4460011828349568 39.02366975720355 
3.8 -0.4581685783966716 39.02037744694195 
3.8 -0.234399826314033 39.013140344554344 
3.8 -0.8268389012392245 39.01753432711216 
3.8 -0.5474460962449403 39.025078520627396 
0.3 0.8897776375236175 39.014977606876215 
0.3 1.07353457448533 39.02471676645873 
0.3 1.0636460114825352 39.016181733676184 
2.3 -0.0891541733768193 100.17304909691622 
2.3 -0.036735990810532915 297.6855523854021 
2.3 -0.10534189699084795 7.247379642089193 
2.3 -0.21050158118032725 7.253257466549557 
2.3 0.3531377689087716 2.554261616535197 
2.3 0.3531377689087716 39.020232614060575 
2.3 -0.21050158118032725 39.60723562713788 
2.3 -0.10534189699084795 7.247634861716709 
2.3 -0.10534189699084795 39.605821261800955 
2.3 -0.18739254531823324 10.35923755817113 
2.3 -0.18739254531823324 2.4339614285391833 
2.3 -0.18739254531823324 39.013427374475015 
2.3 -0.18739254531823324 39.01340993490328 
2.3 0.11612148308763626 2.575375223761652 
2.3 0.39606878691233627 2.4336548691161313 
2.3 0.42568921834847506 39.01355837388923 
2.3 -0.18739254531823324 39.01342766770411 
2.3 -0.18739254531823324 39.01342364463079 
2.3 -0.0206920535858095 39.01356935569186 
2.3 0.25932638247926176 39.01800227243892 
2.3 -0.026152063506218237 39.013769805254846 
2.3 -0.18739254531823324 2.4339610732740837 
2.3 0.40182628662278175 39.01376487862314 
3.4 -0.22281330499259333 278.52959582313866 
3.4 -0.6273840821027084 210.42884624719233 
3.4 0.03231372569227098 63.942012245856375 
3.4 -0.22281330499259333 278.4589330497024 
3.4 -0.4049494420312145 39.05683964230773 
3.4 0.4626173613033919 39.038272535138624 
3.4 -0.22281330499259333 39.03698209489516 
3.4 -0.4050330086115883 39.02589094569517 
3.4 0.4512562369605755 39.02686155196465 
3.4 -0.5637034771686094 210.4289003787215 
3.4 0.11448780206490827 210.42761626288956 
3.4 0.41312478450646184 39.02121101830183 
3.4 -0.5637032760159193 42.247185909374465 
3.4 -0.48559715655867386 39.02789436981601 
3.4 -0.2224999820900786 39.030237678103354 
3.4 -0.5637034771686094 210.4225156599237 
3.4 0.611216498849827 39.02314158412429 
3.4 -0.22281160200658867 39.06320152892498 
3.4 -0.48894595510334815 39.02776039352128 
3.4 -0.22249973007744162 39.02235071758152 
3.4 -0.10366844250125595 209.80089907073202 
3.4 -0.5637032519247174 210.4225225800825 
3.4 0.5920653329645447 39.02091752273617 
3.4 -0.10366844250125595 39.026534874512166 
3.4 -0.4712639140373214 209.80065859867838 
3.4 -0.22250006707325598 39.02921955154071 
3.4 -0.4263457409897202 42.23929400316408 
3.4 -0.5637032760159193 42.247194577113085 
3.4 -0.6273840821027084 42.24681992242756 
3.4 0.6112766497073512 39.01807754518496 
3.4 -0.10366806867367906 2.766739829729449 
3.4 -0.6273840821027084 210.42299060434578 
3.4 -0.6266084715439821 42.24596620824513 
3.4 -0.1121590825668295 42.24752947880857 
3.4 -0.6266087967528224 42.24596903495427 
3.4 0.5830335307325321 2.6194810373873545 
3.4 -0.4029806415872059 39.02888944457903 
3.4 -0.6266084715439821 42.627303597520985 
3.4 -0.6273844726865736 42.244739492948675 
3.4 -0.48562590562927443 39.02300193373068 
3.4 -0.740195197194363 39.02645175501574 
3.4 -0.22281330499259333 39.03301113654144 
3.4 -0.22280977677618496 2.7805130567980987 
3.4 -0.42090780978238573 42.23915397432386 
3.4 -0.5657958746199596 39.01333373644286 
3.4 -0.8382710374754825 39.01833715761901 
1.0 -0.017179630113176803 162.23568096768298 
1.0 -0.017179630113176803 162.23568077977032 
1.0 0.05906559596657157 162.235316041502 
4.0 -0.46880814917284974 39.01356666498414 
4.0 0.36888587610464985 39.01671088952048 
4.0 -0.726821961252957 39.0136148798954 
4.0 -0.8105096233395845 39.02912275195463 
4.0 -0.726821961252957 39.013614898346 
4.0 -0.46880814917284974 39.01399472418877 
4.0 -0.7266470394249622 39.02179463657209 
4.0 -0.726821961252957 39.01361657026082 
4.0 -0.6957609380535938 39.02384019141398 
4.0 -0.7625618963068259 2.5013794172482533 
4.0 -0.7625618963068259 39.017691743931294 
4.0 -0.23746838923886493 39.42745080323434 
4.0 -0.7661253134186161 39.0220824259379 
4.0 -0.5004071298287394 39.017725959700684 
4.0 -0.6917928592921871 39.01387131843229 
0.9 -0.15281590126556477 39.02495895423758 
-0.5 196.47934189850136 7.269936974729388 
-0.5 196.47934189850136 39.610584579310526 
-0.5 196.47934189850136 39.610578043342485 
-0.5 196.47934189850136 353.15702489982715 
-0.5 196.47934189850136 39.022232919498336 
-0.5 196.47934189850136 39.014991224714926 
-0.5 196.47934189850136 39.02083716240073 
-0.5 196.47934189850136 39.02506076846872 
-0.5 196.47934189850136 7.262886604216561 
-0.5 196.47934189850136 2.5770473279603734 
-0.5 196.47934189850136 2.5932521416560497 
-0.5 196.47934189850136 2.573096162277048 
-0.5 196.47934189850136 39.02235030524778 
-0.5 196.47934189850136 2.501702336397997 
-0.5 196.47934189850136 2.514292079074765 
-0.5 196.47934189850136 39.01776943403469 
-0.5 196.47934189850136 39.01362322349327 
-0.5 196.47934189850136 39.01782392844398 
-0.5 196.47934189850136 39.014653161242194 
-0.5 196.47934189850136 2.4318906933755726 
-0.5 196.47934189850136 2.4322935089666995 
-0.5 196.47934189850136 2.036308219546085 
-0.5 196.47934189850136 2.0326060925711515 
3.1 -0.007458659954723501 327.42836115973864 
3.1 0.012313026102868108 327.36903374699835 
3.1 -0.10627627579409316 209.80083054925888 
3.1 0.025523336608852976 39.42533441585497 
3.1 -0.11049377581234454 39.02161305172381 
3.1 -0.030934653100056497 39.012859028864526 
3.1 -0.12829546486084098 39.017823379826794 
3.1 0.009879434615295946 39.01582996911791 
2.6 -0.19385402405687246 39.02704415651077 
2.6 -0.30196306563381325 21.479238294661474 
2.6 -0.3021715944331307 39.145930309058585 
2.6 -0.30196306563381325 21.47863699044766 
2.6 -0.1937388315282833 39.02038311181565 
2.6 -0.05609603783242534 21.478701508467438 
3.6 0.03789669719262534 239.36318714317346 
3.6 -0.5022696553646879 39.022508739802106 
3.6 -0.09639734027323454 39.06053317315006 
3.6 -0.10245965011227076 39.02378448553633 
3.6 -0.22782647371241316 39.02855584698076 
3.6 0.45265216015712584 39.60210682129005 
3.6 -0.8331337218624943 39.022373058404106 
3.6 -0.8156491022045649 39.02038707148781 
3.6 -0.8331337218624943 39.02248321018158 
3.6 -0.8262480634373319 39.02972490141522 
3.6 0.4199704559389086 39.035978425781465 
3.6 0.4526684363938971 39.64521505184236 
3.6 -0.5840187188264765 39.05354775078249 
3.6 -0.5732439230514039 39.01385202708438 
3.6 -0.8331337218624943 39.02810768276883 
3.6 -0.7988563391657233 39.020153847355694 
3.6 -0.12824515550397741 39.68745213640107 
3.6 -0.8262279511751971 39.01352123985976 
3.9 0.20054726656255895 337.6374799032122 
3.9 -0.575681619999119 337.6325997234468 
3.9 -0.01604371720601261 337.5633598117696 
3.9 -0.38001484689880494 337.5576246038851 
3.9 -0.575681619999119 39.66595825270609 
3.9 0.0393666914829236 39.01394346660752 
3.9 -0.4712235805660905 39.07691300143543 
3.9 -0.718276289405205 39.01361443113427 
3.9 -0.8115499167848816 209.80134081975012 
3.9 -0.3816897989859709 39.01539458696899 
3.9 -0.7676969216383118 39.01755505374936 
3.9 -0.1374359379636827 39.018911102953574 
3.9 -0.2988317199139767 39.027152763046445 
3.9 -0.8115499167848816 39.028701618131656 
3.9 -0.7667585927474572 39.02379445278853 
3.9 -0.7944552029451399 39.01977250405377 
3.9 -0.5015531444772221 39.02517961535364 
3.9 -0.7944523771031684 39.02910878926885 
3.9 -0.8078302857102888 39.01365163476742 
3.9 -0.8078302857102888 39.01373987828714 
3.9 -0.6967210037846532 39.01343598706997 
3.9 -0.8186590768981019 39.018872044751674 
3.9 -0.7044548122588643 39.02176819843263 
3.9 -0.7676975777061497 2.5020351029167767 
3.9 -0.7676975777061497 39.017700761044274 
3.9 -0.7675455453544662 2.5020306180543317 
3.9 -0.7178253727976158 2.4965382021086193 
3.9 -0.1374359379636827 39.04577510569631 
3.9 -0.6969025733626188 2.5017125538268017 
3.9 -0.7178253727976158 2.4964151679577022 
3.9 -0.7675455453544662 39.02617181142693 
3.9 -0.7676975777061497 2.5014276479099555 
3.9 -0.7675455453544662 39.01742946196515 
3.9 -0.6968997259462295 39.01331742487334 
3.9 -0.700193716652806 39.018306835892126 
1.3 0.5119129609948203 327.4278967118526 
1.3 0.07646515503605578 101.65984455592289 
1.3 -0.23729248940522707 39.020649608412164 
1.3 -0.39184459852512976 21.474341050122973 
1.3 -0.38442978348060386 39.0149085695276 
1.3 -0.39184459852512976 21.474346040545715 
1.3 -0.23729248940522707 39.020394073530134 
1.3 -0.10564397356028943 39.014868105742245 
1.3 -0.39184459852512976 39.01498241155508 
1.6 -0.03007256863520036 39.01722641609488 
1.6 -0.012620252534342402 2.251243517715099 
1.6 -0.09001005522765348 39.02377054718324 
1.6 -0.023506441773310183 21.4757124513875 
1.6 -0.012620252534342402 2.0859666962797037 
1.6 0.11425399712082474 39.01363379201671 
1.6 -0.2285535423644962 39.01974365272122 
1.6 -0.023506441773310183 21.475885152949832 
2.4 0.1743975571349905 202.58448205764364 
2.4 0.07083970713739074 39.015698784491505 
2.4 -0.1854199208346783 39.02683758325316 
2.4 -0.35827748758870026 21.480761060945316 
2.4 -0.35827748758870026 39.028405778962295 
2.4 -0.35827748758870026 39.01844294267684 
2.4 -0.01901431554723043 21.473442259459393 
2.4 -0.1854199208346783 39.01780002489685 
2.4 -0.1854199208346783 1.8873907255509133 
2.4 -0.05298483447816649 39.01742484742258 
0.1 0.10528725886937007 335.54552728930054 
0.1 0.8894882901315002 335.5163149922989 
0.1 0.18319046472547695 39.02808661674638 
0.1 1.001121702288307 335.5162848007445 
0.1 0.8957109611599421 335.51615581883243 
0.1 0.18319046472547695 39.032327419893235 
0.1 0.18319046472547695 39.031144526882066 
0.1 0.18319046472547695 39.02398128958405 
0.1 0.027899997843692237 335.5463191647542 
0.1 1.3252463074557816 39.267931223973434 
0.1 0.07937005350384618 335.51669153556986 
0.1 1.0016347186882752 39.02116724773463 
0.1 0.18319046472547695 39.02531313294805 
0.1 0.027899997843692237 335.5463035693481 
0.1 0.10528725886937007 39.27200789704548 
0.1 1.04630790145651 39.03147027769844 
0.1 0.07937005350384618 335.5166915351092 
0.1 0.18319046472547695 39.85562123165926 
0.1 0.02049671504850359 39.03338720594011 
0.1 0.20086880938345342 39.06209631370374 
0.1 0.18319046472547695 39.03600241516511 
0.1 -0.12514347006978488 39.025016773869815 
0.1 1.04630790145651 2.509977393066136 
0.1 0.7818832767398192 1.9213518325103716 
3.5 0.14637882420747061 62.591137962854326 
3.5 -0.4194389988419216 39.025981165223726 
3.5 -0.22698311214138833 39.01695450607713 
3.5 -0.4194389988419216 39.0485442951545 
3.5 -0.5898181349643021 210.42300643755027 
3.5 -0.4194389988419216 39.02598142930487 
3.5 0.03993144195552567 39.02807500397841 
3.5 -0.5898181349643021 210.4230064374745 
3.5 -0.10837215075876427 39.033735355518964 
3.5 -0.5517751209682746 210.42257827630115 
3.5 -0.4094813070125225 39.01852845328399 
3.5 0.5906188772303702 39.0172039982828 
3.5 -0.4040514233902499 39.020620868125505 
3.5 -0.4439627889567608 39.026279724209616 
3.5 -0.4615453065641564 39.02319547834462 
3.5 -0.49977182884863014 39.026353207191214 
3.5 -0.4194389988419216 39.024438099832196 
3.5 0.44899487519720704 39.01310005079139 
3.5 0.4498935370370365 39.031836762678864 
3.5 0.6098177293151501 39.020592217909545 
3.5 -0.804490776100951 39.01352127178861 
3.5 -0.804083455481087 39.013521207736495 
3.5 -0.7815704336549834 39.01336667739307 
3.5 -0.8305705129435705 39.01357206282105 
3.5 0.38298037354129066 39.01336916162626 
3.5 -0.8369679002741459 39.022012098769764 
3.5 -0.7399202338452295 2.4342914934903135 
3.5 -0.8369679002741459 39.019724609485074 
3.5 0.4498935370370365 39.01336000459863 
3.5 0.03992032012770785 39.014789123663604 
3.5 -0.8356369280503482 39.01728592111175 
2.8 -0.36309569050614243 39.022266459899875 
2.8 0.0074882260224398145 39.023739158268015 
2.8 -0.13247809276495737 39.02451320119378 
2.8 -0.36309569050614243 39.03330750465385 
2.8 -0.3043509915968796 39.01951490415893 
2.8 -0.28357724706044607 39.01708711600561 
2.8 0.42005428924586186 21.495603720936376 
2.8 -0.28357724706044607 2.4975014945991387 
2.8 -0.3707400800660636 39.03036018290676 
2.8 0.39871681827750427 21.465143370809745 
2.8 -0.28357724706044607 39.51796853645211 
2.8 0.010578935859421712 39.012983582289436 
2.8 -0.28357724706044607 2.503132147669226 
2.8 -0.28357724706044607 2.498524719469467 
2.8 -0.28357724706044607 39.021926469062585 
2.8 0.0074882260224398145 39.018137062229556 
2.8 -0.28357724706044607 2.501985627433994 
1.7 -0.13405526599692452 101.65984455592289 
1.7 -0.13405526599692452 101.6545520542183 
1.7 -0.08766539039744181 39.01719258782348 
1.7 -0.07713027668949213 300.2288749686746 
1.7 -0.08766539039744181 2.2683222139521644 
1.7 -0.08766539039744181 2.2724465024146165 
1.7 -0.08766539039744181 2.267587205597827 
1.7 -0.08766539039744181 39.03272883567643 
1.7 -0.0773930849049651 39.034379947073845 
1.7 -0.0773930849049651 39.033763443690965 
1.7 -0.22781552758418355 39.018696504508476 
1.7 0.05287806800044903 2.2386025265066354 
1.7 0.24403909917914834 2.238832133191248 
1.7 -0.0015444731708629256 2.2337542182474612 
1.7 -0.046228674890612886 2.539591981743921 
2.1 -0.01446278607989493 189.54208948670995 
2.1 0.13515124263275746 324.70147259506217 
2.1 0.04956331595127983 212.73639085308267 
2.1 0.04956331595127983 212.73639727955754 
2.1 -0.030166879770755273 39.062329570308 
2.1 0.04956331595127983 212.72918583564592 
2.1 0.5410897811859048 39.01941544776472 
2.1 -0.20909965469447034 21.481104174841096 
2.1 0.5293557352161553 21.48917175035546 
2.1 -0.06375720506549065 7.247338802174887 
0.8 0.5282547345475415 39.02011195991875 
4.4 -0.17401325935213308 280.0170779497782 
4.4 0.48666351985973755 322.0871588412871 
4.4 0.3865739507602086 39.01422634847395 
2.5 -0.19567489598675092 29.53732972489803 
2.5 -0.19567489598675092 39.01990401969563 
2.5 -0.3263044356029403 39.02714360845211 
2.5 -0.19567489598675092 39.028022327364674 
4.5 -0.4591069994392143 39.02274976605997 
3.3 -0.26441674790827685 283.332338164482 
3.3 -0.08151400227093886 335.5168170366347 
3.3 -0.654912920670653 42.2721034231536 
3.3 -0.6449794997219738 42.246520899949275 
3.3 0.113330944031377 42.233146073214385 
3.3 -0.644980223317146 42.247238070304654 
3.3 -0.6394305611751894 42.24137467877776 
3.3 -0.6549046124184192 42.270238643841004 
3.3 -0.224016826183298 39.03334283792995 
3.3 -0.654912920670653 42.24691102047974 
3.3 -0.7130405828962361 39.01404460481119 
3.3 -0.654912920670653 42.24688240935039 
3.3 -0.8398142533746071 39.02235380225251 
3.3 0.01073101812591748 2.4706873184044587 
3.3 -0.8384799819871902 39.03513293585094 
3.3 -0.224016826183298 39.022114103288395 
3.3 -0.7130405828962361 39.015968599117095 
3.3 -0.8398142533746071 39.022467274173366 
3.3 -0.7425460246940854 39.01836816711286 
3.3 -0.8398142533746071 39.02235959888018 
3.3 -0.8398142533746071 39.02246145310859 
3.3 -0.7379093199612399 39.022132337032474 
3.3 -0.8072119301349554 39.04100585784437 
3.3 -0.7427966549999625 39.867374898098475 
3.3 -0.8398150291144537 39.018346503146276 
3.3 -0.7429744751572249 39.01627343066623 
3.3 -0.8398150291144537 39.01833839058017 
3.3 -0.7429744751572249 2.4939555982452752 
3.3 -0.7510583409717158 39.59703271714828 
3.3 -0.224016826183298 39.023122160959176 
3.3 -0.8398162629328585 39.018340679862696 
0.5 -0.10257774502760553 288.6369230493962 
0.5 -0.08849521248804848 39.00924162129146 
0.5 -0.17074647066132798 39.024476678638635 
0.5 -0.17263311490325473 300.22758207556524 
0.5 0.18496444414280955 300.39194569734985 
0.5 -0.13308158537702175 39.020842135843644 
0.5 -0.18489827023207184 39.02259192709236 
0.5 -0.0545327845973147 39.01463252532484 
0.5 -0.13308158537702175 39.02085554929037 
0.5 0.047384203114196666 2.6556138339638493 
0.5 -0.08849521248804848 39.009133435324365 
0.5 0.08022547538278735 2.630701006879836 
0.5 0.026019555667299965 39.02093197764924 
0.5 -0.08849521248804848 39.008685157518855 
3.2 0.01037703250124089 356.5658584274938 
3.2 0.20088551246858488 125.14134639207921 
3.2 -0.061358752200137534 201.64565055822737 
3.2 -0.405231198912845 39.12809989547141 
3.2 0.010378142737677898 39.02423342899945 
3.2 -0.4076799343738946 39.02769988021471 
3.2 -0.405231198912845 39.128099895819005 
3.2 -0.40752888682196486 39.024923024652075 
3.2 -0.4076799343738946 39.024487474038445 
3.2 -0.2228737185697205 39.02452270651572 
3.2 -0.4885272527566902 39.02345122041809 
3.2 -0.22292625889409612 39.03313844855861 
3.2 -0.6011295249588264 39.03067622855747 
3.2 0.4536392908920788 39.013111954943234 
3.2 -0.22292050388026352 2.6380569106624874 
3.2 -0.7039565964294439 39.928129115545715 
3.2 -0.4884054831287781 39.02325719635566 
3.2 -0.4885287347108944 39.022405877170414 
3.2 -0.22292370567661512 39.03064115526408 
3.2 -0.4118483708636713 39.023383960465345 
3.2 -0.7039565964294439 39.965315828881096 
3.2 -0.6011295249588264 39.030965120349855 
3.2 -0.6011281389162839 39.02331952962976 
3.2 -0.7039325626895598 39.9281466973614 
3.2 -0.703956669397058 39.02360276478743 
3.2 -0.8185333851008654 39.023856859569044 
3.2 -0.703956669397058 39.37028298905462 
3.2 -0.8185333851008654 39.02389275309867 
3.2 -0.4885287347108944 39.02239761096413 
3.2 -0.4885287347108944 39.02240590333377 
3.2 -0.7039565964294439 39.12827485317305 
3.2 -0.6011281389162839 39.02329830898605 
3.2 -0.7082940383733298 39.01413907683608 
3.2 -0.6626350795583917 39.023703623764526 
3.2 -0.10527293288254969 39.04198030056056 
3.2 -0.7272500540805136 2.55181723715433 
3.2 -0.7039514785649792 1.8967215828370165 
3.2 -0.8185333851008654 39.0238718756833 
3.2 -0.7373550727619405 39.01773407658513 
3.2 -0.6011295249588264 39.18519396522305 
3.2 -0.7272500540805136 2.542582393847828 
3.2 -0.7039575700163492 39.01384696607841 
3.2 -0.7272500540805136 2.5519592860388567 
3.2 -0.746182546907066 39.01442055070678 
-0.8 196.47934189850136 95.83789256506239 
-0.8 196.47934189850136 94.21767395971594 
-0.8 196.47934189850136 95.8336680623902 
-0.8 196.47934189850136 94.21757998335482 
-0.8 196.47934189850136 39.027132527583866 
-0.8 196.47934189850136 39.01789951228596 
-0.8 196.47934189850136 94.21748253768163 
-0.8 196.47934189850136 2.592861341348316 
-0.8 196.47934189850136 39.02461063268079 
-0.8 196.47934189850136 39.0172570593482 
-0.8 196.47934189850136 39.02611262553596 
-0.8 196.47934189850136 39.944660244961646 
-0.8 196.47934189850136 39.01699240126354 
-0.8 196.47934189850136 2.6059272835937377 
-0.8 196.47934189850136 39.02394423355025 
-0.8 196.47934189850136 2.6053414206747547 
-0.8 196.47934189850136 39.017431538885035 
-0.8 196.47934189850136 39.97653657447483 
-0.8 196.47934189850136 39.02555180712106 
-0.8 196.47934189850136 2.784588569016841 
-0.8 196.47934189850136 39.025183556935374 
-0.8 196.47934189850136 2.6200047501341275 
-0.8 196.47934189850136 2.603137386054669 
-0.8 196.47934189850136 39.021166443336384 
-0.8 196.47934189850136 2.5022287878549525 
-0.8 196.47934189850136 2.608140757565805 
-0.8 196.47934189850136 39.01702168827914 
-0.8 196.47934189850136 2.5701006520523575 
-0.8 196.47934189850136 39.01805129059265 
-0.8 196.47934189850136 21.472015095975912 
-0.8 196.47934189850136 2.511243877573905 
-0.8 196.47934189850136 39.01774571653121 
-0.8 196.47934189850136 39.01807617087011 
-0.8 196.47934189850136 2.50223815074697 
-0.8 196.47934189850136 2.506885472781181 
-0.8 196.47934189850136 39.01369026129312 
-0.8 196.47934189850136 39.01744348070951 
-0.8 196.47934189850136 2.596276293336182 
-0.8 196.47934189850136 39.01768105393165 
-0.8 196.47934189850136 2.501699235282684 
-0.8 196.47934189850136 2.5057342670128793 
-0.8 196.47934189850136 39.71112990264641 
-0.8 196.47934189850136 39.03378501606379 
-0.8 196.47934189850136 2.601521440956466 
-0.8 196.47934189850136 39.01773200711275 
-0.8 196.47934189850136 2.606225146023078 
-0.8 196.47934189850136 2.5007862978112616 
-0.8 196.47934189850136 39.01754684381665 
4.2 -0.8085933253568052 209.80134081975012 
4.2 -0.49968533472492416 39.01416957987626 
1.2 -0.5480338694243265 39.60581898319438 
1.2 -0.5480338694243265 39.61768679084839 
1.2 0.16268295797978904 39.02125409189323 
1.2 -0.5480338694243265 39.60577977342727 
1.2 -0.38125877367820626 39.014964836397375 
1.2 0.16268295797978904 39.02009339722139 
1.2 -0.2271135928382968 39.030559751332135 
1.2 -0.3861949221400933 39.01462043957816 
2.7 -0.2844032418097613 21.474807153294417 
2.7 -0.2844032418097613 21.49878122560241 
2.7 -0.15114239129310025 21.486038341926026 
2.7 0.4016536961535757 21.46588580516975 
2.7 -0.2844032418097613 39.02836744159436 
2.7 0.3181407943771508 39.021163570884376 
2.7 -0.36462249035198413 21.49699726393039 
2.7 -0.2844032418097613 21.496022141671546 
2.7 -0.36462249035198413 21.496567952104453 
2.7 -0.36462249035198413 39.02877583239207 
2.7 -0.2844032418097613 39.03810151883438 
2.7 -0.2844032418097613 21.47464562396689 
2.7 -0.3029886677699136 21.48142180550582 
2.7 -0.2654618364189343 39.01718521083226 
2.7 -0.2844032418097613 39.0154477215605 
2.7 -0.3029886677699136 21.479238294661474 
2.7 -0.18374353892871964 21.481938901908926 
2.7 -0.36462249035198413 39.02714830331872 
2.7 -0.2844032418097613 21.478681406426684 
2.7 -0.30963616090645774 39.01843027399727 
2.7 -0.36462249035198413 21.49450284693485 
2.7 -0.36462249035198413 21.480687335030975 
2.7 -0.36462249035198413 39.01718716863615 
2.7 -0.30963616090645774 21.47940925740132 
2.7 -0.1454989887475464 39.026258913630365 
2.7 -0.2844032418097613 21.471569519790346 
2.7 -0.10967000286189021 21.480547558781886 
2.7 -0.2844032418097613 21.471825433311455 
2.7 -0.36462249035198413 21.480734725293953 
2.7 0.3885300294263976 21.473530879963565 
2.7 -0.03648620039631245 21.47334922662718 
2.7 -0.36462249035198413 39.022115104361255 
2.7 -0.2844032418097613 39.015372358115194 
2.7 -0.36462249035198413 21.4775664902208 
2.7 -0.2844032418097613 39.06815291667676 
2.7 -0.36462249035198413 21.481121646809736 
2.7 -0.2844032418097613 39.01605136959867 
2.7 -0.30963616090645774 39.0172789291165 
2.7 -0.2844032418097613 21.47470879502313 
2.7 -0.2844032418097613 39.01338576762233 
2.7 -0.03648620039631245 21.473834561115694 
2.7 -0.08600727603585012 39.01732690870595 
2.7 -0.2844032418097613 39.01337825894842 
2.7 -0.2844032418097613 39.0133841570764 
4.1 0.40406708815738446 39.026566149642505 
4.1 -0.8058109361777719 39.02872395828935 
4.1 -0.28155205316897547 39.02847443354587 
1.8 -0.014323482654249986 3.838307735206773 
1.8 0.0789871690154591 259.41527771405435 
1.8 -0.0323353938207771 39.022366184719665 
1.8 -0.0323353938207771 2.280697762268863 
1.8 0.0789871690154591 39.03058570181906 
1.8 -0.014323482654249986 3.1926233568865006 
1.8 -0.0323353938207771 2.2707518463605343 
1.8 -0.2243177164938177 39.44787911027757 
1.8 -0.18734267320321862 2.6141216377992893 
1.8 -0.18734267320321862 2.6132743896096486 
1.8 -0.2243177164938177 2.5489508963595457 
1.8 0.19741755575280973 39.024106907546816 
1.8 -0.2243177164938177 2.5395944214330766 
1.8 -0.2243177164938177 39.34251372295647 
1.8 -0.2243177164938177 39.02016177474924 
1.8 -0.014323482654249986 21.475885152949832 
1.8 -0.2243177164938177 39.02042572213085 
0.4 0.5870198684211498 21.480987361771376 
0.4 0.5870198684211498 209.80261778741428 
0.4 0.02913739593701381 39.90112006903286 
0.4 -0.009649215280321144 39.027913323520735 
-0.2 -0.05868858228911522 2.7674696723052232 
-0.2 -0.3079387628832748 39.013147267809764 
-0.2 0.3538642312177851 39.6484683388463 
-0.2 0.34860372002191387 39.019933729641885 
-0.2 -0.1190737140473983 39.01360313273898 
-0.2 -0.08879789758413814 2.770211954042452 
-0.2 -0.3079387628832748 39.01321210876503 
-0.2 -0.28936061325914686 39.0149308298279 
-0.2 0.4654409257596308 39.013557526349416 
-0.2 -0.17642016785588588 39.02293661175657 
-0.2 -0.05868858228911522 2.7683296128108 
-0.2 -0.05868858228911522 2.582649049560656 
-0.2 -0.17575682561336237 39.01331023268894 
-0.2 -0.06580525538729987 39.033319030917056 
-0.2 -0.09903615749223293 2.6006214367501923 
-0.2 0.39013397579230125 39.0178246338856 
-0.2 0.3538642312177851 2.513706163336357 
-0.2 0.3538642312177851 39.023833257964256 
-0.2 -0.05868858228911522 2.5999662996770034 
-0.2 -0.06580525538729987 39.40983476851245 
-0.2 -0.3079387628832748 39.013004356241616 
-0.2 0.3538642312177851 39.023821181300946 
-0.2 0.3538642312177851 39.01926307336327 
-0.2 0.39070117302942187 39.014315777008946 
-0.2 -0.23726837937996947 39.09969884224146 
-0.2 0.39070117302942187 39.01322188851398 
-0.2 -0.0876858143177901 1.8846110519161638 
-0.2 -0.09279193335633185 2.011622289825198 
-0.2 -0.3079387628832748 39.35807479646597 
-0.2 0.39013397579230125 39.019164086195886 
-0.2 -0.05868858228911522 39.01330808776456 
-0.2 0.3538642312177851 39.0129949854591 
-0.2 -0.2261053587206554 39.01438992631241 
-0.2 0.3538642312177851 39.01327736313385 
-0.2 -0.09279193335633185 2.0116497311555226 
-0.2 -0.05868858228911522 39.01421600784792 
-0.2 -0.05868858228911522 39.01329433913935 
-0.2 -0.30630226759855006 39.012974614954366 
-0.2 -0.09279193335633185 39.020010253267934 
-0.2 -0.05868858228911522 39.013484695515274 
-0.2 -0.1644851230266018 2.4525896249220516 
-0.2 0.3538642312177851 39.01637838514963 
-0.2 -0.3079387628832748 39.01302842938548 
-0.2 -0.14845641092056416 39.29468459175414 
-0.2 -0.1190737140473983 39.01414002950705 
-0.2 -0.22654917328927482 39.01860905386682 
-0.2 0.3538642312177851 39.3077505231428 
-0.1 0.42817181549848105 164.80518434094142 
-0.1 0.42817181549848105 39.022000395733244 
-0.1 -0.2151989402610841 39.01678268948581 
-0.1 -0.14580713484459418 1.8883140485825207 
-0.1 0.42817181549848105 1.8875188005111367 
-0.1 -0.22623992343631816 39.01347011761471 
-0.1 -0.22623992343631816 39.017283524124004 
-0.1 -0.2151989402610841 39.020465545872376 
-0.1 -0.2151989402610841 39.01763289612708 
-0.1 -0.14580713484459418 39.34908922627167 
-0.1 -0.22436675185849442 39.81842328539906 
-0.1 -0.2902116794361227 39.514607497061434 
-0.1 0.42817181549848105 39.01708860625051 
-0.1 -0.09967249659091326 7.247083423756199 
-0.1 0.42817181549848105 1.8893064356142644 
-0.1 -0.040836340397124804 1.8881483730993303 
-0.1 -0.14580713484459418 2.0306177355453863 
-0.6 196.47934189850136 348.7475694658963 
-0.6 196.47934189850136 39.60493596483621 
-0.6 196.47934189850136 39.03394536847342 
-0.6 196.47934189850136 2.7078706183132635 
-0.6 196.47934189850136 39.02608280605416 
-0.6 196.47934189850136 39.020486910064406 
-0.6 196.47934189850136 39.02372700982066 
-0.6 196.47934189850136 39.02381045311141 
-0.6 196.47934189850136 39.969223836218774 
-0.6 196.47934189850136 2.478099598213117 
3.7 -0.434154497021249 353.1579206266806 
3.7 -0.7208887693769044 39.01365730936169 
3.7 -0.45596738323037256 39.016266665126274 
3.7 -0.6995596776455812 39.020709639500005 
3.7 -0.7200377710754875 39.03270581401091 
3.7 -0.5664361487233966 210.42728795340335 
3.7 -0.7201064842923826 39.0325564239982 
3.7 -0.41935265404279987 39.01372373910876 
3.7 -0.7200794339504184 39.025372205555556 
3.7 -0.7208887693769044 39.01365730931946 
3.7 -0.8143789476508827 39.013879638764976 
3.7 -0.6995649587079127 39.04623985261569 
3.7 -0.8143789476508827 39.013910865264094 
3.7 -0.5591420652830092 39.02990826824265 
3.7 -0.6996477735034583 39.01397861838717 
3.7 -0.6996090630649054 39.01349516457963 
3.7 -0.831910338055847 39.01783642439554 
3.7 -0.7974011815452271 39.01781544228604 
3.7 -0.14412735291952128 39.013294229645695 
3.7 -0.8304528899784018 39.01782442162682 
3.7 -0.6995570484816396 39.01370433782883 
3.7 -0.7209869966072269 39.017451396525324 
3.7 -0.7702985058327694 39.01783411131063 
3.7 -0.831910338055847 39.01807966951324 
3.7 -0.831910338055847 39.01784583580147 
3.7 -0.831910338055847 39.0178364245959 
3.7 -0.831910338055847 39.018366688376695 
3.7 -0.7113344534198296 39.02082274609876 
2.0 -0.00596788705502993 23.360715758451207 
2.0 -0.2844411025499798 315.69097107944094 
2.0 -0.0240380474249009 23.378790034805704 
2.0 -0.21545883955077372 10.36169403587765 
2.0 -0.21545883955077372 10.359042371866256 
2.0 -0.21545883955077372 39.02402264597311 
2.0 -0.21545883955077372 10.385742349508597 
2.0 -0.21545883955077372 39.40798733486588 
2.0 -0.21545883955077372 10.36057163783524 
2.0 -0.21545883955077372 39.02331867969006 
2.0 0.12854328533133996 21.481599631461567 
2.0 -0.009531232785148447 42.406634100053665 
4.6 0.46663734771404286 274.55306399144735 
4.6 -0.5029434658209149 48.90152180695821 
4.6 -0.4994837001315102 274.50568560287445 
4.6 -0.5001679819155518 274.5057357225662 
4.6 -0.1967408565820481 48.79093887330935 
0.2 0.1448433031872347 21.48109553836941 
0.2 0.1454889771379686 39.01346861099617 
2.9 0.008392408374838123 59.271537583597016 
2.9 0.3894081344681064 39.121009039408264 
2.9 0.008392408374838123 39.01695416074722 
-0.3 0.5406835845102593 63.01692692857828 
-0.3 0.09429922886658026 2.602667301359819 
-0.3 0.005507969117846567 39.02860283938191 
-0.3 -0.013811497933422956 39.02365511517844 
-0.3 -0.18521490935141394 42.19437937148099 
-0.3 0.005507969117846567 2.5598681238448067 
-0.3 0.005507969117846567 2.5638260826186996 
-0.3 0.09429922886658026 39.089148802703946 
-0.3 0.5406835845102593 39.0180483693077 
-0.3 0.04420379585808831 39.016376721992536 
-0.3 -0.18521490935141394 42.19452944662929 
-0.3 0.1092579368864155 39.01693752360149 
-0.3 -0.10507184852189955 39.02151203754744 
-0.3 0.5406835845102593 2.648586942207623 
-0.3 -0.18521490935141394 42.19455890637372 
-0.3 0.09429922886658026 39.064971882414845 
-0.3 -0.03496015491536619 39.01381524277496 
-0.3 -0.18521490935141394 42.19437862782395 
-0.3 0.3754145700125302 42.195053965254736 
-0.3 -0.1562757131922905 39.027886551673774 
-0.3 0.0848965850174408 39.74332627144871 
-0.3 -0.1787860875188576 42.193331468376996 
-0.3 0.005507969117846567 39.02450466168276 
-0.3 0.005507969117846567 39.01413246877484 
-0.3 -0.1787860875188576 42.19334103658083 
-0.3 -0.10507184852189955 39.03998329830723 
-0.3 0.5406835845102593 39.01799849374727 
-0.3 0.005507969117846567 2.5605635999714336 
-0.3 -0.14548426469254805 2.5581099646433243 
-0.3 -0.10507184852189955 39.016839407478535 
-0.3 -0.10507184852189955 39.07735834082935 
-0.3 -0.22714593956678852 42.19043991810724 
-0.3 -0.10507184852189955 39.01717460001627 
-0.3 -0.22714593956678852 42.190080633712206 
-0.3 -0.14548426469254805 2.4542246862622576 
-0.3 0.005507969117846567 39.01391753466413 
-0.3 -0.1992335279820754 42.19149542039988 
-0.3 -0.10507184852189955 39.16944257962114 
-0.3 0.005507969117846567 39.015219173209104 
-0.3 -0.10507184852189955 39.013339543064404 
-0.3 0.0848965850174408 7.248191008118366 
-0.3 0.0848965850174408 39.60582361100374 
-0.3 0.005507969117846567 39.02284401131402 
-0.3 0.09289974143886504 39.04111428327336 
-0.3 -0.006757115580473982 39.02019054298238 
-0.3 0.005507969117846567 39.01820671740006 
-0.3 -0.10507184852189955 39.01373315514269 
-0.3 0.005507969117846567 39.01824737496234 
-0.3 -0.1562757131922905 39.02788874674696 
-0.3 -0.22714593956678852 42.24638000699731 
-0.3 -0.013307048810043742 39.02088284274589 
-0.3 -0.0013716064844793152 39.01312621319869 
-0.3 0.09289974143886504 39.01361043819095 
-0.3 0.04296623781539388 39.48300460744928 
-0.3 -0.1562757131922905 39.02074211425949 
-0.3 -0.22714593956678852 42.19007674887827 
-0.3 -0.0013716064844793152 1.8839493507569463 
-0.3 -0.03762631779558667 39.63235372426495 
-0.3 -0.22056487796057045 42.19361699778497 
-0.3 0.5406835845102593 39.01506705817095 
-0.3 -0.04015358061156471 2.4534921060953696 
-0.3 0.005507969117846567 39.01377272501329 
-0.3 -0.1562757131922905 39.02109949807533 
-0.3 0.1092579368864155 39.01350427868979 
-0.3 -0.10507184852189955 39.01357444027428 
1.9 0.6124411659262261 97.63520993251421 
1.9 -0.10228027113725746 19.194526352200388 
1.9 0.5574999501373865 97.62051104953237 
1.9 -0.019618029017413274 39.060423995179015 
1.9 -0.10228027113725746 42.19115700771035 
1.9 -0.03845222449844288 39.072447764582755 
1.9 -0.29837532871388195 335.5168550166907 
1.9 0.4633548133641252 10.510272308735585 
1.9 0.11449105019709993 19.10731249502943 
1.9 0.5574999501373865 39.02733771698004 
1.9 -0.17792274569300304 10.380916662111236 
1.9 -0.17792274569300304 10.380916305249743 
1.9 -0.024413750507495724 39.0249679519674 
1.9 -0.17792274569300304 39.0288363877817 
1.9 -0.220581571504038 39.03064034798481 
1.9 0.5221334816780061 10.381484901056819 
1.9 -0.019618029017413274 10.35133305730614 
1.9 0.011264618847916186 39.023718872411436 
-0.0 0.0 335.5461509020271 
-0.0 1.2841462333468847 39.61224245040749 
-0.0 0.6436949286950613 10.354717705388367 
-0.0 0.08089697272630048 335.5181111396355 
-0.0 0.12377985210707809 335.5173035620754 
-0.0 0.0 335.5461527288008 
-0.0 -0.029629324108016775 335.5461086797894 
-0.0 0.6436949286950613 39.069398418000475 
-0.0 0.6436949286950613 39.03245705567445 
-0.0 0.0 39.654057018040675 
-0.0 -0.06676034418416821 39.01338560063036 
1.4 0.04118861777874949 201.64492304041784 
1.4 -0.33608972361523026 205.45728775538825 
1.4 0.05480469630797824 41.06869927247807 
1.4 0.029116409008121735 340.9539746556669 
1.4 -0.39435754423776226 39.017202639953375 
1.4 0.05480469630797824 41.93113056676935 
1.4 0.5233167197496043 39.01763769073106 
1.4 0.525968992598628 39.01848828636555 
1.4 -0.39435754423776226 39.022890697755976 
1.4 0.04330283516764011 210.42887244559006 
1.4 0.7316782069693071 39.01388202571852 
1.4 -0.39435754423776226 39.01707960250835 
1.4 0.5260756954207988 39.017995264728484 
1.4 -0.5637979339599455 39.605981167915644 
1.4 0.18996411569635674 21.4715487995025 
1.4 -0.39435754423776226 39.064491401681565 
1.4 -0.035776648735080574 39.02622745861297 
1.4 0.04710963297972226 39.01703071737611 
1.4 0.5233167197496043 39.01383699134703 
1.4 -0.39435754423776226 39.01712628287974 
1.4 0.05078256758174682 39.02276076539542 
1.4 -0.39435754423776226 39.08867977224199 
1.4 -0.035776648735080574 39.02044017115105 
1.4 -0.035776648735080574 39.020720262300706 
1.4 0.1185243723954259 39.02115461421481 
1.4 -0.5637979339599455 39.60583057170827 
1.4 -0.5637979339599455 39.60525334217899 
1.4 -0.08768207907447723 39.013471239863435 
1.4 0.006966156932913581 21.47436681492374 
1.4 -0.39435754423776226 21.475885152949832 
1.4 -0.39435754423776226 39.0148117377195 
1.4 -0.04960061035567165 39.01834556451594 
1.4 -0.39435754423776226 39.01827596089651 
1.4 -0.254281845096898 39.01795886939673 
1.4 -0.254281845096898 39.02381532501402 
1.1 -0.02005709177288173 39.36789408355718 
1.1 -0.5463228997993097 39.60592516152678 
