1.5 -0.3952065516164742 39.02062512536979 
-0.4 0.5882794267434104 1.9178939767896372 
-0.4 0.6204184083238165 1.884686828247466 
-0.4 0.5264699018814589 7.246846110285552 
-0.4 0.6965779947712711 1.8845044690256132 
2.2 -0.19711146512352862 2.441341061868767 
2.3 -0.18739254531823324 2.4339610732740837 
3.4 -0.8382710374754825 39.01833715761901 
4.0 -0.7625618963068259 2.5013794172482533 
-0.5 196.47934189850136 2.0326060925711515 
3.6 -0.8262279511751971 39.01352123985976 
3.9 -0.7676975777061497 2.5014276479099555 
1.3 -0.39184459852512976 21.474341050122973 
2.4 -0.1854199208346783 1.8873907255509133 
3.5 -0.804490776100951 39.01352127178861 
3.5 -0.804083455481087 39.013521207736495 
3.5 -0.7815704336549834 39.01336667739307 
3.5 -0.8305705129435705 39.01357206282105 
3.5 -0.7399202338452295 2.4342914934903135 
3.5 -0.8356369280503482 39.01728592111175 
2.8 -0.28357724706044607 2.4975014945991387 
3.3 -0.8398150291144537 39.01833839058017 
3.3 -0.7429744751572249 2.4939555982452752 
3.3 -0.8398162629328585 39.018340679862696 
3.2 -0.8185333851008654 39.023856859569044 
3.2 -0.7039514785649792 1.8967215828370165 
3.2 -0.7272500540805136 2.542582393847828 
3.2 -0.746182546907066 39.01442055070678 
-0.8 196.47934189850136 2.5007862978112616 
1.2 -0.5480338694243265 39.60577977342727 
1.2 -0.3861949221400933 39.01462043957816 
2.7 -0.2844032418097613 21.471569519790346 
1.8 -0.2243177164938177 2.5395944214330766 
-0.2 -0.3079387628832748 39.013004356241616 
-0.2 -0.0876858143177901 1.8846110519161638 
-0.2 -0.09279193335633185 2.011622289825198 
-0.2 -0.30630226759855006 39.012974614954366 
-0.2 -0.1644851230266018 2.4525896249220516 
-0.1 -0.14580713484459418 1.8883140485825207 
-0.6 196.47934189850136 2.478099598213117 
-0.3 -0.14548426469254805 2.4542246862622576 
-0.3 -0.1562757131922905 39.02074211425949 
-0.3 -0.22714593956678852 42.19007674887827 
-0.3 -0.0013716064844793152 1.8839493507569463 
-0.3 -0.04015358061156471 2.4534921060953696 
1.4 -0.5637979339599455 39.60525334217899 
1.4 -0.39435754423776226 21.475885152949832 
1.1 -0.5463228997993097 39.60592516152678 
