1.5 [[43.66229675494532], [2.4999853281427313, 60.50344726020408, 2.5], [13.643764710746428, 59.156310294271364], [0.7767324346252458, 2.7180805423732757]] 
-0.4 [[20.180647723896314], [2.4999999999062084, 88.21076411345747, 96.03536162984328], [0.9341353527085987, 1.9253574033491994], [3.354865198682961, 13.592790386389344]] 
-0.4 [[14.193850877125245], [2.49999999093276, 41.08107180647255, 96.03536162984328], [2.5954960233867075, 34.94885845575044], [0.04717769349819689, 4.010076808544832]] 
-0.4 [[18.972267761745666], [22.142260689636355, 73.76374011462212, 94.47922681341414], [0.8448428627103214, 94.62035178708038], [1.1518563518958698, 40.64429743770747]] 
-0.4 [[14.193850877125245], [2.4999999996128954, 41.08107180647255, 96.03536162984328], [2.173254280825369, 18.040245486074486], [0.7740908710508797, 3.891466113574812]] 
2.2 [[18.338116929672097], [2.49999999997491, 40.86635532326342, 94.47922681341414], [0.08408255098330786, 37.19655536648614], [1.153293780117354, 0.32044165124618473]] 
2.3 [[14.378572782262676], [2.5, 40.86635532326342, 94.47922681341414], [0.9943037369627653, 37.19655536648614], [1.1517615924860738, 0.32044165124618473]] 
3.4 [[34.79690017806635], [2.49999999758119, 8.890015308475157, 2.5], [0.3576505656053781, 0.983039936402607], [0.05643180379693746, 13.91348563236385]] 
4.0 [[34.72480133579275], [2.499999859211475, 46.48016049620862, 94.47922681341414], [1.5001373854897677, 0.43486824574074134], [0.7180704576929364, 12.89198803930453]] 
-0.5 [[14.193850877125245], [2.5, 47.51051141634023, 96.03536162984328], [2.663233566250595, 1.390612736768503], [0.35678766006848606, 43.117877165693876]] 
3.6 [[15.939143526210621], [2.4963825046925034, 52.65588440737494, 2.5], [0.44635024171420945, 0.3703445148897227], [0.36177915150067, 2.5736727487939604]] 
3.9 [[34.73972392092797], [2.499965058865654, 47.414037471755535, 94.47922681341414], [1.5010150919264695, 0.4153711271863614], [0.7126950972311719, 12.89198803930453]] 
1.3 [[20.68425819955923], [2.5, 17.440092449386587, 153.61810148111198], [2.1727346734638266, 69.64967412806007], [0.7771659508348017, 13.41386001423645]] 
2.4 [[14.379612799952259], [2.49999999093276, 41.08107180647255, 96.03536162984328], [2.584564232542419, 37.23279646624737], [0.04717769349819689, 0.2784430249683356]] 
3.5 [[15.939143526210621], [2.4963794184016237, 52.65588440737494, 2.5], [0.4892910653807131, 0.3703445148897227], [0.36177915150067, 2.5736727487939604]] 
3.5 [[15.939143526210621], [2.4963794184016237, 52.65588440737494, 2.5], [0.4892910653807131, 0.3703445148897227], [0.25029156387975243, 2.5736727487939604]] 
3.5 [[14.277405303503906], [2.4963794184016237, 57.87824406856799, 2.5], [0.4892910653807131, 0.3703445148897227], [0.36177915150067, 2.5736727487939604]] 
3.5 [[9.57464190860777], [2.4998635361119383, 23.82932153162345, 2.5], [0.41590453710162084, 0.9817200002671598], [2.6628893897161947, 13.57711426018585]] 
3.5 [[14.378825805805354], [2.5, 42.392483736905156, 94.47922681341414], [0.8704559999392271, 1.1284616625402393], [2.663081284563596, 0.32044165124618473]] 
3.5 [[34.224348473453496], [2.4963794184016237, 52.65588440737494, 2.5], [0.48642335705523077, 0.3703445148897227], [0.35667279368702454, 2.5736727487939604]] 
2.8 [[34.73972392092797], [2.4999998556690763, 43.31985769685691, 94.47922681341414], [1.5064957340096603, 57.320017809131954], [0.7180704576929364, 4.095402220320841]] 
3.3 [[34.79690017806635], [2.49999999758119, 8.890015308475157, 2.5], [0.3576505656053781, 0.983039936402607], [0.7772657035850744, 13.91348563236385]] 
3.3 [[33.049001500536626], [2.499965058865654, 46.430759074055615, 94.47922681341414], [1.5010150919264695, 0.4153711271863614], [2.3057562558775775, 12.89198803930453]] 
3.3 [[34.79635911092114], [2.49999999758119, 8.890015308475157, 2.5], [0.36288224736246866, 0.2412869104559725], [0.7772657035850744, 13.92420682605482]] 
3.2 [[49.24644684507278], [2.5, 7.700052433534875, 2.5], [0.8352880183777189, 0.368822702508254], [0.780840113214213, 13.932838592047165]] 
3.2 [[14.368638643614505], [2.499999990392022, 25.375232952269503, 96.03536162984328], [1.5360231555810557, 1.4294742498278588], [0.3563970715505282, 13.797996308788006]] 
3.2 [[18.972267761745666], [2.4999999925026257, 43.59732864124386, 94.47922681341414], [0.8448428627103214, 2.54825452912637], [0.7865309979200513, 40.62467739407547]] 
3.2 [[18.972267761745666], [2.5, 8.54384785458182, 2.5], [0.6933414684541953, 1.3093014665942695], [0.7865309979200513, 2.5285755733909276]] 
-0.8 [[34.73972392092797], [2.499999992362773, 43.1046648097159, 94.47922681341414], [1.5136713178372112, 3.5389829933403263], [0.727122561474052, 12.272657779074295]] 
1.2 [[18.806154260690143], [22.142260689636355, 17.441593461455447, 2.5], [2.100033059343385, 93.76985340932931], [1.1250301389766078, 39.49030117598872]] 
1.2 [[20.68425819955923], [2.5, 40.76623706368467, 2.5], [2.1727346734638266, 61.23454832223404], [1.1516463370079844, 14.075801278131118]] 
2.7 [[14.177811566169556], [2.5, 68.9023452477667, 153.61810148111198], [2.6233654895615652, 34.9180906078151], [0.014490967103334529, 3.749759874262307]] 
1.8 [[13.683784299606074], [2.4999999877863415, 197.18516196861282, 94.47922681341414], [0.9840190170379859, 35.68472394468091], [0.7341048414958254, 5.451657019183137]] 
-0.2 [[9.64174403830344], [2.499865396435927, 41.86429483465853, 2.5], [0.4680122461024793, 2.3209784029495353], [2.6865656389043844, 6.121580619346854]] 
-0.2 [[14.193850877125245], [2.499999990392022, 41.58960689635613, 96.03536162984328], [2.5954960233867075, 34.392391028532], [0.04717769349819689, 4.010076808544832]] 
-0.2 [[41.0914549562713], [2.5, 41.58960689635613, 96.03536162984328], [87.73642327614394, 34.392391028532], [0.11753596094796105, 4.010076808544832]] 
-0.2 [[9.64174403830344], [2.499865396435927, 41.86429483465853, 2.5], [0.4680122461024793, 2.3209784029495353], [0.6179259133084956, 6.121580619346854]] 
-0.2 [[14.124717980425237], [2.4999999972943034, 10.320060358472771, 94.47922681341414], [0.9997856302039947, 7.440944335302493], [0.6969694371790258, 17.765969192595662]] 
-0.1 [[14.193850877125245], [2.499999990392022, 25.375232952269503, 96.03536162984328], [2.596098571741963, 1.2681374152288107], [0.3563970715505282, 3.9888694351417504]] 
-0.6 [[18.084009104291983], [2.499999997321507, 10.320060358472771, 94.47922681341414], [0.21277243242854793, 7.440944335302493], [0.6985016248103048, 24.735591184087433]] 
-0.3 [[18.084009104291983], [2.499999997321507, 10.320060358472771, 94.47922681341414], [0.21277243242854793, 7.440944335302493], [0.6985016248103048, 14.751745452640327]] 
-0.3 [[16.537198873850155], [2.5, 199.9808226849009, 2.5], [0.8108421113169446, 0.4829476720775584], [0.35044283754672934, 3.276505224974283]] 
-0.3 [[14.179199447355746], [45.23085437908343, 48.025742904613, 2.5], [1.4567913477053407, 34.48993538897217], [0.7030743087451202, 8.312514835366725]] 
-0.3 [[13.749218154060006], [2.4999999999982156, 41.08107180647255, 96.03536162984328], [2.173254280825369, 36.6932288419581], [0.7740908710508797, 3.891466113574812]] 
-0.3 [[14.124971003967914], [2.4999999972943034, 10.320060358472771, 94.47922681341414], [0.8759378931804563, 7.440944335302493], [0.6969694371790258, 18.192228536849207]] 
1.4 [[19.942233089870925], [22.142260689636355, 17.902674193939873, 2.5], [0.8455616934466983, 93.76985340932931], [0.7904624610052337, 37.481025242224256]] 
1.4 [[20.68425819955923], [2.4184480908590196, 17.45893629889985, 153.61810148111198], [2.1333639680808396, 69.64967412806007], [0.7772668534813518, 13.420498264508376]] 
1.1 [[18.806154260690143], [22.142260689636355, 13.32902144807521, 2.5], [0.8447954074489373, 94.70591572483063], [1.152292578178156, 39.62870108101949]] 
