0.7 0.0 39.027423521032105 
1.5 47.87678290704051 24.538750270534145 
1.5 47.87678290704051 24.547689484428005 
1.5 47.87678290704051 39.03297881473748 
1.5 47.87678290704051 39.08135699483223 
1.5 47.87678290704051 39.02046341389967 
1.5 47.87678290704051 39.017250728374336 
1.5 47.87678290704051 39.01880199059408 
0.6 0.0 324.14387679032217 
0.6 0.0 210.70924281408278 
0.6 0.0 335.7082185426228 
0.6 0.0 39.03019052536185 
0.6 0.0 210.27255507793097 
0.6 0.0 39.97966150237224 
0.6 0.0 14.001911889096375 
0.6 0.0 39.030937424046265 
4.3 47.70270624245478 15.63316253435626 
3.0 47.702842142872015 5.99339733509448 
3.0 47.702874044758744 39.020110807408344 
3.0 47.702842142872015 5.99339733678541 
-0.4 47.398526581995384 81.47279686051681 
-0.4 47.398526581995384 39.02517456639775 
-0.4 47.398526581995384 39.02811972889318 
-0.4 47.398526581995384 39.02015150965596 
-0.4 47.398526581995384 39.017925381576724 
-0.4 47.398526581995384 293.3002895423008 
-0.4 47.398526581995384 39.023947455193266 
-0.4 47.398526581995384 39.02145115642871 
-0.4 47.398526581995384 39.01874049997662 
-0.4 47.398526581995384 39.02021873479132 
-0.4 47.398526581995384 39.01334996503216 
-0.4 47.398526581995384 39.03033260955946 
-0.4 47.398526581995384 39.02145024204275 
-0.4 47.398526581995384 39.04077800178493 
-0.4 47.398526581995384 39.018885734766705 
-0.4 47.398526581995384 39.013408166720225 
-0.4 47.398526581995384 6.226259315584131 
-0.4 47.398526581995384 39.021426694075245 
-0.4 47.398526581995384 39.02515240190236 
-0.4 0.0 4.789462189961909 
-0.4 0.0 4.8367854150969825 
-0.4 0.0 39.98479463407549 
-0.4 47.398526581995384 39.03216055517526 
-0.4 0.0 4.944161894067372 
-0.4 47.846129172711954 4.72407490179792 
-0.4 47.398526581995384 4.711786578741767 
-0.4 47.846129172711954 4.720919957115556 
-0.4 47.398526581995384 4.708948901093414 
-0.4 47.398526581995384 4.711834000837652 
-0.4 47.846129172711954 4.72709597890482 
-0.4 47.398526581995384 4.781069594481052 
-0.4 0.0 4.759539858885925 
-0.4 47.398526581995384 4.774485120545867 
-0.4 47.41413328741115 4.671006173230131 
-0.4 47.846129172711954 4.674157475911276 
2.2 47.868393054576615 82.3535503425416 
2.2 47.86786195110329 39.01575128153469 
2.2 47.86789606618515 39.01769009523781 
2.2 47.70284045277367 4.7872146469948715 
2.2 47.86786195110329 4.676577666163684 
2.2 47.86789606618515 4.871524949285663 
2.2 47.70289715460672 4.896780404964626 
2.2 47.70284045277367 4.889044296999615 
2.2 47.86786195110329 39.00148041641844 
2.2 47.86786195110329 4.7944861325551615 
2.2 47.86786195110329 4.677347414583568 
2.2 47.86786195110329 4.676577716076455 
2.2 47.86789615186785 4.670144211621981 
2.2 47.7018336947844 4.672140631777691 
2.2 47.86789615186785 4.670145049632358 
2.2 47.86789615186785 4.6701534521521975 
3.8 47.70266652144005 261.5014479803924 
0.3 0.0 94.00317894767225 
0.3 0.0 39.87968867350054 
0.3 0.0 39.01799278795228 
0.3 0.0 39.02765691789793 
0.3 0.0 39.018931716927504 
0.3 0.0 39.02040148372565 
0.3 0.0 39.20314357701796 
2.3 47.867891198734924 4.669177461143832 
2.3 47.701974550834365 39.00143619000677 
2.3 47.867891198734924 4.6710110591211835 
3.4 47.70270458832522 9.26837323111892 
3.4 47.70270646012739 39.02197421503047 
3.4 47.702723927568854 39.0229113064557 
3.4 47.70272125753036 9.302820231742919 
1.0 0.0 9.105762805336758 
1.0 0.0 39.01937336382847 
1.0 0.0 39.14107063096746 
1.0 0.0 39.05121142755773 
1.0 0.0 39.10050243127596 
1.0 0.0 8.863463125579598 
0.9 0.0 73.60319319414003 
0.9 0.0 39.02636809629938 
0.9 0.0 39.01402795723887 
0.9 0.0 39.02143369003528 
-0.5 47.38078037393328 293.30455221130893 
-0.5 47.38078037393328 264.6398226207267 
-0.5 47.38078037393328 39.02899746429816 
-0.5 47.38078037393328 39.0439196165972 
-0.5 47.38078037393328 39.0256739770566 
-0.5 47.38078037393328 39.02518958656608 
-0.5 47.38078037393328 39.04393247682368 
-0.5 47.38078037393328 264.6396529931132 
-0.5 47.38078037393328 39.02710061437429 
-0.5 47.38078037393328 264.63997297035 
-0.5 47.38078037393328 39.116058458214376 
-0.5 47.38078037393328 264.5803504384793 
-0.5 47.38078037393328 39.02176109832707 
-0.5 47.38078037393328 39.02898529631685 
-0.5 47.38078037393328 39.02144656869389 
-0.5 47.39418067407371 39.07832402337558 
-0.5 47.38078037393328 4.836940780041712 
-0.5 47.38078037393328 39.0188929376171 
-0.5 47.38078037393328 39.021048916489626 
-0.5 47.38078037393328 6.565775582272335 
-0.5 47.38078037393328 39.02844921631953 
-0.5 47.38078037393328 39.02250732075054 
-0.5 47.38078037393328 39.02762295994836 
-0.5 47.38078037393328 39.02558038345698 
-0.5 47.38078037393328 39.021146368370204 
-0.5 47.38078037393328 6.229534686664314 
-0.5 47.38078037393328 39.02931206743048 
-0.5 47.38078037393328 5.64871423500814 
-0.5 47.38078037393328 39.36210660201993 
-0.5 47.38078037393328 39.020155914558806 
-0.5 47.38078037393328 39.0210693426839 
-0.5 0.0 39.02594701874069 
-0.5 47.38078037393328 4.837791112688594 
-0.5 47.38078037393328 39.11653613525158 
-0.5 47.38078037393328 5.658446624903971 
-0.5 47.38078037393328 5.6267447957100165 
-0.5 47.38078037393328 39.01340887038267 
-0.5 47.38078037393328 39.02060332035578 
-0.5 47.38078037393328 39.02613949276598 
-0.5 47.38078037393328 39.02556031111597 
-0.5 47.38078037393328 39.02117197746418 
-0.5 47.38078037393328 39.02255249410978 
-0.5 0.0 39.02550211409468 
-0.5 47.38078037393328 39.021112378511575 
-0.5 47.38078037393328 39.01593702019116 
-0.5 47.38078037393328 5.675306071534814 
-0.5 47.38078037393328 5.615533180649716 
-0.5 47.38078037393328 6.0675905714461305 
-0.5 47.38078037393328 4.909627861147866 
-0.5 47.38078037393328 39.031292096612106 
-0.5 47.38078037393328 5.613759642152618 
-0.5 47.38078037393328 39.021770347266276 
-0.5 0.0 39.02334571321798 
-0.5 47.38078037393328 5.632184698325114 
-0.5 47.38078037393328 39.03027138453578 
-0.5 47.38078037393328 39.03465419031113 
-0.5 47.38078037393328 39.02834613775143 
-0.5 47.38078037393328 4.9495401834662225 
-0.5 47.38078037393328 5.640129183096797 
-0.5 47.38078037393328 5.660618035284797 
-0.5 0.0 39.02551092479343 
-0.5 47.38078037393328 39.02176551575625 
-0.5 0.0 39.027039402350105 
-0.5 0.0 39.01922597618336 
-0.5 47.38078037393328 4.8114041787796396 
-0.5 0.0 4.942974994776508 
-0.5 47.38078037393328 39.02103287440556 
-0.5 47.38078037393328 39.02550887456276 
-0.5 47.38078037393328 39.019382217223125 
-0.5 0.0 39.632746156965275 
-0.5 47.38078037393328 39.024639684331326 
-0.5 47.38078037393328 5.647746453476937 
-0.5 0.0 39.030957376768015 
-0.5 0.0 4.726428175594381 
-0.5 47.38078037393328 4.887567127720724 
-0.5 0.0 39.088607754687786 
-0.5 0.0 39.024307401594385 
-0.5 0.0 39.029935919665874 
-0.5 0.0 39.023222275216035 
-0.5 47.38078037393328 39.025162892237034 
-0.5 47.38078037393328 4.898596706442017 
-0.5 47.38078037393328 39.03379752137251 
-0.5 0.0 39.013707710942676 
-0.5 47.38078037393328 4.8217940319610415 
-0.5 47.38078037393328 4.764688036192471 
-0.5 0.0 39.01882024485621 
-0.5 0.0 4.833521659074547 
-0.5 47.38078037393328 4.793507623297955 
-0.5 47.38078037393328 39.025057378693965 
-0.5 47.38078037393328 39.030488164146654 
-0.5 0.0 39.029400025781385 
-0.5 47.38078037393328 4.900409618387656 
-0.5 0.0 4.944044212886947 
-0.5 47.38078037393328 5.68714078769923 
-0.5 0.0 39.020979290665245 
-0.5 0.0 39.02298464167278 
-0.5 0.0 39.02342638978062 
-0.5 0.0 4.798883341393304 
-0.5 0.0 4.837072642353058 
-0.5 47.4029663923929 39.363046390761724 
-0.5 47.38078037393328 4.818406875656916 
-0.5 47.38078037393328 4.71738657193447 
-0.5 47.38078037393328 4.7807098208459236 
-0.5 0.0 39.01406956906457 
-0.5 47.38078037393328 4.682010222664112 
-0.5 47.38078037393328 39.017979378934 
-0.5 0.0 39.03224564320659 
-0.5 47.38078037393328 39.0171220608956 
-0.5 47.38078037393328 4.785260811114088 
-0.5 0.0 4.835416389066177 
-0.5 0.0 39.065784289588585 
-0.5 47.38078037393328 4.738006583470353 
-0.5 0.0 39.02105274701363 
-0.5 0.0 39.02108527602776 
-0.5 0.0 4.799653370882421 
-0.5 0.0 4.686144629068962 
-0.5 47.38078037393328 39.01896950961082 
-0.5 47.38078037393328 4.684909310809457 
-0.5 0.0 4.824700699759821 
-0.5 47.38078037393328 4.726481405520319 
-0.5 0.0 4.882884060706645 
-0.5 47.38078037393328 4.673245558808362 
-0.5 0.0 39.022082515283714 
-0.5 0.0 4.837159783625943 
-0.5 47.38078037393328 39.01590300144813 
-0.5 47.38078037393328 4.81790303058071 
-0.5 47.38078037393328 4.6878019310723325 
-0.5 47.38078037393328 4.6822577076404 
-0.5 47.38078037393328 4.67336601768227 
-0.5 47.38078037393328 4.673842040045857 
-0.5 47.38078037393328 4.684063105145981 
-0.5 47.38078037393328 4.722187356123492 
-0.5 0.0 4.688286540401469 
-0.5 47.38078037393328 4.678921387517374 
-0.5 47.38078037393328 4.67339925153884 
-0.5 47.38078037393328 4.673695465616567 
-0.5 47.38078037393328 4.711355324914807 
-0.5 0.0 4.687254026178872 
-0.5 47.38078037393328 39.00220456328501 
-0.5 47.38078037393328 4.673243470821934 
-0.5 47.38078037393328 4.677279006998113 
-0.5 47.38078037393328 39.01499930699418 
-0.5 47.38078037393328 4.679254048129814 
-0.5 0.0 4.675868902589582 
-0.5 47.38078037393328 4.672104938828069 
-0.5 47.38078037393328 4.673302989825549 
-0.5 0.0 4.686749377873801 
-0.5 47.38078037393328 4.675528632521385 
-0.5 0.0 4.674488280106118 
-0.5 0.0 4.68257155364819 
-0.5 0.0 4.790731499660129 
-0.5 47.38078037393328 4.672038866715459 
-0.5 47.38078037393328 4.674649328721241 
-0.5 47.38078037393328 4.671938351193259 
-0.5 47.38078037393328 4.674717167273979 
-0.5 47.38078037393328 4.673270683632041 
-0.5 47.38078037393328 4.6721607559859875 
-0.5 0.0 4.675867715643996 
-0.5 0.0 4.674469944104255 
-0.5 47.38078037393328 4.670329440408296 
-0.5 0.0 4.685011946580585 
-0.5 0.0 4.686263441229431 
-0.5 0.0 4.671522857142245 
-0.5 0.0 4.671597655380912 
-0.5 0.0 39.001381381076754 
-0.5 0.0 4.671734839357859 
-0.5 47.38078037393328 4.671108081161671 
-0.5 47.38078037393328 4.670326054167845 
-0.5 0.0 4.775096350829557 
3.1 47.70302812773642 14.471506682938431 
3.1 47.703689783440325 270.78159510867124 
3.1 47.70302812773642 39.76940437896834 
3.1 47.70319034101712 12.138484032093896 
3.1 47.70319034101712 39.028180542034235 
3.1 47.702890860775454 39.03485889575351 
3.1 47.70302812773642 39.76920761189734 
3.1 47.70319034101712 39.073691667667404 
3.1 47.702859746270946 39.036701261995205 
3.1 47.702845732335135 12.138366667353942 
3.1 47.70276444012899 14.352961816367433 
3.1 47.702859754349305 39.02680562875396 
3.1 47.70302156908977 39.86383292489136 
3.1 47.702845732335135 12.13837064981807 
2.6 46.290550678698565 18.52258520775116 
2.6 47.70382722232932 327.5826152415824 
2.6 47.7030159699824 95.94927258455265 
2.6 47.7030159699824 305.79886335331435 
2.6 47.7030159699824 40.025622619817895 
2.6 47.70382722232932 327.5807982902684 
2.6 47.70382722232932 327.54427969533486 
2.6 47.7030159699824 169.83020069607298 
2.6 47.70382722232932 67.06661359838932 
2.6 47.70307095408782 81.29372440918425 
2.6 47.7030159699824 39.03238331739294 
2.6 47.7030159699824 39.014728119172844 
2.6 47.70302368096188 4.785528524351009 
2.6 47.7030159699824 4.675235663819026 
2.6 47.7030159699824 4.782225701165051 
2.6 47.7030159699824 4.835656418482108 
2.6 47.7030159699824 39.022733401295994 
2.6 47.7030159699824 39.03149311838811 
2.6 47.703143361634204 4.828822822231919 
2.6 47.70320162036748 39.01409677232422 
2.6 47.7030159699824 39.021008713134805 
2.6 47.70405447809543 4.828944237892125 
2.6 47.7030159699824 4.674811320477584 
2.6 47.70330879091071 4.810899919677335 
2.6 47.7030159699824 39.02107194787379 
2.6 47.7030159699824 4.842430357878558 
2.6 47.7030159699824 4.7943061036865835 
2.6 47.7030159699824 39.6797751389342 
2.6 47.702036908073865 39.37790306496278 
2.6 47.7030159699824 4.678392241071645 
2.6 47.70382722232932 39.0208209020481 
2.6 47.7030159699824 5.620258269472166 
2.6 47.7030159699824 39.01470391742539 
2.6 47.70382722232932 4.680436607970082 
2.6 47.70382722232932 4.781659241208956 
2.6 47.7030159699824 4.679310475607806 
2.6 47.7030159699824 4.678114744398026 
2.6 47.70405447809543 4.677460883578979 
2.6 47.703143361634204 4.709836689993239 
2.6 47.70269590399383 4.797756579571737 
2.6 47.7030159699824 4.712027610791191 
2.6 47.70405447809543 4.6770693471688825 
2.6 47.7030159699824 4.782845034069013 
2.6 47.7030159699824 39.002289354795934 
2.6 47.70320162036748 39.00891823835229 
2.6 47.7030159699824 39.01524032140516 
2.6 47.7030159699824 39.00128056323434 
2.6 47.7030159699824 4.678990697493781 
2.6 47.70405447809543 4.678889755383075 
2.6 47.70431937093264 4.675368385631974 
2.6 47.70405447809543 4.676846392541008 
2.6 47.7030159699824 4.782769662062838 
2.6 47.7030159699824 4.671590067937776 
2.6 47.7030980941571 39.001740293785424 
2.6 47.70382722232932 4.675669674451044 
2.6 47.70212777175621 4.780853478800651 
2.6 47.70405447809543 39.01424315993825 
2.6 47.70382722232932 4.676867171119705 
2.6 47.7030159699824 4.67528451242309 
2.6 47.7030159699824 39.013981823541506 
2.6 47.70382722232932 4.7432706038069625 
2.6 47.70405447809543 4.676844704833278 
2.6 47.7030159699824 39.014261700798414 
2.6 47.7030159699824 4.673795720086799 
2.6 47.70270089547395 39.01129486354354 
2.6 47.7030159699824 4.673445404797248 
2.6 47.7030159699824 4.670188433632145 
2.6 47.7030159699824 4.671938857443948 
2.6 47.7030159699824 4.670163427592875 
2.6 47.7030159699824 39.00070336359393 
2.6 47.7030159699824 4.671434142999264 
2.6 47.70302368096188 4.672590186936253 
2.6 47.7030159699824 4.668460591411078 
2.6 47.70345223131852 4.670587068412435 
2.6 47.7030980941571 4.671760715094763 
2.6 47.7030159699824 4.672051527798158 
2.6 47.70307095408782 39.00114369012024 
2.6 47.7030159699824 4.6689871091385875 
2.6 47.7030159699824 4.6702394977244985 
2.6 47.7030159699824 4.669408421531168 
2.6 47.7030159699824 4.669894880848877 
2.6 47.7030159699824 4.670087910670126 
2.6 47.703097768094295 39.013184715073734 
2.6 47.7030159699824 4.669744235041986 
3.6 47.703119519947904 314.1252083016828 
3.9 47.702659906482126 264.0950434888815 
3.9 47.70269030142953 39.02662791907439 
1.6 47.86423728566217 219.31768752488992 
1.6 47.86423728566217 219.2805053851664 
1.6 47.33400041664407 219.31713331085325 
1.6 47.86423728566217 219.28857354461553 
2.4 47.868878805599905 67.06564236381345 
2.4 47.345040241080255 39.86596383579185 
2.4 47.34511808048509 39.020038211751114 
2.4 47.868878805599905 169.80472415773903 
2.4 46.822272530286284 4.676980048640068 
0.1 0.0 48.86081847276044 
0.1 0.0 39.04725111147362 
0.1 0.0 39.036610558474564 
0.1 0.0 39.0131332969318 
3.5 47.70362675303127 123.73643085755656 
3.5 47.70362675303127 123.73438233855303 
2.8 47.70328666387479 280.3003476755183 
2.8 47.703157252154256 39.02915174995522 
2.8 47.70328666387479 39.9846627756654 
2.8 47.703015618517895 280.30098529540084 
2.8 47.703015618517895 31.344009014099687 
2.8 47.703015618517895 42.44208644547298 
2.8 47.70396378194391 39.0865318921624 
2.8 47.703015618517895 39.01029175126748 
2.8 47.703015618517895 4.7453191601306575 
2.8 47.70239985009195 4.724127865603031 
2.8 47.70219526468247 4.778861970867743 
2.8 47.70353889285897 4.677755077597141 
2.8 47.703306475728766 4.67134598882705 
2.8 47.703015618517895 39.00151476991586 
2.8 47.70291867662428 4.670958106691793 
1.7 47.33422195070969 90.4533154706834 
1.7 47.33286220465061 90.45297050823406 
1.7 47.8654515728943 39.02472532150115 
2.1 47.86775339564389 140.22212461532362 
2.1 47.86775339564389 39.0785101580218 
2.1 47.868039053795485 39.0230725748229 
2.1 46.82226152079974 4.785905157750551 
2.1 46.82226047433937 39.01477499656711 
0.8 0.0 358.5725521552896 
0.8 0.0 39.02663040948806 
0.8 0.0 358.57166952657184 
0.8 0.0 39.01702401871717 
0.8 0.0 39.0340796272957 
0.8 0.0 39.02661932879294 
0.8 0.0 5.6117245810697725 
2.5 46.82347915202752 57.427865064226815 
2.5 46.299642168227365 39.0207365475839 
2.5 46.299642168227365 39.0970947681928 
2.5 46.82347915202752 57.378435968710455 
2.5 46.299642168227365 39.02721974277339 
2.5 46.299642168227365 40.07500168278546 
2.5 46.299642168227365 39.02479410097656 
2.5 46.29965711065847 4.681210673523597 
2.5 47.702708673648544 39.0205701857681 
2.5 46.299642168227365 4.905856950784886 
2.5 46.299642168227365 4.828509409121257 
2.5 46.29971191851408 39.03003912346228 
2.5 47.70194956674371 4.725992755267915 
2.5 46.29971191851408 4.823727998930154 
2.5 47.70194956674371 39.00746856295558 
2.5 46.299642168227365 4.696118023089859 
2.5 46.299642168227365 4.6953810232711914 
2.5 46.299642168227365 4.747081272689156 
2.5 47.703013639927065 4.670299870123435 
2.5 46.299642168227365 4.789982257707571 
2.5 46.82347915202752 4.774402861695466 
2.5 46.29965711065847 4.6714201542676745 
2.5 47.70272154494117 4.751983399285356 
2.5 46.299642168227365 4.696117832355612 
2.5 47.7020734472751 39.00093660241442 
2.5 46.299642168227365 4.669799478375558 
2.5 47.70274693971248 39.011253144584074 
2.5 46.299642168227365 4.670952967137575 
2.5 46.29965711065847 4.684500075417924 
2.5 46.299642168227365 4.671041163751414 
2.5 46.299642168227365 39.001516136604614 
2.5 46.29969674086826 4.671574015780411 
2.5 46.29965711065847 4.6708675855309085 
2.5 46.299642168227365 4.674031765632124 
2.5 47.703013639927065 4.669302021441783 
2.5 46.299642168227365 4.672862860788483 
2.5 47.703212446813495 4.668970606860483 
2.5 46.299642168227365 4.77608454919264 
2.5 47.703013639927065 39.00154731039371 
2.5 47.703013639927065 4.669288054853332 
2.5 46.299642168227365 4.6713161033226624 
2.5 46.299642168227365 4.670532379122645 
2.5 46.299642168227365 4.775903107619416 
2.5 46.299642168227365 4.670509812074478 
2.5 46.299642168227365 4.673154921023036 
2.5 47.703013639927065 4.775313050526156 
2.5 46.299642168227365 4.77602912925906 
2.5 46.299642168227365 4.67888917864649 
2.5 46.299642168227365 4.671014527948827 
2.5 46.299642168227365 4.671052215210887 
2.5 46.299642168227365 4.66992728268616 
2.5 47.703013639927065 39.00092898208603 
2.5 46.82289052788988 4.66874480560739 
2.5 46.299642168227365 4.671099817797483 
2.5 47.703013639927065 4.77346689966379 
3.3 47.70286304636784 152.79887703662092 
3.3 47.70286304636784 42.543792712385816 
3.3 47.702718941728506 152.80061021462305 
3.3 47.70324703586442 9.288397303515879 
3.3 47.70272423130535 9.267553637683289 
3.3 47.70272423130535 9.288839403719312 
3.3 47.70365601342692 39.02641659082184 
3.3 47.702718941728506 39.01960309638438 
3.3 47.70369926485492 39.03131311621687 
0.5 0.0 51.5663556551351 
0.5 0.0 31.337570819490086 
0.5 0.0 75.53331794159536 
0.5 0.0 40.259785900140514 
0.5 0.0 12.13663072608562 
0.5 0.0 42.62766634858798 
0.5 0.0 39.027007632272756 
0.5 0.0 5.982182033393655 
0.5 0.0 39.02051910487051 
0.5 0.0 12.136222262324754 
0.5 0.0 12.141604003279387 
0.5 0.0 39.0203700854497 
0.5 0.0 12.137453875691248 
0.5 0.0 5.61252642651193 
0.5 0.0 5.985406959263046 
0.5 0.0 39.01953809601935 
0.5 0.0 5.989149079495096 
0.5 0.0 39.02762907918892 
0.5 0.0 39.07525119363655 
0.5 0.0 5.612456038566431 
0.5 0.0 5.611704602005892 
0.5 47.82854554038599 5.614016971420349 
0.5 0.0 39.02174803715375 
0.5 47.82742738076695 39.02595405857226 
0.5 47.65635753129655 5.61108374666683 
0.5 0.0 5.611712042032757 
0.5 0.0 5.606771643820153 
0.5 0.0 5.613222680898819 
3.2 47.702731239254405 324.1436516900856 
3.2 47.70365383381795 39.41886323142262 
3.2 47.702777766626866 39.022457375643356 
4.2 47.70269430419373 114.35979421297093 
4.2 47.70267876422625 15.633092271470314 
4.2 47.70267876422625 330.2357017171264 
4.2 47.702649629923656 329.9259784921693 
4.2 47.702665802966806 15.63149489049402 
4.2 47.70269670107206 329.92861533725363 
4.2 47.70269852978865 39.044320769287104 
4.2 47.70303632772749 39.02522672604889 
4.2 47.70277834117661 39.02132189562184 
4.2 47.70267779583088 15.588620583565405 
4.2 47.70268658774705 9.319147933392173 
4.2 47.70217990919369 39.02656898175155 
1.2 47.852077695856224 130.15953654701852 
1.2 47.852077695856224 24.537184123797978 
2.7 47.70309155982457 4.785504134210202 
2.7 47.70333626472234 81.29346347687365 
2.7 47.70401195023172 39.03138991406346 
2.7 47.70309155982457 4.721532416184682 
2.7 47.70401195023172 327.58078646279785 
2.7 47.70309155982457 39.01348279124784 
2.7 47.70309155982457 39.01305914953083 
2.7 47.70355378008986 39.00780997032912 
2.7 47.70309155982457 4.845299655344809 
2.7 47.70309155982457 39.02717560041439 
2.7 47.70401195023172 39.02315044446797 
2.7 47.70309155982457 39.012410195061506 
2.7 47.70309155982457 39.00720784768841 
2.7 47.70309155982457 39.02677728416795 
2.7 47.70309155982457 4.824760341233438 
2.7 47.70309155982457 39.027141920544125 
2.7 47.70319865340767 39.02702358286962 
2.7 47.70309155982457 39.01405630174941 
2.7 47.70319672017567 39.0238382175188 
2.7 47.70309155982457 4.824748443698712 
2.7 47.70309155982457 39.02480693629935 
2.7 47.70309247095267 39.033408563010106 
2.7 47.70309155982457 39.02615273751584 
2.7 47.70309155982457 4.824759085356849 
2.7 47.70309155982457 4.721534010434701 
2.7 47.70309155982457 4.808594900287011 
2.7 47.70339203341996 39.019618999764226 
2.7 47.70309155982457 39.0229557565825 
2.7 47.70309155982457 39.02357594489499 
2.7 47.70309155982457 4.725370095158054 
2.7 47.70309155982457 4.815935823396505 
2.7 47.70309155982457 39.03220476684625 
2.7 47.70309155982457 4.721684910504756 
2.7 47.70401195023172 4.682228797847408 
2.7 47.70309247095267 4.681236534110786 
2.7 47.70401195023172 4.8092670975846605 
2.7 47.70309155982457 4.826119235899514 
2.7 47.70309155982457 4.721881507334859 
2.7 47.70401195023172 4.682237026895281 
2.7 47.70401195023172 39.002191043071136 
2.7 47.70401195023172 39.01481834624607 
2.7 47.70309155982457 4.787503209248625 
2.7 47.70268609476497 39.020835211974166 
2.7 47.70401195023172 4.682270508568232 
2.7 47.70309155982457 4.672276338123328 
2.7 47.703023535 39.02702612354572 
2.7 47.70309155982457 4.675045210633164 
2.7 47.70309155982457 4.6731821978933565 
2.7 47.70241228285673 39.01395277857163 
2.7 47.70309155982457 39.00125741206086 
2.7 47.70309155982457 39.00114946737003 
2.7 47.70309155982457 4.673030306050362 
2.7 47.70309155982457 4.777442942629118 
2.7 47.70309155982457 4.672555770850708 
2.7 47.70309155982457 4.66845567998432 
2.7 47.702706786568285 4.669108063718355 
4.1 47.70267933588053 13.391769080651912 
4.1 47.702680285834134 39.03824347824804 
4.1 47.702716364997 13.409646689196537 
1.8 47.34355920387907 18.785953911692676 
1.8 47.86637897661541 6.068791069868613 
1.8 47.86637897661541 39.06327354067287 
1.8 47.86637897661541 39.078551427139715 
1.8 47.86637897661541 6.069835808595628 
1.8 47.34355920387907 42.931935322085515 
1.8 47.866396971315794 5.693497704983537 
1.8 47.86637897661541 5.702548708400004 
1.8 47.343541010556095 18.7883159269289 
1.8 47.86637897661541 5.70354178760084 
1.8 47.866396971315794 5.693356184593165 
1.8 47.86637897661541 39.022129894649524 
1.8 47.86637897661541 5.703084474033103 
1.8 47.86637897661541 39.02200357570859 
1.8 47.86637897661541 39.079045176755805 
1.8 47.70130771414185 5.682138388869787 
1.8 47.866396971315794 5.716518522518418 
1.8 47.866396971315794 5.693489577200198 
1.8 47.70147624001487 39.02310798668409 
1.8 47.866396971315794 39.02433183541966 
1.8 47.866396971315794 5.683177243936037 
1.8 47.86637897661541 5.7012397087641045 
1.8 47.86637897661541 39.02736218133562 
1.8 47.866396971315794 39.01478509911266 
1.8 47.86637897661541 5.681641929950447 
1.8 47.86637897661541 5.701821766310186 
1.8 47.86637897661541 5.701950056227498 
1.8 47.86637897661541 5.6963776049815085 
1.8 47.86637897661541 39.02365765658688 
1.8 47.86637897661541 14.004298936438095 
1.8 47.866396971315794 39.020545555647615 
1.8 47.86637897661541 5.686353536518188 
1.8 47.866396971315794 39.01477928775148 
1.8 47.866396971315794 39.02334442879419 
1.8 47.86637897661541 39.01305045497947 
1.8 47.866396971315794 5.672432041291404 
0.4 0.0 14.35013258097461 
0.4 0.0 39.45009942432361 
0.4 0.0 39.08242877718968 
0.4 0.0 39.0282045724123 
0.4 0.0 14.331129155176104 
0.4 0.0 5.614031129304412 
0.4 0.0 5.613339215270772 
0.4 47.82454583320356 39.02991419767251 
0.4 0.0 39.02108999643699 
0.4 0.0 5.650845472881547 
0.4 0.0 5.5657920981849465 
-0.2 0.0 14.045074870307822 
-0.2 0.0 6.58414344187441 
-0.2 0.0 39.020591569864585 
-0.2 0.0 39.045034306805796 
-0.2 0.0 39.082184825036336 
-0.2 0.0 39.11732144369766 
-0.2 0.0 39.041240993758265 
-0.2 0.0 39.04122853386712 
-0.2 0.0 6.246160725955837 
-0.2 0.0 6.565820501398386 
-0.2 0.0 39.02334106002123 
-0.2 0.0 39.02909463352657 
-0.2 0.0 39.02521462603868 
-0.2 0.0 39.02467626039661 
-0.2 0.0 39.02282529507553 
-0.2 0.0 39.41984875611464 
-0.2 0.0 39.02323386221051 
-0.2 0.0 14.003966131529959 
-0.2 0.0 39.41885695515391 
-0.2 0.0 39.11658422272628 
-0.2 0.0 39.12040377838216 
-0.2 0.0 39.418837849726074 
-0.2 0.0 39.11928366262088 
-0.2 0.0 39.04178706352694 
-0.2 0.0 39.02448030258039 
-0.2 0.0 6.584105234148781 
-0.2 0.0 39.02275201076519 
-0.2 0.0 39.07885759311727 
-0.2 0.0 14.00396609342 
-0.2 0.0 5.620384322492351 
-0.2 0.0 5.75127036195381 
-0.2 0.0 5.681294328865163 
-0.2 0.0 39.99378002407226 
-0.2 0.0 39.11223619375653 
-0.2 0.0 5.753931405406197 
-0.2 0.0 6.245727314404264 
-0.2 0.0 39.02042633831921 
-0.2 0.0 39.0247420411497 
-0.2 0.0 5.6387223983324795 
-0.2 0.0 39.02045983117607 
-0.2 0.0 5.621968040745525 
-0.2 0.0 39.024746355939385 
-0.2 0.0 5.734625175262772 
-0.2 0.0 6.2644697679683015 
-0.2 0.0 12.902783624460005 
-0.2 0.0 6.230836472717171 
-0.2 0.0 39.02155850335422 
-0.2 0.0 39.024570695939836 
-0.2 0.0 39.019325665631555 
-0.2 0.0 5.6198341791012725 
-0.2 0.0 5.743877259533254 
-0.2 0.0 39.002180618238285 
-0.2 0.0 5.753282941345248 
-0.2 0.0 39.012577816024894 
-0.2 0.0 5.62306619906017 
-0.2 0.0 39.023000278831205 
-0.2 0.0 5.693204816354339 
-0.2 0.0 5.6214278097057235 
-0.2 0.0 39.0220955294131 
-0.2 0.0 5.626745663548119 
-0.2 0.0 39.028743759022966 
-0.2 0.0 5.622775837305322 
-0.2 0.0 5.673050552673593 
-0.2 0.0 5.640535910724478 
-0.2 0.0 5.64858940627586 
-0.2 0.0 5.620768643224333 
-0.2 0.0 39.02142166548655 
-0.2 0.0 39.02052421197096 
-0.2 0.0 5.624872704165348 
-0.2 0.0 5.619098871915026 
-0.2 0.0 5.56469079416673 
-0.2 0.0 39.02141897398719 
-0.2 0.0 5.627490075508688 
-0.2 0.0 5.621933779234284 
-0.2 0.0 5.620096833253296 
-0.2 0.0 4.676655482406836 
-0.2 0.0 39.021712375525354 
-0.2 0.0 5.613702714502552 
-0.2 0.0 5.564925750312821 
-0.2 0.0 5.609315334456754 
-0.2 0.0 5.681439534567104 
-0.2 0.0 39.0141205613915 
-0.2 0.0 39.00902596746121 
-0.2 0.0 39.020383078793586 
-0.2 0.0 4.88859587837074 
-0.2 0.0 39.01368256830478 
-0.2 0.0 4.860694503835618 
-0.2 0.0 4.8126239473433 
-0.2 0.0 4.6840725625583755 
-0.2 0.0 4.676623196910349 
-0.2 0.0 4.807171455744507 
-0.2 0.0 4.676621539087114 
-0.2 0.0 39.00152235677413 
-0.2 0.0 4.676682227610159 
-0.2 0.0 39.0015751099153 
-0.2 0.0 4.682515652024585 
-0.2 0.0 4.775534547765032 
-0.2 0.0 39.00127693396335 
-0.2 0.0 39.01464474543267 
-0.2 0.0 4.674008726641322 
-0.2 0.0 4.6764586400431485 
-0.2 0.0 4.676720013778802 
-0.2 0.0 39.01056524216279 
-0.2 0.0 4.674614898191503 
-0.2 0.0 4.673981758296911 
-0.2 0.0 4.67806209780073 
-0.2 0.0 4.678717697822578 
-0.2 0.0 4.778907336927348 
-0.2 0.0 4.676607299533168 
-0.2 0.0 4.673144201264218 
-0.2 0.0 4.776386959275849 
-0.2 0.0 4.674381291528421 
-0.1 0.0 39.03524133475864 
-0.1 0.0 39.019485627429 
-0.1 0.0 5.621619866252197 
-0.1 0.0 4.677115564568994 
-0.1 0.0 5.606205963875539 
-0.1 0.0 39.02525686956524 
-0.1 0.0 4.785586698070151 
-0.1 0.0 4.680689413668398 
-0.1 0.0 4.781416411583074 
-0.1 47.929097244024064 4.714678189991975 
-0.1 0.0 4.8559877065597545 
-0.1 0.0 4.676952281937105 
-0.1 47.929097244024064 39.003403688933346 
-0.1 47.929097244024064 4.6809092449836305 
-0.1 0.0 4.677072462141981 
-0.1 0.0 4.679165484273407 
-0.1 0.0 4.676954058427911 
-0.1 0.0 4.7790311589674275 
-0.1 0.0 4.781290539143476 
-0.1 0.0 4.677075762275664 
-0.6 47.36530539661425 39.02219557863323 
-0.6 47.36530539661425 5.997662560556257 
-0.6 47.36530539661425 39.02345538596838 
-0.6 0.0 39.0223630868707 
-0.6 47.36530539661425 39.07775964313847 
-0.6 47.36530539661425 5.687976329223802 
-0.6 47.36530539661425 39.02228842968111 
-0.6 47.36530539661425 39.02287827658942 
-0.6 47.36530539661425 39.02666500552535 
-0.6 47.36530539661425 5.683799294533829 
-0.6 47.37599263243942 39.02000074961121 
-0.6 47.36530539661425 39.02236600281001 
-0.6 47.36530539661425 39.0221306546881 
-0.6 47.37599263243942 39.02996152711536 
-0.6 47.36530539661425 39.02687265072728 
-0.6 47.36530539661425 39.0213769462097 
-0.6 47.36530539661425 39.014881261260285 
-0.6 0.0 39.02269920811456 
-0.6 0.0 39.022571852545816 
-0.6 47.36530539661425 5.680455453481405 
-0.6 47.36530539661425 5.697608277251823 
-0.6 47.36530539661425 39.02941418211311 
-0.6 47.36530539661425 5.691310253672516 
-0.6 47.36530539661425 39.02453399269033 
-0.6 0.0 39.023092688420924 
-0.6 47.36530539661425 5.997962006830019 
-0.6 47.36530539661425 5.691243998386491 
-0.6 47.36530539661425 39.03062462548255 
-0.6 47.36530539661425 39.022077853814984 
-0.6 47.36530539661425 39.016876261712376 
-0.6 47.36530539661425 5.658723912494145 
-0.6 47.36530539661425 5.686893707102229 
-0.6 47.36530539661425 5.998556144119211 
-0.6 47.36530539661425 5.664736812111083 
-0.6 0.0 39.026155650410665 
-0.6 47.36530539661425 4.733815678182754 
-0.6 47.36530539661425 4.933929035627549 
-0.6 0.0 39.015387485545624 
-0.6 0.0 39.023671478128854 
-0.6 47.36530539661425 5.622628402751228 
-0.6 0.0 39.02650450687937 
-0.6 47.36530539661425 39.02127543466163 
-0.6 0.0 39.029422042044075 
-0.6 0.0 39.02105274701363 
-0.6 47.36530539661425 39.02083017222936 
-0.6 0.0 39.023330225933485 
-0.6 0.0 39.022806767803715 
-0.6 47.36530539661425 39.020489410817724 
-0.6 47.36530539661425 5.6876901804623055 
-0.6 0.0 39.0153164685303 
-0.6 0.0 39.01524585839462 
-0.6 0.0 39.02097512067215 
-0.6 0.0 39.022362779369026 
-0.6 0.0 39.01538872590104 
-0.6 0.0 4.763896635974656 
-0.6 47.36530539661425 5.660051981932844 
-0.6 47.36530539661425 4.78548957375832 
-0.6 47.37599263243942 39.02958467126529 
-0.6 0.0 39.02234402575928 
-0.6 0.0 39.015075485729525 
-0.6 47.36530539661425 4.75988345935737 
-0.6 0.0 4.810181536576864 
-0.6 0.0 39.015965722638676 
-0.6 47.36530539661425 5.564490301488247 
-0.6 47.36530539661425 39.02917227698334 
-0.6 47.36530539661425 4.686873999810412 
-0.6 0.0 4.767682303265919 
-0.6 47.36530539661425 39.02754352633092 
-0.6 47.36530539661425 4.682721413664689 
-0.6 0.0 39.015644821524255 
-0.6 47.36530539661425 4.679678243129799 
-0.6 47.36530539661425 4.694500112439087 
-0.6 0.0 4.7918152622279155 
-0.6 0.0 4.809949015738276 
-0.6 47.36530539661425 4.686021367388663 
-0.6 0.0 4.688891520624451 
-0.6 47.36530539661425 4.679616178457632 
-0.6 0.0 4.685240034885373 
-0.6 47.36530539661425 4.855464461906967 
-0.6 47.36530539661425 4.673542904782486 
-0.6 0.0 4.760088933997049 
-0.6 47.36530539661425 4.683499036558441 
-0.6 0.0 4.679180785528885 
-0.6 47.36530539661425 4.7338510857867355 
-0.6 47.36530539661425 4.671665124969696 
-0.6 47.36530539661425 39.00114951029569 
-0.6 0.0 4.760481850038653 
-0.6 47.36530539661425 4.679852627747963 
-0.6 47.36530539661425 4.681332386077282 
-0.6 47.36530539661425 39.001208374890155 
-0.6 47.36530539661425 4.672763614979546 
-0.6 47.36530539661425 4.678178562253961 
-0.6 47.36530539661425 4.67526061087624 
-0.6 47.36530539661425 4.783412877141695 
-0.6 0.0 4.676269203820202 
-0.6 47.36530539661425 4.674980800816626 
-0.6 47.36530539661425 4.752000824245816 
-0.6 0.0 4.787010557145756 
-0.6 0.0 4.669599969685478 
-0.6 47.36530539661425 4.681194431097438 
-0.6 47.36530539661425 4.67292228725871 
-0.6 0.0 4.67651976780395 
-0.6 0.0 4.761258544095512 
-0.6 47.36530539661425 4.673300319781141 
-0.6 47.37599263243942 4.672259425611941 
-0.6 47.36530539661425 4.681271514708683 
-0.6 47.36530539661425 4.784772047168357 
-0.6 0.0 4.789510092718769 
-0.6 0.0 4.674642417955004 
-0.6 47.36530539661425 4.676623016736734 
-0.6 47.36530539661425 4.775914595440274 
-0.6 47.36530539661425 39.001055876043964 
-0.6 47.36530539661425 4.67167187576039 
-0.6 47.36530539661425 4.673495216656116 
-0.6 47.36530539661425 4.678976694108275 
-0.6 0.0 39.001943557473204 
-0.6 47.36530539661425 4.671646733494364 
-0.6 0.0 4.755109532744072 
-0.6 47.36530539661425 4.673786393453646 
-0.6 47.36530539661425 39.00080539288162 
-0.6 47.37599263243942 4.672259061201694 
-0.6 47.36530539661425 4.671711351254209 
-0.6 0.0 39.01114900856178 
-0.6 0.0 4.773938949364141 
-0.6 0.0 4.674463877240876 
-0.6 0.0 4.67283576516292 
-0.6 0.0 4.6739737410077895 
-0.6 0.0 39.00126471022293 
-0.6 47.37599263243942 4.677941700793865 
-0.6 0.0 4.672619653208969 
-0.6 0.0 4.669480094534246 
-0.6 47.36530539661425 4.667292496324643 
-0.6 0.0 4.668920974825356 
-0.6 47.36530539661425 4.774645685580745 
-0.6 0.0 39.00091593249873 
-0.6 0.0 4.673960292465409 
-0.6 0.0 39.00121541813782 
3.7 47.702499964189656 170.89241144756437 
3.7 47.70213960363452 25.637912038991256 
3.7 47.70268521767923 172.57874638552462 
3.7 47.70208667406018 172.57718274524242 
3.7 47.70213960363452 40.69154349612647 
3.7 47.70268521767923 172.57894213386393 
2.0 47.86746795475244 5.572212089766416 
2.0 47.70153489117308 39.00083237827704 
0.2 0.0 169.8301988562119 
0.2 0.0 296.4556637261046 
0.2 0.0 169.80418847589485 
0.2 0.0 39.3594531436361 
0.2 0.0 39.02314379890021 
0.2 0.0 39.026793779569154 
0.2 0.0 39.015635151554015 
0.2 47.811501130783654 39.11662818871889 
0.2 0.0 39.027045940830604 
0.2 0.0 39.014907525760435 
0.2 0.0 39.013232186280376 
0.2 0.0 39.01323045388798 
2.9 47.70291223458048 216.68615030969752 
2.9 47.703850016933245 41.85478933520977 
2.9 47.70291003124592 39.01999784220283 
2.9 47.70291307143509 4.67480367653207 
2.9 47.70291307143509 39.0013003930202 
2.9 47.70291307143509 4.674926033295853 
2.9 47.70291307143509 4.672724537973274 
2.9 47.70291307143509 39.00130035087221 
2.9 47.70291307143509 4.682114342413236 
-0.3 47.41790005568703 166.21827127022226 
-0.3 47.41790005568703 39.02125306155316 
-0.3 47.41719583448648 39.02491304206518 
-0.3 47.41790005568703 39.027964444988875 
-0.3 47.41790005568703 39.03952760380964 
-0.3 47.41790005568703 39.02423815351373 
-0.3 47.41790005568703 166.22103080497104 
-0.3 47.41790005568703 39.02126432936542 
-0.3 47.41790005568703 39.027962175716986 
-0.3 47.41790005568703 39.02684826135886 
-0.3 47.41790005568703 39.11418318415655 
-0.3 47.41790005568703 39.10891205744844 
-0.3 47.41790005568703 5.638715508224286 
-0.3 47.41790005568703 5.621261575320663 
-0.3 47.41790005568703 39.0694890987653 
-0.3 0.0 39.02180279601652 
-0.3 47.41790005568703 5.6051285861046205 
-0.3 47.41790005568703 39.02418925066047 
-0.3 47.41790005568703 5.615535562693855 
-0.3 0.0 39.021788652016554 
-0.3 0.0 39.020314736357804 
-0.3 47.41790005568703 5.623621971984023 
-0.3 0.0 39.021695147925236 
-0.3 47.41790005568703 39.0301605276734 
-0.3 47.41790005568703 5.579699901981407 
-0.3 47.41790005568703 39.02051153096897 
-0.3 47.41790005568703 39.031358182418664 
-0.3 0.0 4.7232341744570325 
-0.3 47.41790005568703 4.727035356007004 
-0.3 0.0 4.71618464938745 
-0.3 47.41790005568703 4.672373777876499 
-0.3 0.0 4.679239477217338 
-0.3 47.41790005568703 4.670587386837519 
1.9 47.867023372097094 5.70992881148978 
1.9 47.86797483871112 39.02981150602085 
1.9 47.867023372097094 4.69611810268483 
0.0 0.0 94.00317315175168 
-0.0 47.91265781131435 39.02427417780798 
-0.0 0.0 39.11295142806412 
