0.7 0.04516645178476497 39.02427983502428 
0.7 0.05638976390638906 3.0281818506936333 
0.7 0.056314948010298016 39.021133333959696 
0.7 0.059974027273941966 2.862827565554779 
4.8 -0.517128143951384 2.8618562418611395 
0.3 0.42534915218422786 39.01331581267125 
1.0 -0.11001009444759524 9.538627906109284 
3.6 -0.30971535779099324 3.0267920725526314 
3.6 -0.3146782802161048 39.02063560755988 
3.6 -0.31301971952433627 9.539782698224005 
0.1 198.5630544061545 2.864309183839276 
3.5 -0.11311722656858225 3.0231390421786695 
0.8 0.021598281777547745 3.021914348039659 
4.9 -0.50502162018583 2.8601415802051555 
3.3 -0.21489401276016995 39.02132761583013 
0.5 0.14352951055134056 2.860838900798253 
4.1 -0.659475218468211 2.886338253042219 
0.4 0.5719377883010903 2.862681666232251 
3.7 -0.4723274513153838 39.01821664081715 
3.7 -0.4653289161769042 9.540007579151272 
3.7 -0.47247240734826146 39.06413007325218 
4.6 -0.6726650367581176 3.033378537282746 
4.6 -0.6725925515835569 3.021773545014204 
4.6 -0.43913653839044176 2.8645615320555793 
0.2 198.5630544061545 2.86398664985749 
0.0 0.22957725789786587 39.01396691464955 
0.0 0.2084661499248719 39.02024322503769 
