0.7 0.05638976390638906 228.92740520748117 
0.7 0.056314948010298016 298.02824686329996 
0.7 0.05638976390638906 290.43833803478714 
0.7 0.059974027273941966 40.90591368283784 
0.7 0.05638976390638906 290.43558733916586 
0.7 0.059974027273941966 39.022781655421696 
0.7 0.05638976390638906 39.29576106945017 
0.7 0.04516645178476497 116.39783005174222 
0.7 0.05638976390638906 228.9274065610596 
0.7 0.056314948010298016 39.02597453015742 
0.7 0.05638976390638906 228.92742952909532 
0.7 0.059974027273941966 39.03877588006954 
0.7 0.05638976390638906 39.027021924191835 
0.7 0.059974027273941966 39.022773492521026 
0.7 0.05638976390638906 39.02742643615365 
0.7 0.04516645178476497 39.0567855007693 
0.7 0.059974027273941966 39.02354724020029 
0.7 0.059974027273941966 39.02615369982568 
0.7 0.04516645178476497 39.031224605040904 
0.7 0.04516645178476497 116.39776860782818 
0.7 0.05638976390638906 39.02598194303196 
0.7 0.05638976390638906 39.053152354196726 
0.7 0.059974027273941966 39.022815832863486 
0.7 0.059974027273941966 39.0308543405548 
0.7 0.04516645178476497 39.05326722177392 
0.7 0.059974027273941966 39.01500084154866 
0.7 0.056314948010298016 39.02569737769928 
0.7 0.04516645178476497 39.0270966186472 
0.7 0.04516645178476497 39.03134746890078 
0.7 0.04516645178476497 39.03041726513453 
0.7 0.05638976390638906 39.02327042552109 
0.7 0.05638976390638906 39.02494779746147 
0.7 0.04516645178476497 39.02486772370612 
0.7 0.059974027273941966 39.014333158285915 
0.7 0.04516645178476497 39.09208083486921 
0.7 0.059974027273941966 39.018661578368 
0.7 0.059974027273941966 39.02390826680837 
0.7 0.04516645178476497 39.086053914449764 
0.7 0.05638976390638906 39.026509435596566 
0.7 0.059974027273941966 39.01364422907913 
0.7 0.059974027273941966 39.020476005004674 
0.7 0.059974027273941966 39.01410823796046 
0.7 0.059974027273941966 39.02207087801227 
0.7 0.059974027273941966 39.01377158186327 
0.7 0.04516645178476497 39.027018990372774 
0.7 0.04516645178476497 39.024857910685235 
0.7 0.04516645178476497 39.02833326331991 
0.7 0.05638976390638906 39.013563417187626 
0.7 0.056314948010298016 39.021226052729396 
0.7 0.059974027273941966 39.01543865722569 
0.7 0.04516645178476497 39.02427983502428 
0.7 0.059974027273941966 39.016138104882074 
0.7 0.04516645178476497 39.02488337428149 
0.7 0.05638976390638906 3.0281818506936333 
0.7 0.059974027273941966 3.014114981785098 
0.7 0.05638976390638906 39.404808697778726 
0.7 0.059974027273941966 39.01965413794841 
0.7 0.059974027273941966 39.023694774800475 
0.7 0.059974027273941966 3.018435885933306 
0.7 0.05638976390638906 39.013379916302426 
0.7 0.056314948010298016 39.02123418728761 
0.7 0.05638976390638906 39.02217900444023 
0.7 0.059974027273941966 39.891235395275984 
0.7 0.059974027273941966 3.018111931353694 
0.7 0.059974027273941966 3.0169517961313974 
0.7 0.059974027273941966 3.0146289713590906 
0.7 0.05638976390638906 3.0340248067223454 
0.7 0.059974027273941966 2.994866810551841 
0.7 0.059974027273941966 39.02501777532721 
0.7 0.056314948010298016 39.021133333959696 
0.7 0.059974027273941966 2.862827565554779 
1.5 198.5630544061545 153.71525122464024 
1.5 198.5630544061545 39.032441661100336 
0.6 0.2851312739617782 204.62212421449019 
0.6 0.31264145387414244 39.353132919840434 
0.6 0.2851312739617782 209.220088899711 
0.6 0.31264145387414244 39.40919878817685 
0.6 0.2851312739617782 228.69519884592717 
0.6 0.2851312739617782 39.02661400539296 
0.6 0.2851312739617782 39.01500747786722 
0.6 0.31264145387414244 39.75483736265074 
0.6 0.31264145387414244 39.022949809216776 
0.6 0.2851312739617782 39.03140315644131 
0.6 0.31264145387414244 39.02282631333512 
0.6 0.2851312739617782 39.034991286774165 
0.6 0.2851312739617782 39.01500339700214 
0.6 0.2851312739617782 39.01503201785594 
0.6 0.2851312739617782 39.03083035704195 
0.6 0.31264145387414244 39.021879755080356 
0.6 0.2851312739617782 39.018780443085625 
0.6 0.2851312739617782 39.01445393818804 
0.6 0.2851312739617782 39.01617242367964 
0.6 0.31264145387414244 39.568472159650156 
0.6 0.31264145387414244 39.01363316156792 
0.6 0.31264145387414244 39.01476108191097 
4.3 103.16494045235144 104.39792116142102 
4.3 103.27186732595351 38.30079563903316 
4.3 104.97514937335396 39.150624428074245 
4.3 103.27186732595351 38.30069117583609 
4.3 103.16494045235144 34.518026550533385 
4.3 104.97514937335396 34.52462930423467 
4.3 -0.4699906804993311 9.527471471987328 
4.3 -0.4699906804993311 39.02200264038893 
4.3 104.97514937335396 9.516684659267298 
4.3 103.16880331826457 39.013827313625555 
4.3 -0.4699906804993311 39.02119255941598 
4.3 -0.4182582285036007 3.017749675084528 
4.3 -0.4706605142002278 39.025387359449354 
4.3 -0.4182582285036007 3.0126196272040326 
4.3 103.16531847908573 3.017118490811782 
4.3 104.97514937335394 3.0085168396946558 
4.3 -0.4182582285036007 3.0155020586236563 
4.3 -0.4182582285036007 3.013654575924559 
4.3 -0.4182582285036007 3.012945736397286 
4.3 -0.4172974715683193 3.0181603841727407 
4.3 -0.4182582285036007 3.0125698532886505 
3.0 1.4962678183162916 39.019718870559764 
3.0 1.4737942213834114 39.039984480025076 
3.0 104.05358789751381 39.04849473873094 
3.0 1.4737942213834114 39.03998448007494 
3.0 1.4794671649982543 303.0530010810317 
4.8 104.98363231241615 175.91006834058118 
4.8 -0.461511584096968 39.02718606769375 
4.8 -0.517128143951384 2.8618562418611395 
4.8 -0.4021156422900771 2.934678904455707 
4.8 -0.5103463185763375 39.021122553555024 
2.2 105.94076175337896 70.82614033424562 
2.2 106.29092681369649 228.92741348800013 
2.2 106.97200793175854 39.019521500752276 
2.2 106.95720355537327 39.020373067308356 
3.8 1.373097119643207 154.23570134973332 
3.8 104.97514937335396 141.35223249679777 
3.8 2.066272959759205 39.02021945006925 
0.3 0.30337345024832607 209.22251889716455 
0.3 0.4622051796136948 39.022184465436496 
0.3 0.42534915218422786 39.02409795369328 
0.3 0.30337345024832607 209.21961470243127 
0.3 0.42534915218422786 39.02138836774126 
0.3 0.443203878696935 39.016913475279495 
0.3 0.4622051796136948 39.01411248864068 
0.3 0.4622051796136948 39.022218679642286 
0.3 0.30337345024832607 209.21961961713154 
0.3 0.42534915218422786 39.02275938286242 
0.3 0.443203878696935 39.02045972333867 
0.3 0.30337345024832607 209.21961925347668 
0.3 0.42534915218422786 39.02332309240683 
0.3 0.42534915218422786 39.02159274015028 
0.3 0.443203878696935 39.107947666135075 
0.3 0.443203878696935 39.01692884446771 
0.3 0.42534915218422786 39.021368616631996 
0.3 0.42534915218422786 39.027314761837914 
0.3 0.443203878696935 39.0212885834527 
0.3 0.443203878696935 39.01686067883649 
0.3 0.4622051796136948 39.02167655340337 
0.3 0.443203878696935 39.021795384878146 
0.3 0.42534915218422786 39.015334389636195 
0.3 0.42534915218422786 39.021393736909545 
0.3 0.42534915218422786 39.013896766949834 
0.3 0.42534915218422786 39.013842885342356 
0.3 0.42534915218422786 39.01608818088998 
0.3 0.42534915218422786 39.02281175741475 
0.3 0.4622051796136948 39.013440125185475 
0.3 0.42534915218422786 39.023774077245136 
0.3 0.4622051796136948 39.01356273151062 
0.3 0.4622051796136948 39.01383692988996 
0.3 0.4622051796136948 39.01341687104143 
0.3 0.42534915218422786 39.01743649388563 
0.3 0.42534915218422786 39.013358539549024 
0.3 0.443203878696935 39.08451439882037 
0.3 0.42534915218422786 39.01460007587118 
0.3 0.4622051796136948 39.0203034971421 
0.3 0.42534915218422786 39.40480634176742 
0.3 0.42534915218422786 39.02048004297689 
0.3 0.4622051796136948 39.36959983990766 
0.3 0.42534915218422786 39.01429747516187 
0.3 0.42534915218422786 39.018259913871674 
0.3 0.42534915218422786 39.01343412930032 
0.3 0.42534915218422786 39.01331702795581 
0.3 0.4622051796136948 39.02074478242952 
0.3 0.42534915218422786 39.01331581267125 
3.4 103.20048167061356 268.3282138273288 
3.4 103.17322474648454 39.04211507059041 
3.4 103.20048167061356 40.243737152603096 
3.4 103.2882703826956 39.49294801870272 
3.4 103.64693757157808 39.025375514671104 
3.4 1.9436113044196528 39.16684418989125 
1.0 0.18519534176311425 50.86202517821835 
1.0 0.3812169239198042 39.38095533616979 
1.0 -0.11001009444759524 9.540291234009047 
1.0 -0.11001009444759524 39.025693472962146 
1.0 0.3812169239198042 39.31009680011199 
1.0 -0.11001009444759524 39.02112553339185 
1.0 -0.11001009444759524 9.539802384475676 
1.0 -0.11001009444759524 39.02514715314247 
1.0 -0.11001009444759524 9.539950109208277 
1.0 -0.11001009444759524 39.70219394445533 
1.0 -0.11001009444759524 9.542103019313336 
1.0 -0.11001009444759524 39.0254217407306 
1.0 -0.11001009444759524 39.02515150925771 
1.0 -0.11001009444759524 9.545925270391843 
1.0 -0.11001009444759524 9.538627906109284 
1.0 -0.11001009444759524 9.538627908331833 
1.0 -0.11001009444759524 9.543658969574588 
4.0 104.97514937335396 153.62296259899753 
4.0 102.53196913119667 39.02773164113425 
4.0 -0.20269183794541767 9.52772412579675 
4.0 -0.20269183794541767 9.527456521271322 
4.0 104.97514937335396 39.021366369324404 
4.0 -0.20269183794541767 9.527414137902648 
4.0 -0.45034946630073935 39.02184657708953 
4.0 -0.20269183794541767 9.5272117618395 
4.0 -0.20269183794541767 9.527285060535888 
4.0 104.97514937335394 39.02542743840893 
4.0 104.97514937335394 39.020627734398076 
4.0 104.97514937335396 39.021027150926436 
4.0 -0.20269183794541767 9.527026369875367 
4.0 103.21053509457245 39.02188609411048 
0.9 104.55262016404035 229.07800443978005 
0.9 104.55957689509333 39.039076704566554 
0.9 104.29948018262117 39.01904025783997 
0.9 104.55957689509333 39.03996323422041 
0.9 104.57549670360801 39.01630216325803 
0.9 104.57549670360801 39.01838484119266 
0.9 103.29982370501685 9.545658146676118 
0.9 104.57549670360801 39.02875687626086 
0.9 103.29982370501685 39.02609267253441 
0.9 103.29982370501685 39.02622499153135 
0.9 103.29982370501685 39.06602923378116 
0.9 104.57549670360801 9.545404514020102 
0.9 103.29982370501685 3.0234335091270785 
0.9 104.55262016404035 3.0408423874546107 
0.9 104.55262016404035 39.025462493847954 
0.9 104.57549670360801 39.02506542802082 
0.9 104.57549670360801 39.02642494036856 
3.1 103.14039146349062 8.94457135245118 
3.1 103.11512611290034 303.56956526234626 
3.1 103.14039146349062 19.50811509029219 
3.1 103.14039146349062 314.2465129274794 
3.1 103.14039146349062 3.500764186425134 
3.1 103.14039146349062 8.76728803671419 
3.1 103.14039146349062 3.5007641085156584 
3.1 103.14039146349062 39.02767471413983 
3.1 103.14039146349062 39.02599361288274 
3.1 103.14039146349062 3.500782680517168 
3.1 1.0194184760010265 9.626753033449816 
3.1 103.14039146349062 39.065340494597834 
3.1 103.14039146349062 3.0272120576021897 
3.1 103.14039146349062 3.02123856446775 
3.1 103.14039146349062 39.026050630563034 
3.1 103.14039146349062 3.025914237680112 
3.1 103.11736967285901 3.021915330747599 
3.1 103.11736967285901 9.54816186305673 
3.1 103.1670380350447 39.03450647791102 
3.1 103.11736967285901 9.54243352476615 
3.1 103.14039146349062 3.0212597882756653 
3.1 103.14039146349062 39.02183127420894 
3.1 103.14039146349062 3.037314446855579 
3.1 103.14039146349062 2.971559723801514 
3.1 103.11736967285901 39.02577591038764 
3.1 103.11736967285901 3.0337793043852366 
3.1 103.14039146349062 3.0250255112122644 
3.6 -0.31301971952433627 9.545846938439384 
3.6 -0.31301971952433627 39.026481109863724 
3.6 -0.31301971952433627 39.027534379499954 
3.6 -0.31301971952433627 9.547326570374041 
3.6 -0.31301971952433627 39.025911583469906 
3.6 -0.31301971952433627 9.546616462834773 
3.6 -0.31301971952433627 39.0261919192082 
3.6 104.97514937335394 39.02425371951701 
3.6 104.97514937335394 39.02205472297591 
3.6 -0.31301971952433627 39.02143724846165 
3.6 -0.31301971952433627 9.539782700445922 
3.6 -0.30971535779099324 3.0267920725526314 
3.6 -0.3146782802161048 39.02063560755988 
3.6 -0.31301971952433627 39.02459558248327 
3.6 -0.3146782802161048 39.02345628845269 
3.6 -0.31301971952433627 9.539782698224005 
3.9 103.16494045235144 141.35149901222192 
3.9 104.97514937335396 39.02085020597486 
3.9 104.97514937335394 39.02022844641275 
3.9 103.21548527124473 39.02165172500283 
3.9 104.97514937335394 39.02056920838885 
4.7 106.17270620867288 3.0212222246044287 
4.7 -0.4450554281316619 39.02462793337603 
4.7 -0.4660297886665151 3.0174146304553595 
4.7 -0.5171884800743858 39.173479785717284 
4.7 -0.5354548841547431 39.025991590660304 
4.7 104.97514937335396 3.015181010116682 
4.7 -0.4662570280620918 39.02555031298611 
4.7 -0.44532080610598535 39.02500046799753 
4.7 -0.558008412400905 39.026815766840336 
4.7 -0.4660297886665151 3.0221402162804076 
4.7 104.97514937335396 3.0187248405236344 
4.7 -0.5485777144729455 39.02633644370707 
4.7 -0.44532080610598535 39.025259136572636 
4.7 -0.4456200932601839 39.02846756740651 
4.7 -0.4660297886665151 3.0266850914693233 
4.7 106.17270620867286 3.02754745454687 
4.7 -0.44550690125947434 39.024787923371804 
4.7 -0.4660297886665151 3.014416203234343 
4.7 -0.44532080610598535 39.02526453839302 
1.3 105.89317397400606 189.78728957092804 
1.3 105.89317397400606 189.78085547268134 
1.3 104.87406477016143 39.03409182598711 
1.3 104.87406477016143 39.085188842365554 
1.3 103.29299660058635 39.0328584669555 
1.3 104.08231467941972 39.01376836472837 
1.3 104.08142065581806 39.01319704056926 
1.6 198.5630544061545 33.067942862971684 
1.6 198.5630544061545 18.636497440282234 
1.6 198.5630544061545 42.87570748422807 
1.6 198.5630544061545 39.02676103130513 
1.6 198.5630544061545 71.69550327423397 
1.6 198.5630544061545 39.021775815553084 
1.6 198.5630544061545 39.07569418118089 
1.6 198.5630544061545 33.05255251786188 
1.6 198.5630544061545 39.028171576878925 
1.6 198.5630544061545 5.431335061777514 
1.6 198.5630544061545 5.47898895142406 
1.6 198.5630544061545 39.15419706238082 
2.4 103.80215005151143 11.132298203761096 
2.4 106.13629038349168 11.102381400565944 
2.4 103.80215005151143 9.658254489109003 
2.4 106.80939997790074 39.43137661610274 
2.4 103.80215005151143 9.75042861437579 
2.4 104.97514937335396 39.340799728564114 
2.4 103.80215005151143 39.028595314543715 
2.4 103.80215005151143 39.0385244516987 
2.4 103.80215005151143 9.641245721892702 
2.4 106.08238944443026 3.4972057221892223 
2.4 103.80215005151143 39.18044967329948 
2.4 106.08238944443026 39.01833252773808 
2.4 103.80215005151143 39.02884777374434 
2.4 103.80215005151143 39.03745158738439 
2.4 103.80215005151143 39.03233817345676 
2.4 106.76839505867207 39.026576363947036 
2.4 106.08238944443026 3.477713857429095 
2.4 106.80939997790074 39.0251860198298 
2.4 106.76839505867207 3.498294531388736 
2.4 106.76839505867207 39.02357565591942 
2.4 105.89026499061919 39.02375470460421 
2.4 103.80215005151143 39.02807041058366 
2.4 106.76839505867207 39.18554496986184 
2.4 106.76839505867207 39.13747900161955 
0.1 198.5630544061545 116.54225648874274 
0.1 198.5630544061545 39.03446680475863 
0.1 198.5630544061545 297.6526598895022 
0.1 198.5630544061545 39.02738697722478 
0.1 198.5630544061545 39.02830280055507 
0.1 198.5630544061545 3.0192894752678123 
0.1 198.5630544061545 39.023379699898854 
0.1 198.5630544061545 39.04185071354235 
0.1 198.5630544061545 39.027765673017875 
0.1 198.5630544061545 39.03168690403684 
0.1 198.5630544061545 209.2205246249216 
0.1 198.5630544061545 39.026248057722896 
0.1 198.5630544061545 39.45897474295126 
0.1 198.5630544061545 39.02335528657161 
0.1 198.5630544061545 39.023079670522065 
0.1 198.5630544061545 39.02540414345537 
0.1 198.5630544061545 39.03289140363427 
0.1 198.5630544061545 39.02051980026769 
0.1 198.5630544061545 39.02506691609058 
0.1 198.5630544061545 3.0258028136769335 
0.1 198.5630544061545 3.0243222419743017 
0.1 198.5630544061545 39.02739216285547 
0.1 198.5630544061545 39.02827964333644 
0.1 198.5630544061545 3.017514530600773 
0.1 198.5630544061545 3.022564661542069 
0.1 198.5630544061545 39.02487194106599 
0.1 198.5630544061545 39.0254525083538 
0.1 198.5630544061545 39.02127254521637 
0.1 198.5630544061545 39.02069768022772 
0.1 198.5630544061545 9.525605628301427 
0.1 198.5630544061545 39.0213541009648 
0.1 198.5630544061545 39.02271180516623 
0.1 198.5630544061545 39.014167698189176 
0.1 198.5630544061545 39.11504168336754 
0.1 198.5630544061545 39.02285361819172 
0.1 198.5630544061545 39.024906174407434 
0.1 198.5630544061545 39.02524579278665 
0.1 198.5630544061545 3.030532727020833 
0.1 198.5630544061545 39.020999817118714 
0.1 198.5630544061545 39.02059627717464 
0.1 198.5630544061545 39.02102015173979 
0.1 198.5630544061545 39.021943705068644 
0.1 198.5630544061545 39.051458747027034 
0.1 198.5630544061545 9.551524334189887 
0.1 198.5630544061545 2.8643824815019614 
0.1 198.5630544061545 3.021017270274201 
0.1 198.5630544061545 39.02101787931152 
0.1 198.5630544061545 39.020295129792515 
0.1 198.5630544061545 2.864309183839276 
0.1 198.5630544061545 2.996843337502716 
3.5 103.14569436583417 39.02622081317532 
3.5 -0.11311722656858225 39.02607588321451 
3.5 -0.11311722656858225 39.01326212962775 
3.5 103.77513132612596 39.02008642969816 
3.5 -0.11311722656858225 39.01330269017436 
3.5 -0.11311722656858225 39.01326512870762 
3.5 -0.11311722656858225 39.01958190452677 
3.5 -0.11311722656858225 3.0231390421786695 
2.8 1.065783179329475 316.0943038631359 
2.1 198.5630544061545 39.28721845292079 
2.1 198.5630544061545 14.252220668369706 
2.1 198.5630544061545 18.820405355305876 
2.1 198.5630544061545 39.022100547143246 
2.1 198.5630544061545 42.21133896332719 
2.1 198.5630544061545 18.96563763102087 
2.1 198.5630544061545 39.02209871418606 
2.1 198.5630544061545 8.962911790344245 
2.1 198.5630544061545 40.57607310065386 
2.1 198.5630544061545 42.2025671838167 
2.1 198.5630544061545 40.6150069044642 
2.1 198.5630544061545 8.941188366548424 
2.1 198.5630544061545 18.785908623904543 
2.1 198.5630544061545 8.770221096382187 
2.1 198.5630544061545 39.067211517163535 
2.1 198.5630544061545 9.62366835058093 
0.8 0.024358284102617977 313.787639738595 
0.8 0.024358284102617977 39.04960399239072 
0.8 0.024358284102617977 39.0399516870735 
0.8 0.024358284102617977 39.302408939845975 
0.8 0.024358284102617977 39.022756317680894 
0.8 0.024358284102617977 39.0399999161524 
0.8 0.024358284102617977 39.02389475562087 
0.8 0.024358284102617977 39.02102847094862 
0.8 0.024358284102617977 39.021033107539644 
0.8 0.024358284102617977 39.02088303349227 
0.8 0.024358284102617977 39.01878103576532 
0.8 0.024358284102617977 39.01816056518674 
0.8 0.021598281777547745 39.020871318552956 
0.8 0.024358284102617977 39.01878103100678 
0.8 0.024358284102617977 39.0181833781371 
0.8 0.024358284102617977 39.01879341053476 
0.8 0.021598281777547745 39.02091382079414 
0.8 0.024358284102617977 39.01401333805297 
0.8 0.021598281777547745 39.02088539130351 
0.8 0.024358284102617977 39.044164375306515 
0.8 0.024358284102617977 39.02121008664782 
0.8 0.024358284102617977 39.02094838368866 
0.8 0.024358284102617977 39.016340469639694 
0.8 0.021598281777547745 39.0207765033715 
0.8 0.024358284102617977 39.02065762362886 
0.8 0.021598281777547745 39.55135914577904 
0.8 0.024358284102617977 39.02482739816281 
0.8 0.021598281777547745 39.02139806652547 
0.8 0.024358284102617977 39.01658946709651 
0.8 0.021598281777547745 39.02075469368088 
0.8 0.024358284102617977 39.01396061298189 
0.8 0.024358284102617977 39.01411246432395 
0.8 0.024358284102617977 39.02645290741929 
0.8 0.024358284102617977 39.02174110443523 
0.8 0.024358284102617977 39.01374611245196 
0.8 0.024358284102617977 39.01411948230266 
0.8 0.021598281777547745 39.10210630202473 
0.8 0.024358284102617977 39.013745102795305 
0.8 0.024358284102617977 39.01360029681048 
0.8 0.024358284102617977 39.01390449858192 
0.8 0.024358284102617977 3.0225048439407414 
0.8 0.024358284102617977 3.0267016464041414 
0.8 0.024358284102617977 3.0225047333359263 
0.8 0.021598281777547745 39.020717808042704 
0.8 0.021598281777547745 3.021914348039659 
0.8 0.024358284102617977 39.013215125044454 
0.8 0.024358284102617977 39.023625519892164 
0.8 0.021598281777547745 39.020710555980514 
4.4 104.97514937335396 123.04719414846406 
4.4 104.97514937335396 123.0472110753291 
4.4 -0.43734953771741647 39.02546793772288 
4.4 -0.46262341512449756 39.02443583163521 
4.4 -0.43728147724907174 3.0223963975757173 
4.4 -0.43728147724907174 3.017500731324234 
4.4 105.89967579936092 2.9312414292135007 
4.4 -0.4379119815755913 3.0129754138179936 
4.4 -0.4973035513551195 39.01782953262544 
4.4 -0.43780144382787434 39.02482755833523 
4.4 -0.42940807043336093 39.14116674906751 
4.4 -0.43728147724907174 3.007338338377144 
4.4 -0.4379119815755913 39.024900976073766 
4.4 -0.4379119815755913 3.016684220398395 
4.4 -0.3875848869138807 39.07737997180421 
4.4 -0.5348615321685168 3.0272204322033223 
4.4 -0.45810711311555397 39.020178794763154 
4.4 -0.4379119815755913 3.012894216658466 
4.4 -0.5114937673407772 3.006933155348734 
4.4 -0.43728147724907174 9.5423130807571 
2.5 102.02710453826872 11.03559305516256 
2.5 106.1734648430868 39.394806954435076 
2.5 0.7529290363106584 39.02892291406472 
2.5 0.6719220724476291 9.620510635494266 
2.5 0.7529290363106584 39.03081991037018 
2.5 0.687593230076815 9.618269219498758 
2.5 104.93795875702864 9.624278112765685 
2.5 0.6719220724476291 9.620500945062675 
2.5 106.12995491564557 9.619875859522809 
2.5 106.18487299496074 39.06826518481603 
2.5 0.687593230076815 9.61829672719611 
2.5 104.93795875702864 39.03034757542027 
2.5 106.37104126849079 39.029772217823414 
2.5 104.33968794375885 9.626977753282187 
2.5 106.18923122845212 39.060902860360855 
2.5 0.687593230076815 9.621558348273508 
2.5 104.28150602423199 9.641234323842482 
2.5 0.687593230076815 9.619254680605042 
2.5 0.687593230076815 39.028771374850734 
2.5 0.7529441102140058 39.02929966839846 
2.5 104.93222253578308 39.02072095768836 
2.5 106.18923122845212 39.02606059102378 
2.5 106.12995491564557 39.027413181346915 
2.5 0.687593230076815 39.03325680260313 
2.5 0.7529441102140058 39.03000319141404 
2.5 0.6719220724476291 39.02944154617734 
2.5 104.48699173884378 9.619944896732868 
2.5 106.18923122845212 39.02580831809383 
2.5 0.687593230076815 9.618584192840185 
2.5 0.687593230076815 9.635777709621276 
4.5 104.9809084855166 226.3186673732996 
4.5 104.98237479818857 41.77360907898996 
4.5 -0.34709381665993777 9.525234531094315 
4.5 -0.39740662973720164 2.9721249433461825 
4.5 -0.39740662973720164 2.969708375036757 
4.5 -0.4250822263626177 39.01363022835128 
4.5 -0.39740662973720164 2.97204932520206 
4.5 -0.39740662973720164 2.997163753906197 
4.5 104.97514937335396 39.02042764634475 
4.9 104.97514937335396 45.21036157287281 
4.9 104.97514937335396 45.21094536861211 
4.9 -0.5408388277126144 2.944537288669803 
4.9 -0.43961363256868713 2.940891829941218 
4.9 -0.5041021800859453 2.8609071256145926 
4.9 -0.50502162018583 2.860142148018299 
4.9 -0.5041021800859453 2.860881541244367 
4.9 -0.5408388277126144 39.01988272301004 
4.9 -0.4827779921136477 39.0139187427049 
4.9 -0.4616668220881167 39.019284125796034 
4.9 -0.5408388277126144 2.9466600384099775 
4.9 -0.50502162018583 2.8601415802051555 
4.9 -0.3542033166366396 39.01344354984739 
4.9 104.97514937335394 2.868811933620294 
4.9 -0.5408388277126144 2.944723066031081 
3.3 105.00629558076528 267.40133870066194 
3.3 1.5005833596134708 39.30283658453216 
3.3 1.5534997833023936 3.0231369743750562 
3.3 1.7731073620740165 39.05556714458965 
3.3 1.7731073620740165 39.03223843068693 
3.3 1.346104256230316 39.02592975452296 
3.3 1.5534997833023936 3.022208206657289 
3.3 1.550225578242022 39.02547960543147 
3.3 -0.21489401276016995 39.02565967797567 
3.3 1.5534997833023936 3.004342917215345 
3.3 1.5534997833023936 3.0166200422725997 
3.3 -0.2147286975309748 39.04440444143896 
3.3 -0.21489401276016995 39.025658562000935 
3.3 -0.2147286975309748 39.02567675364917 
3.3 1.4756193098859662 39.02435803945377 
3.3 -0.2147286975309748 39.02419193552296 
3.3 -0.21489401276016995 39.02656403233539 
3.3 -0.2147286975309748 39.022142630184696 
3.3 -0.2147286975309748 39.022235487576964 
3.3 1.7713608472451208 39.02076249557614 
3.3 -0.2147286975309748 39.02212406381804 
3.3 1.7713608472451208 39.0219783779671 
3.3 -0.2147286975309748 39.045331714867885 
3.3 -0.21489401276016995 39.02522940184414 
3.3 1.5436374930099603 39.02161298959511 
3.3 1.5534997833023936 9.543528554692369 
3.3 -0.2147286975309748 39.05991310780106 
3.3 -0.21489401276016995 39.02605869311902 
3.3 -0.2147286975309748 39.02670502047419 
3.3 -0.2147286975309748 39.023762291168495 
3.3 -0.2147286975309748 39.02176398421648 
3.3 1.346104256230316 3.0171179247687054 
3.3 -0.21489401276016995 39.02132761583013 
3.3 -0.2147286975309748 39.026023297329694 
0.5 0.1651480838521182 39.08619592517265 
0.5 0.1651480838521182 39.04832261847799 
0.5 0.19139319185712522 209.21960737717941 
0.5 0.1651480838521182 116.39783021630097 
0.5 0.1651480838521182 39.04799492747837 
0.5 0.1651480838521182 39.04823393142014 
0.5 0.1651480838521182 39.04780950883743 
0.5 0.1651480838521182 39.03168833579494 
0.5 0.28510297848909216 39.041100973006124 
0.5 0.1651480838521182 39.053618233930244 
0.5 0.1651480838521182 39.028137764134954 
0.5 0.1651480838521182 39.04496759487634 
0.5 0.1651480838521182 39.047469885225716 
0.5 0.14352951055134056 39.020976035422706 
0.5 0.1651480838521182 39.02863137448233 
0.5 0.1651480838521182 39.02804406224479 
0.5 0.1651480838521182 39.02800852663503 
0.5 0.1651480838521182 9.61838310281429 
0.5 0.14352951055134056 39.01472312989454 
0.5 0.14922726809624387 39.025171458392535 
0.5 0.14352951055134056 2.923629365449101 
0.5 0.14352951055134056 39.0179895445231 
0.5 0.14352951055134056 2.9259572541310277 
0.5 0.14352951055134056 2.9272174677929117 
0.5 0.14352951055134056 2.9236924249741847 
0.5 0.14352951055134056 2.8680873229083446 
0.5 0.14352951055134056 2.9228593494468975 
0.5 0.14352951055134056 2.860838900798253 
0.5 0.14352951055134056 39.02068993109588 
0.5 0.14352951055134056 39.020314435203154 
0.5 0.14352951055134056 39.02052791082678 
0.5 0.14352951055134056 2.9314812531295784 
0.5 0.1532493202436982 39.01422304741265 
0.5 0.16440319747911047 39.01382290376061 
3.2 104.05358789751381 86.68613229026943 
3.2 105.16745734792211 86.68610547730465 
3.2 0.3905811396327128 39.02526675128079 
3.2 0.4373257258957066 9.528690235681081 
3.2 0.4373257258957066 39.024803501445504 
3.2 0.34987915204118303 9.546582689249755 
3.2 0.4373257258957066 39.026741245101 
4.2 104.97514937335394 18.16165120562874 
4.2 104.97531779828908 71.7199816960568 
4.2 -0.44637134739566287 39.0716115944496 
4.2 104.97531658027503 39.08859160380524 
4.2 -0.5806024997078157 9.545658146676118 
4.2 -0.38048334361958824 39.07349462904706 
4.2 -0.4064915174361703 9.549828235101566 
4.2 -0.33588661120893626 9.527486382568922 
4.2 -0.3581139944103582 39.02666457619762 
4.2 -0.5806024997078157 9.54568661364819 
4.2 -0.41709736545717124 39.02177181825535 
4.2 106.17270620867288 39.026140569677224 
4.2 -0.35758228193148667 9.563310979595759 
4.2 -0.5806024997078157 9.545683438456027 
4.2 -0.41709736545717124 39.02106333363594 
4.2 -0.5288984942954065 39.02075932304784 
4.2 -0.33588661120893626 9.546736688029243 
4.2 -0.5069002744634067 9.526432963215711 
4.2 -0.5806024997078157 9.54599108509296 
4.2 -0.41709736545717124 39.02097949709273 
4.2 -0.5806024997078157 9.54702727609791 
4.2 -0.5069002744634067 39.02047088459367 
4.2 -0.5069002744634067 9.532075034843826 
4.2 -0.5614610999915735 39.02786491479519 
4.2 -0.3581139944103582 39.026141629274285 
4.2 -0.29432045530899975 39.02273125928878 
4.2 -0.29432045530899975 39.02283166677297 
4.2 -0.2959141549982214 39.015317909654456 
4.2 -0.5069002744634067 39.0215148730479 
4.2 -0.5069002744634067 39.02131716241251 
4.2 -0.5069002744634067 9.527557301997978 
4.2 -0.41709736545717124 39.02532378527258 
4.2 -0.5069002744634067 39.02132957505842 
4.2 -0.5069002744634067 9.52264413439161 
4.2 -0.5069002744634067 39.02151281416386 
4.2 -0.5806024997078157 9.545864163629183 
4.2 -0.41709736545717124 39.02601298499411 
4.2 -0.3581139944103582 39.02623008148911 
4.2 -0.4091341111996163 39.02080527759828 
4.2 -0.31145573997836684 9.551578948254486 
4.2 -0.5069002744634067 39.020804278657465 
4.2 -0.4083134180657315 39.0138633819461 
4.2 -0.5806024997078157 9.545678858410017 
4.2 -0.2926999006881741 39.02563339653411 
4.2 -0.4468653644572571 39.95311133927276 
4.2 -0.5806024997078157 9.5456579910292 
4.2 -0.5069381350786717 39.013652213853305 
4.2 -0.5806024997078157 9.545652243198294 
4.2 -0.5069002744634067 39.0202509255904 
4.2 -0.4590459211281822 39.01343354392105 
4.2 -0.44573542297929725 9.538823723062977 
4.2 -0.3581139944103582 39.02702030076025 
4.2 -0.5821174841353972 9.547099477302819 
4.2 -0.5069002744634067 9.52658332882137 
4.2 -0.36887638033850334 39.02497552312236 
4.2 -0.33655271241133966 39.196523036471405 
4.2 -0.5069002744634067 9.529370260999427 
4.2 -0.5821174841353972 9.546716133896098 
4.2 -0.5069002744634067 9.521639149380949 
4.2 -0.33655271241133966 39.01900082163589 
4.2 -0.35969093254789963 39.02606307279875 
4.2 -0.4170966547596271 39.021492525183085 
1.2 103.80499332182792 244.19545139591273 
1.2 103.80499332182792 244.03243798067032 
1.2 104.9325069091673 39.020938671838984 
1.2 104.9325069091673 9.543552286887778 
2.7 103.16802111447016 39.021560416520835 
4.1 105.0011659604572 250.10098595054026 
4.1 104.97514937335396 18.16162873670607 
4.1 -0.659475218468211 39.022811757630734 
4.1 106.17270620867288 3.034445822517914 
4.1 104.84198658354153 39.026534269558525 
4.1 -0.659475218468211 39.02343693638604 
4.1 104.84198658354153 39.02509027637049 
4.1 104.97514937335396 39.021625593290295 
4.1 -0.659475218468211 39.02096135334138 
4.1 -0.659475218468211 39.02092538343236 
4.1 -0.41600082028374175 9.542368573502204 
4.1 -0.659475218468211 39.02049428595702 
4.1 -0.659475218468211 39.02048875824337 
4.1 -0.659475218468211 39.02090954684763 
4.1 -0.4482448881300919 39.02157600944105 
4.1 106.17270620867288 39.02183095588881 
4.1 104.84198658354153 39.024498694752744 
4.1 104.97514937335396 39.02035097065849 
4.1 -0.4995116228967482 39.28055525018378 
4.1 -0.5070511244712209 39.02580043105619 
4.1 -0.659475218468211 39.02047553573875 
4.1 -0.659475218468211 39.020421018822546 
4.1 104.97514937335396 39.02143258267912 
4.1 106.17270620867288 9.5449092281972 
4.1 -0.43548005812662227 39.01364516676922 
4.1 -0.3909854727900208 9.517212746110694 
4.1 -0.659475218468211 39.02049305151464 
4.1 -0.659475218468211 2.886338253042219 
4.1 -0.4824847301540022 39.0238857859768 
4.1 106.17270620867288 9.541846390339026 
4.1 104.97514937335396 39.02178365408788 
4.1 -0.659475218468211 39.020201677366536 
1.8 198.5630544061545 152.64888502880558 
1.8 198.5630544061545 18.971325244812476 
1.8 198.5630544061545 42.75710981621385 
1.8 198.5630544061545 7.46477192003973 
1.8 198.5630544061545 18.97158167990192 
0.4 0.6265329154830246 57.46235610630232 
0.4 0.6347184867808866 359.4454784949456 
0.4 0.5719377883010903 327.81354253141575 
0.4 0.5719377883010903 57.24259754968938 
0.4 0.5024816189161889 40.705650877785736 
0.4 0.6265329154830246 39.018911120634385 
0.4 0.5719377883010903 39.02162937918109 
0.4 0.5024816189161889 298.0238042170727 
0.4 0.5719377883010903 39.01511955601921 
0.4 0.5719377883010903 39.027970554285595 
0.4 0.6265329154830246 39.02379520879767 
0.4 0.5719377883010903 39.02151413975655 
0.4 0.5780078836027029 2.9274400259569773 
0.4 0.5780078836027029 2.9272004247897025 
0.4 0.5719377883010903 2.927184927873731 
0.4 0.5719377883010903 39.0250935172722 
0.4 0.5719377883010903 2.8656112376518763 
0.4 0.5719377883010903 39.01353553948574 
0.4 0.5780078836027029 2.8660367827276936 
0.4 0.5719377883010903 2.8713641567526107 
0.4 0.5719377883010903 39.0253445855249 
0.4 0.5719377883010903 2.9317866632277063 
0.4 0.5780078836027029 39.15792783644444 
0.4 0.5719377883010903 2.862681666232251 
0.4 0.5719377883010903 39.02453079032587 
0.4 0.5780078836027029 2.942090391792599 
0.4 0.5719377883010903 2.865507491043858 
0.4 0.5780078836027029 39.21932239477894 
0.4 0.5719377883010903 3.0162215058348374 
0.4 0.5719377883010903 2.866078292512842 
0.4 0.5719377883010903 2.862917604952277 
0.4 0.5719377883010903 2.865448108238091 
5.0 106.17270620867288 2.8681836985342115 
3.7 -0.46430397657797384 39.025519916438306 
3.7 -0.4723274513153838 39.02609249540837 
3.7 -0.46285974913304206 39.020228412251186 
3.7 -0.46285974913304206 39.02022855847797 
3.7 -0.46285974913304206 39.02055440234768 
3.7 -0.4653289161769042 39.02561758600318 
3.7 -0.4723274513153838 39.02621431939815 
3.7 -0.46430397657797384 39.02540554978108 
3.7 -0.46285974913304206 39.15893230354943 
3.7 -0.4653289161769042 39.02560077002842 
3.7 -0.4723274513153838 39.111295594222256 
3.7 -0.46430397657797384 39.02559958643325 
3.7 -0.47118311350452846 39.02605581136002 
3.7 -0.4653289161769042 9.545846938439384 
3.7 -0.4723274513153838 39.01930672891859 
3.7 -0.4723274513153838 39.02615484295646 
3.7 -0.46285974913304206 39.02018792667744 
3.7 -0.46285974913304206 39.0196625382747 
3.7 -0.47247240734826146 39.11083655926425 
3.7 -0.47247240734826146 39.11100133221174 
3.7 -0.4723274513153838 39.01821664081715 
3.7 1.4765670786743996 39.02602609553409 
3.7 -0.4653289161769042 39.02610502725802 
3.7 -0.47247240734826146 39.115673496989395 
3.7 -0.4653289161769042 39.11067169284546 
3.7 -0.4653289161769042 9.544488652579687 
3.7 -0.47247240734826146 39.11082595183767 
3.7 -0.47118311350452846 39.11106105632584 
3.7 -0.4723274513153838 39.026071606736636 
3.7 -0.4653289161769042 9.540007579151272 
3.7 -0.47247240734826146 39.06413007325218 
3.7 -0.47247240734826146 39.11080655399817 
2.0 198.5630544061545 325.7456012171574 
2.0 198.5630544061545 105.29271373238076 
2.0 198.5630544061545 39.03118601252944 
2.0 198.5630544061545 39.0264717011617 
2.0 198.5630544061545 40.57595645347009 
2.0 198.5630544061545 39.02893782583632 
4.6 104.97514937335396 203.76861925174308 
4.6 104.1475264063541 251.49770161036085 
4.6 -0.3504668943032345 39.03900454166556 
4.6 104.97514937335396 40.15330653852303 
4.6 104.1475264063541 251.49772190250465 
4.6 104.16340148999048 39.045754160162936 
4.6 -0.3504668943032345 39.02914197056188 
4.6 104.61150268090648 39.966582246550885 
4.6 -0.3504668943032345 39.04887061334092 
4.6 -0.3504668943032345 39.04022564630656 
4.6 -0.46462796653847527 39.02737135478414 
4.6 -0.46462796653847527 39.02334592802064 
4.6 -0.4358519380238377 9.542929597814373 
4.6 -0.4358519380238377 9.542929298547696 
4.6 -0.48416033950924664 3.037980299551942 
4.6 -0.3638521426605581 39.03444259867251 
4.6 -0.39769768901948654 3.0206043296766736 
4.6 104.6103988039706 2.9660671042499476 
4.6 -0.39769768901948654 39.455245297736674 
4.6 -0.40224921202573194 39.025185755421425 
4.6 -0.48416033950924664 3.051781947017718 
4.6 0.0962258140824539 2.941228996263275 
4.6 -0.6726650367581176 3.0333804102838826 
4.6 -0.5763094270108078 39.025863105612586 
4.6 -0.6494502560365172 39.52023449293029 
4.6 -0.48416033950924664 3.038654482763389 
4.6 -0.48416033950924664 3.039218048499748 
4.6 -0.6726650367581176 3.033378537282746 
4.6 -0.6726650367581176 3.036203807587582 
4.6 0.0962258140824539 2.9414657302319775 
4.6 103.50827620635386 2.932461552604636 
4.6 -0.6725925515835569 3.026143472549565 
4.6 -0.4358487891071736 2.9442298122671393 
4.6 -0.39451218792741694 39.153207893989936 
4.6 -0.5763087793664934 39.01858240928809 
4.6 -0.37146533501647294 39.01899060688639 
4.6 106.17270620867288 39.02724325300582 
4.6 -0.5941908075346438 9.510918615627023 
4.6 -0.17765732803418555 2.870916518701535 
4.6 0.0962258140824539 2.9412290004411523 
4.6 -0.33293439935406655 3.0191699423363105 
4.6 106.17270620867288 2.937582767723576 
4.6 -0.6725925515835569 3.021773545014204 
4.6 -0.6725925515835569 3.031073650479085 
4.6 -0.43913653839044176 2.8645615320555793 
0.2 198.5630544061545 40.37160037546396 
0.2 198.5630544061545 39.02209777202522 
0.2 198.5630544061545 40.37139672575357 
0.2 198.5630544061545 39.01881208859684 
0.2 198.5630544061545 39.013792762428004 
0.2 198.5630544061545 39.02765387218478 
0.2 198.5630544061545 39.032475621818584 
0.2 198.5630544061545 39.03734510183687 
0.2 198.5630544061545 39.02884743675793 
0.2 198.5630544061545 39.0150212498199 
0.2 198.5630544061545 39.018984018680044 
0.2 198.5630544061545 39.01451527267164 
0.2 198.5630544061545 39.021657397934604 
0.2 198.5630544061545 39.018908458981905 
0.2 198.5630544061545 39.017217983457854 
0.2 198.5630544061545 39.016913475279495 
0.2 198.5630544061545 39.012813282409404 
0.2 198.5630544061545 209.2196487696968 
0.2 198.5630544061545 2.9270176920798923 
0.2 198.5630544061545 39.02639097267036 
0.2 198.5630544061545 39.02114374124805 
0.2 198.5630544061545 2.927047117783315 
0.2 198.5630544061545 39.02891148859621 
0.2 198.5630544061545 39.021526494342815 
0.2 198.5630544061545 39.020440000736464 
0.2 198.5630544061545 39.52660110432539 
0.2 198.5630544061545 2.9321531718973137 
0.2 198.5630544061545 39.019687791785664 
0.2 198.5630544061545 2.9273007125483708 
0.2 198.5630544061545 39.01898038297462 
0.2 198.5630544061545 3.0168320871624386 
0.2 198.5630544061545 39.017227844056634 
0.2 198.5630544061545 39.018414903938066 
0.2 198.5630544061545 2.929420903700101 
0.2 198.5630544061545 39.01877761029258 
0.2 198.5630544061545 2.9273033901663057 
0.2 198.5630544061545 2.92795106884312 
0.2 198.5630544061545 2.9257126457637486 
0.2 198.5630544061545 39.025369103639605 
0.2 198.5630544061545 39.01400189513616 
0.2 198.5630544061545 2.9304355780178866 
0.2 198.5630544061545 39.02664652888424 
0.2 198.5630544061545 39.0145344934888 
0.2 198.5630544061545 39.02644236277083 
0.2 198.5630544061545 39.01836892289168 
0.2 198.5630544061545 2.9256405046971157 
0.2 198.5630544061545 39.025136126514724 
0.2 198.5630544061545 2.86398664985749 
0.2 198.5630544061545 3.009538470358513 
0.2 198.5630544061545 39.020543253789484 
0.2 198.5630544061545 39.014272507908586 
0.2 198.5630544061545 3.0217577454782996 
0.2 198.5630544061545 39.068451665459584 
0.2 198.5630544061545 39.020690752406594 
0.2 198.5630544061545 2.8639951991322676 
0.2 198.5630544061545 2.877880850002023 
0.2 198.5630544061545 2.8653396947975636 
0.2 198.5630544061545 2.864148366499465 
0.2 198.5630544061545 2.867130934073595 
0.2 198.5630544061545 2.871627772358535 
0.2 198.5630544061545 39.01919876117691 
2.9 105.05222468801239 39.023120434152325 
1.9 198.5630544061545 18.965632654307207 
0.0 0.209072112010114 39.02803423776884 
0.0 0.22957725789786587 39.02251138763087 
0.0 0.209072112010114 39.02803420511278 
0.0 0.2084661499248719 39.02130459140839 
0.0 0.209072112010114 39.026237164747805 
0.0 0.22957725789786587 39.02294267471892 
0.0 0.22957725789786587 39.68374721048472 
0.0 0.2084661499248719 39.042169086086226 
0.0 0.209072112010114 39.046464326225006 
0.0 0.2084661499248719 39.02069768022772 
0.0 0.22957725789786587 39.02312957019325 
0.0 0.2084661499248719 39.02313011557414 
0.0 0.2084661499248719 39.02071007824231 
0.0 0.22957725789786587 39.02126065957067 
0.0 0.22957725789786587 39.02640095278906 
0.0 0.2084661499248719 39.02064397287674 
0.0 0.2084661499248719 39.024371857523704 
0.0 0.2084661499248719 39.04691797320543 
0.0 0.2084661499248719 39.024468774445374 
0.0 0.22957725789786587 39.4394174433058 
0.0 0.2084661499248719 39.02119911128976 
0.0 0.22957725789786587 39.03111943728187 
0.0 0.22957725789786587 39.01975917377149 
0.0 0.2084661499248719 39.101798018821256 
0.0 0.22957725789786587 39.01396691464955 
0.0 0.22957725789786587 39.019569956970905 
0.0 0.2084661499248719 39.020261434657236 
0.0 0.22957725789786587 39.511321654779366 
0.0 0.2084661499248719 39.02037039916141 
0.0 0.2084661499248719 39.020697685338405 
0.0 0.2084661499248719 39.020643967766055 
0.0 0.22957725789786587 39.01396951759257 
0.0 0.22957725789786587 39.01424057150086 
0.0 0.2084661499248719 39.02031499806576 
0.0 0.22957725789786587 39.01398407266602 
0.0 0.22957725789786587 39.01446713935025 
0.0 0.2084661499248719 39.020262636478485 
0.0 0.22957725789786587 39.01409990206191 
0.0 0.22957725789786587 39.58186416659616 
0.0 0.22957725789786587 39.06181228665443 
0.0 0.2084661499248719 39.02024322503769 
1.4 198.5630544061545 39.07160829456187 
1.1 104.19479622089776 282.6996515795073 
1.1 106.07355993006274 359.0296040106966 
1.1 104.19479622089776 328.2348350336444 
1.1 105.55001370327832 211.51778127129788 
1.1 104.19479622089776 359.2588752291957 
1.1 105.55001370327922 359.0295261190585 
1.1 104.19479622089776 282.619765047203 
1.1 106.07355993006274 359.0269876130963 
1.1 104.18348444420684 244.19497005350422 
1.1 106.28621267801074 313.7876275544049 
