0.7 [[15.511368331450994], [2.5, 193.7472711578237, 2.5], [2.6606043832766426, 38.85642078616604], [0.5675763048419514, 33.817127552601306]] 
0.7 [[22.2496031729454], [2.5, 196.56395450995655, 106.67735930937516], [1.0732695178749345, 103.38933252011472], [1.4558875738476031, 34.64384994055685]] 
0.7 [[9.156715268617074], [2.5, 199.95031584319906, 2.5], [0.7654896971704246, 32.53055990148422], [3.9887587815159735, 18.56357908594037]] 
0.7 [[6.516362448933135], [2.5, 68.64855923761523, 106.67735930937516], [2.1322843205509003, 124.03857447863926], [0.4066886020684679, 9.721723771354563]] 
4.8 [[10.22672092521452], [2.5, 75.18121550742163, 106.67735930937516], [110.01551460319492, 2.230840150142896], [1.6574483445105377, 11.20426948292886]] 
0.3 [[11.333521385845696], [2.5, 48.45917494877118, 2.5], [2.7014938641979507, 62.715632726415755], [0.8964364933670146, 11.17136237511376]] 
1.0 [[11.056550744653695], [2.5, 194.42131073863357, 123.59461707812125], [2.1214171104026276, 123.83589604357675], [0.2159995743026778, 33.86292542352326]] 
3.6 [[2.682906397910526], [2.5, 197.4404310330711, 106.67735930937516], [7.211072236039271, 133.35489963320413], [1.6607947160710974, 37.77473730025754]] 
3.6 [[4.815316751127108], [2.5, 199.29097540157392, 2.5], [0.4738754077209709, 99.21577024729424], [6.632016010994206, 10.339016040079347]] 
3.6 [[11.054140576791106], [2.5, 200.0, 123.59461707812125], [2.1211100057723202, 98.63383550902812], [4.200514805273176, 33.56399935612053]] 
0.1 [[6.41166278077521], [2.5, 85.68033807295365, 106.67735930937516], [0.9020368136355679, 91.16160836958115], [1.13543977593542, 11.544562767057988]] 
3.5 [[12.372639617789329], [2.5, 199.04587166047423, 106.67735930937516], [0.14235327198896297, 161.87408200974386], [4.249931420964053, 34.21503712707733]] 
0.8 [[6.591336418048614], [2.5, 197.3055592875869, 106.67735930937516], [0.42071554160416724, 170.04714657706216], [1.453709690010891, 35.16221291407561]] 
4.9 [[11.062350409787093], [2.5, 69.97348626555302, 106.67735930937516], [0.7602305139810532, 57.434389080334526], [1.6574483445105377, 11.20426948292886]] 
3.3 [[9.839715803748522], [2.5, 199.644566819989, 2.5], [152.29680794260167, 39.632459431356835], [1.1155402954644726, 18.213886937078478]] 
0.5 [[11.062350409787093], [2.5, 69.97348626555302, 106.67735930937516], [1.3051411079025996, 69.5142291566114], [1.453710138380291, 11.20426948292886]] 
4.1 [[21.653526461801277], [2.5, 74.60515124828007, 106.67735930937516], [1.0728925785838315, 132.5444086870563], [1.400808389483595, 12.025208991876204]] 
0.4 [[6.671102980942893], [2.5, 80.2921947146892, 106.67735930937516], [1.8950009895253714, 91.65061885108932], [1.117168989130611, 11.346208037066763]] 
3.7 [[9.863999787342909], [2.5, 71.50467521209148, 2.5], [114.03267106730152, 43.684582416910196], [1.6707608509755627, 35.99223278494085]] 
3.7 [[11.13046277575691], [2.5, 196.02263170794734, 123.59461707812125], [1.166679638099501, 123.42311468864347], [4.199363043893449, 34.226202116226524]] 
3.7 [[15.686151879798839], [2.5, 199.00302898099278, 2.4050470700115625], [112.47609162721172, 131.15068067025084], [1.4526456889612247, 35.78019486642646]] 
4.6 [[21.653526461801277], [2.5, 198.9803131801379, 106.67735930937516], [1.1565161346190058, 132.5554625113627], [1.3980727977873855, 34.598466002699595]] 
4.6 [[21.653526461801277], [2.5, 195.92194082501462, 106.67735930937516], [1.652262867691325, 90.87409858978442], [1.3980727977873855, 33.865504408566345]] 
4.6 [[11.076359896564846], [2.5, 71.3739840037315, 106.67735930937516], [152.97611517518408, 58.947212129715176], [1.6574483445105377, 11.20426948292886]] 
0.2 [[6.540550511028908], [2.5, 69.56282589270431, 106.67735930937516], [59.04419751171362, 123.73657790009564], [1.4500545582983495, 10.216395410782525]] 
0.0 [[7.1658621491206915], [2.5, 48.38762391179611, 2.5], [2.6752713488786344, 62.62988628556821], [2.2594122712498694, 19.034139988258193]] 
0.0 [[8.917414295766068], [2.5, 199.6061979792275, 2.5], [2.6769599759174922, 45.652396795905005], [1.1242443692355661, 10.183804607087275]] 
