0.7 -100.0 39.06041249675452 
0.7 -100.0 39.0240849881533 
0.7 -100.0 39.022062847969586 
0.7 -100.0 39.09007913054777 
0.7 -67.06523871990018 11.380949140389525 
1.5 0 80.90622105441562 
1.5 0 335.7906979437834 
1.5 0 335.7353250068913 
0.6 -182.52691434634914 31.359148409554184 
4.3 0 227.84605261305293 
-0.7 -190.9643662486401 11.393894476309846 
-0.7 -190.96435474841832 11.393979567147218 
-0.7 -190.9643662486401 11.394034575898793 
-0.7 -190.9643662486401 39.023807352878364 
-0.7 -190.9643662486401 39.01865785078307 
-0.7 -190.9643662486401 39.01745369200729 
-0.7 -190.9643662486401 39.017437317116986 
-0.7 -190.96435474841832 11.39398525809474 
-0.7 -190.9643662486401 39.02841341404949 
-0.7 -190.9643662486401 39.017749756714686 
-0.7 -190.9643662486401 11.392442070371771 
-0.7 -190.9643662486401 39.01750041007459 
-0.7 -190.9643662486401 39.023698686598664 
-0.7 -190.9643662486401 11.394699724140525 
-0.7 -190.9643662486401 11.412272686678502 
-0.7 -190.9643662486401 11.39660036084132 
-0.7 -190.96435474841832 11.392768460236233 
-0.7 -190.96435474841832 11.392676820931461 
-0.7 -190.9643662486401 39.022276799854886 
-0.7 -190.96435474841832 39.017344105804284 
-0.7 -190.96435474841832 11.393955211015834 
-0.7 -190.9643662486401 11.410632638393784 
-0.7 -190.96086398365017 11.390994047518827 
-0.7 -190.9643662486401 11.390110130192776 
-0.7 -190.9643662486401 11.409975264480208 
-0.7 -190.96086398365017 11.38997913069492 
-0.7 -190.9643662486401 11.393885644342525 
-0.7 -190.9643662486401 11.411569046418531 
-0.7 -190.9643662486401 11.393308974216128 
-0.7 -190.9643662486401 39.017674795769906 
-0.7 -190.96435474841832 11.39267321790331 
-0.7 -190.9643662486401 11.389833969450349 
-0.7 -190.9643662486401 11.393544995352023 
-0.7 -190.96435474841832 39.017918143770544 
-0.7 -190.9643662486401 39.01761404772065 
-0.7 -190.9643662486401 39.017106151775764 
-0.7 -190.9643662486401 11.390178243817697 
-0.7 -190.9643662486401 11.392087079519872 
-0.7 -191.22127415464598 11.390525161406304 
-0.7 -190.9643662486401 11.394693132924635 
-0.7 -190.9643662486401 11.389842310225742 
-0.7 -190.9643662486401 11.390156682870611 
-0.7 -191.2068682458621 11.392391869606527 
-0.7 -190.9643662486401 39.016296227374156 
-0.7 -190.9643662486401 11.394577215935605 
-0.7 -190.9643662486401 11.392700245169017 
-0.7 -190.9643662486401 11.390039347812827 
-0.7 -190.9643662486401 11.389832280468884 
-0.7 -190.96086398365017 11.389980618259782 
-0.7 -190.9643662486401 11.386532905844337 
-0.7 -191.2068682458621 39.73300856476582 
-0.7 -190.9643662486401 11.387966688529296 
-0.7 -190.9643662486401 11.389942902535969 
-0.7 -190.9643662486401 11.391247076203788 
-0.7 -190.96018145463538 11.382326305130748 
-0.7 -190.9447046512547 11.392372455812852 
-0.7 -190.9643662486401 11.389874759989226 
-0.7 -190.9643662486401 11.392817041410941 
-0.7 -190.9643662486401 11.388130151600766 
-0.7 -190.9643662486401 39.016290493269615 
-0.7 -190.9643662486401 11.388328874446891 
-0.7 -190.9643662486401 11.38796635939433 
-0.7 -191.2068682458621 39.7330061275493 
-0.7 -190.96018145463538 11.386187614584127 
-0.7 -190.96018145463538 11.383008299224782 
-0.7 -190.9643662486401 11.388739079022223 
-0.7 -191.2068682458621 11.4095734219641 
-0.7 -190.96018145463538 11.38300830615195 
-0.7 -190.96086398365017 39.01410956431755 
-0.7 -190.9447046512547 39.73306633831626 
-0.7 -190.96018145463538 11.383952664006229 
-0.7 -191.2068682458621 11.391170656007162 
-0.7 -190.9643662486401 11.390642992794167 
-0.7 -191.22127415464598 11.402005380211618 
-0.7 -190.9643662486401 11.38653290422391 
-0.7 -191.22127415464598 11.390200935230533 
-0.7 -191.22127415464598 11.389332915068396 
-0.7 -191.2068682458621 11.384090172571335 
-0.7 -190.9643662486401 11.387968602563873 
-0.7 -191.2068682458621 39.022011154851754 
-0.7 -190.96018145463538 11.383247530097705 
-0.7 -190.96018145463538 11.382856393245806 
-0.7 -191.22127415464598 11.39054029089918 
-0.7 -191.22127415464598 39.013954874086686 
-0.7 -190.9643662486401 11.400861876996403 
-0.7 -190.9643662486401 11.384928504215436 
-0.7 -190.96435474841832 11.383453871123445 
-0.7 -190.96018145463538 11.384752300366339 
-0.7 -191.2068682458621 11.384241070134411 
-0.7 -190.96086398365017 11.385324986872705 
-0.7 -191.2068682458621 11.389295573134024 
-0.7 -190.96018145463538 11.38305035650992 
-0.7 -190.9643662486401 11.386874123611978 
-0.7 -190.9643662486401 39.015668810687266 
-0.4 -191.10700819561913 39.07967388306372 
-0.4 -182.8847447232328 39.03358584408793 
-0.4 -191.10700819561913 39.07966054493168 
-0.4 -182.92981099987855 39.03016824588872 
-0.4 -191.10700819561913 39.07986080611043 
-0.4 -182.8847447232328 39.03244149418597 
-0.4 -182.87290413075883 39.022129701231826 
-0.4 -190.90753628273768 39.07859565953593 
-0.4 -182.92981099987855 39.03098901678477 
-0.4 -182.92981099987855 39.026207066042325 
-0.4 -182.92981099987855 39.02219844658662 
-0.4 -191.10700819561913 39.07774030352842 
-0.4 -190.90753628273768 39.026063490629106 
-0.4 -190.90753628273768 39.031581556312126 
-0.4 -182.92981099987855 39.02380478922543 
-0.4 -182.8847447232328 39.026747884931 
-0.4 -191.10700819561913 39.07967655348357 
-0.4 -182.92686856137644 39.09798118904786 
-0.4 -182.92981099987855 11.42184040518617 
-0.4 -182.92981099987855 11.399884251455466 
-0.4 -191.10700819561913 39.07799854232095 
-0.4 -182.92981099987855 39.026390031909855 
-0.4 -190.90753628273768 39.018648693857926 
-0.4 -182.92981099987855 39.019472420108094 
-0.4 -182.92981099987855 39.025753637266014 
-0.4 -191.10700819561913 39.07860032356956 
-0.4 -191.10700819561913 39.077666086451266 
-0.4 -182.92981099987855 39.08079960712207 
-0.4 -191.10700819561913 39.078927874556015 
-0.4 -190.90753628273768 39.024680479482406 
-0.4 -182.92981099987855 39.03140779576632 
-0.4 -182.92981099987855 39.02503134563273 
-0.4 -182.92981099987855 39.02538996673669 
-0.4 -182.92981099987855 11.400633289439185 
-0.4 -182.92981099987855 39.022873204923286 
-0.4 -191.10700819561913 39.174225968979734 
-0.4 -191.10700819561913 39.07768945929823 
-0.4 -190.90753628273768 39.01661080160966 
-0.4 -190.90753628273768 39.0252996814061 
-0.4 -191.10700819561913 39.07853472192907 
-0.4 -190.90753628273768 39.02499050802978 
-0.4 -182.92981099987855 39.0254122291383 
-0.4 -182.92981099987855 39.01916310233226 
-0.4 -182.92981099987855 39.01685188085907 
-0.4 -190.90753628273768 39.018657945979726 
-0.4 -191.10700819561913 39.077734820151235 
-0.4 -182.92981099987855 39.023426922682525 
-0.4 -182.92981099987855 39.018901586457076 
-0.4 -191.10700819561913 39.077709118506085 
-0.4 -191.10700819561913 39.02434622939129 
-0.4 -182.92981099987855 11.398634918326968 
-0.4 -182.92981099987855 39.02408651169692 
-0.4 -182.92981099987855 11.420881531849634 
-0.4 -191.10700819561913 39.077719759365486 
-0.4 -190.90753628273768 39.01807455002047 
-0.4 -191.10700819561913 39.07826328166102 
-0.4 -182.92981099987855 11.399622359408065 
-0.4 -182.92981099987855 39.01864284604226 
-0.4 -182.92981099987855 39.01850183625213 
-0.4 -190.90753628273768 39.01864322688609 
-0.4 -191.10700819561913 39.07769608398417 
-0.4 -191.10700819561913 39.077707150151994 
-0.4 -182.92981099987855 39.01785113409755 
-0.4 -182.92981099987855 39.02440833218535 
-0.4 -191.10700819561913 39.02255877545185 
-0.4 -191.10700819561913 39.024345483137125 
-0.4 -191.10700819561913 39.02902566887049 
-0.4 -182.92981099987855 39.0174925114958 
-0.4 -182.92981099987855 39.84676188050835 
-0.4 -190.90753628273768 39.06668208759953 
-0.4 -191.01562788801084 39.019797513682725 
-0.4 -191.10700819561913 39.07760398521536 
-0.4 -182.92981099987855 39.38881011002375 
-0.4 -191.10700819561913 39.077768012265054 
-0.4 -182.92981099987855 39.02426235124394 
-0.4 -190.90753628273768 39.019130165902396 
-0.4 -182.92981099987855 39.01656429228604 
-0.4 -190.90753628273768 39.97915625300718 
-0.4 -191.01562788801084 39.01899975533191 
-0.4 -191.10700819561913 39.02540776651075 
-0.4 -182.92981099987855 39.02440349566276 
-0.4 -191.10700819561913 39.023304860184844 
-0.4 -191.10700819561913 39.0225593751493 
-0.4 -182.92981099987855 11.394678565753885 
-0.4 -182.92981099987855 39.02440440396414 
-0.4 -182.92981099987855 39.02432841826577 
-0.4 -182.92981099987855 39.517758765437456 
-0.4 -191.10700819561913 39.024347019742535 
-0.4 -190.90753628273768 39.019960017934245 
-0.4 -190.90753628273768 11.395492873445004 
-0.4 -182.92981099987855 39.01729027053797 
-0.4 -182.92981099987855 39.01706075945433 
-0.4 -191.10700819561913 39.024364702174644 
-0.4 -182.92981099987855 39.016729439666435 
-0.4 -191.10700819561913 39.022568647622876 
-0.4 -182.92981099987855 11.393995707689417 
-0.4 -182.2278902013548 39.01670542042692 
-0.4 -182.92981099987855 39.017574059682076 
-0.4 -182.92981099987855 39.02331960520861 
-0.4 -182.92981099987855 39.01805035766517 
-0.4 -191.10700819561913 39.02185910908241 
-0.4 -182.92981099987855 11.393102667338296 
-0.4 -191.10700819561913 39.0242415916976 
-0.4 -182.92981099987855 11.392460616288288 
-0.4 -182.92981099987855 39.01712093358842 
-0.4 -182.92981099987855 11.391552342175197 
-0.4 -182.92981099987855 11.392895925798172 
-0.4 -182.92981099987855 39.018582605810394 
-0.4 -182.2278902013548 39.01937032202889 
-0.4 -182.92981099987855 39.01936183260665 
-0.4 -182.2278902013548 39.019634884532 
-0.4 -190.90753628273768 11.39827677742174 
-0.4 -191.10700819561913 39.02256220228989 
-0.4 -191.10700819561913 39.096581371862364 
-0.4 -190.90753628273768 39.016397495700694 
-0.4 -182.92981099987855 39.022576189811836 
-0.4 -190.56048211258815 39.01993056755857 
-0.4 -191.10700819561913 39.02226965997015 
-0.4 -191.10700819561913 39.02256217597064 
-0.4 -191.10700819561913 39.02255939756924 
-0.4 -182.92981099987855 11.390747096991463 
-0.4 -190.56048211258815 39.02002344940575 
-0.4 -182.92981099987855 39.02067483921702 
-0.4 -191.10700819561913 39.02109153086126 
-0.4 -191.01562788801084 39.01841131359936 
-0.4 -191.10700819561913 39.02183471283079 
-0.4 -191.10700819561913 39.021927769927174 
-0.4 -182.92981099987855 39.01710194965493 
-0.4 -190.90753628273768 39.01645099488618 
-0.4 -182.2278902013548 39.01376713652934 
-0.4 -191.10700819561913 39.02140245272686 
-0.4 -182.92981099987855 39.02194821981899 
-0.4 -190.90775014702345 39.80899693658564 
-0.4 -190.56955930746642 39.01998667364309 
-0.4 -182.92981099987855 11.393409029109616 
-0.4 -182.92981099987855 11.384179308536627 
-0.4 -191.10700819561913 39.017580789498076 
-0.4 -190.56955930746642 11.38902087484051 
-0.4 -191.10700819561913 39.02183471296181 
-0.4 -182.92981099987855 39.01907014392179 
-0.4 -191.01562788801084 39.01871242485864 
-0.4 -182.92981099987855 11.381576956971681 
2.2 0 93.90236489523654 
2.2 0 43.76297369453077 
2.2 0 40.38374702279142 
3.8 0 152.5686349320471 
3.8 0 307.26693205858146 
3.8 0 137.63561390530165 
3.8 0 307.26684394815254 
0.3 -65.36726482279704 218.40198774893508 
0.3 -65.36726482279704 218.40197049580016 
0.3 -191.0094553109337 31.134877130126966 
0.3 -65.36726482279704 40.12354742266658 
0.3 -100.0 41.22265147248438 
0.3 -191.0094553109337 31.135115009243126 
0.3 -191.0094553109337 39.0296106590241 
0.3 -191.0094553109337 39.022022862565656 
0.3 -100.0 218.4019707177098 
0.3 -191.0094553109337 31.135151166408974 
0.3 -191.0094553109337 31.13601986614374 
0.3 -191.0094553109337 39.02976641256418 
0.3 -191.0094553109337 39.021479066391 
0.3 -191.0094553109337 31.13512060397188 
0.3 -191.0094553109337 39.022580360300175 
0.3 -191.0094553109337 39.0244262477737 
0.3 -191.0094553109337 31.135108422796183 
0.3 -191.0094553109337 31.13510108000751 
0.3 -191.0094553109337 39.02223341431253 
0.3 -100.0 39.02626723786107 
0.3 -191.0094553109337 39.0132713390057 
0.3 -191.0094553109337 31.135364301218107 
0.3 -191.0094553109337 31.13526326863285 
0.3 -191.0094553109337 31.134424622528364 
0.3 -191.0094553109337 31.13526898763334 
0.3 -191.0094553109337 31.1352163662924 
0.3 -191.0094553109337 31.134086056720715 
0.3 -191.0094553109337 39.133410168264746 
0.3 -191.0094553109337 39.0221926473551 
0.3 -191.0094553109337 39.0197513765678 
0.3 -190.935388386332 39.02543091513026 
0.3 -191.0094553109337 31.133692664864466 
0.3 -100.0 39.02178321078269 
0.3 -191.0094553109337 31.13459491051713 
0.3 -191.0094553109337 31.13458768322832 
0.3 -191.0094553109337 31.134971129015064 
0.3 -191.0094553109337 39.01468826332392 
0.3 -191.0094553109337 31.134442581194218 
0.3 -191.0094553109337 31.134008553204723 
0.3 -191.0094553109337 31.13459570948972 
0.3 -190.935388386332 39.02472523933864 
0.3 -191.0094553109337 39.02120400760367 
0.3 -191.0094553109337 31.13323613010228 
0.3 -191.0094553109337 39.02148837096105 
0.3 -191.0094553109337 31.134437757226145 
0.3 -191.0094553109337 39.09177204568825 
0.3 -191.0094553109337 31.135741559244664 
0.3 -191.0094553109337 11.386795297377194 
0.3 -190.935388386332 39.02348550956142 
0.3 -190.935388386332 39.02309592609397 
0.3 -191.0094553109337 39.02107857709356 
0.3 -191.0094553109337 39.077847776426175 
0.3 -190.73909695584027 39.022769251145476 
0.3 -190.935388386332 11.397341101716627 
0.3 -191.0094553109337 11.382517397946716 
0.3 -191.0094553109337 11.385463008160173 
0.3 -191.0094553109337 11.38192670205682 
0.3 -191.0094553109337 39.01394598259663 
0.3 -190.95414150297896 39.016067550915004 
0.3 -190.935388386332 11.392505762507849 
0.3 -191.0094553109337 11.387877008787777 
0.3 -191.0094553109337 11.385284877505821 
0.3 -191.0094553109337 11.382208082923778 
0.3 -191.0094553109337 11.383476180637386 
0.3 -191.0094553109337 11.384065104646934 
0.3 -191.0094553109337 11.383439842690997 
0.3 -100.0 11.383338105971156 
0.3 -191.0094553109337 11.382517256149193 
0.3 -191.0094553109337 11.391132841594636 
0.3 -191.0094553109337 11.38385020544609 
0.3 -191.0094553109337 39.01506502383688 
0.3 -191.0094553109337 11.380949140389525 
0.3 -190.935388386332 11.393993110638817 
0.3 -100.0 11.383386246095348 
0.3 -191.0094553109337 11.382516830856451 
0.3 -190.935388386332 11.389594586115656 
0.3 -191.0094553109337 11.385582449383367 
0.3 -191.0094553109337 11.38094920351834 
0.3 -191.0094553109337 11.382553035121754 
0.3 -191.0094553109337 11.380971968776262 
0.3 -191.0094553109337 11.38155863810035 
0.3 -191.0094553109337 11.382338411810677 
0.3 -191.0094553109337 11.383637593922712 
0.3 -191.0094553109337 11.381551387307733 
0.3 -191.0094553109337 11.380948752477696 
0.3 -191.0094553109337 11.381008883941258 
0.3 -100.0 39.01767068478723 
0.3 -190.935388386332 39.017554586320365 
0.3 -100.0 39.018880170760134 
0.3 -191.0094553109337 11.381008882369152 
0.3 -100.0 11.381425745406593 
0.3 -100.0 11.380840035055735 
0.3 -191.0094553109337 11.38373865470169 
0.3 -191.0094553109337 11.382067041067614 
0.3 -190.95567223181155 11.381070255599726 
0.3 -191.0094553109337 11.382470796571624 
0.3 -191.0094553109337 11.381006486196815 
0.3 -191.0094553109337 11.382154996681498 
2.3 0 238.75511426279704 
2.3 0 58.497791076782015 
3.4 0 337.5803873827086 
3.4 0 39.039090576874614 
3.4 0 40.48724110318097 
3.4 0 296.3090088207651 
1.0 0 39.20207903575391 
0.9 -184.4982870680216 296.1691578509144 
0.9 -184.4982870680216 296.169040050586 
0.9 -184.4982870680216 296.16917385134275 
0.9 -184.74780582266334 39.020873154766456 
0.9 -184.4982870680216 39.0278024863861 
0.9 -184.4982870680216 296.16791063156387 
0.9 -184.4982870680216 39.03078149644661 
0.9 -184.4982870680216 39.032590086462996 
0.9 -184.4982870680216 39.02909678613133 
0.9 -184.4982870680216 39.02825239483802 
0.9 -184.74873819672823 39.02034513241937 
0.9 -184.59012414470075 39.0393308708411 
0.9 -184.74780582266334 39.02960096310079 
-0.5 0 11.402573462303932 
-0.5 0 39.02512354645817 
-0.5 0 11.420082120891907 
-0.5 0 39.01586459240366 
-0.5 0 11.419514257530944 
-0.5 0 39.02623933310368 
-0.5 0 39.07856907101725 
-0.5 0 39.023265891871056 
-0.5 0 39.024690769914855 
-0.5 0 39.02715599256021 
-0.5 0 39.02434622683415 
-0.5 0 39.019797513682725 
-0.5 0 11.392615459680927 
-0.5 0 11.404250904703185 
-0.5 0 11.399082121268028 
-0.5 0 11.38947153388918 
-0.5 0 11.381557100660295 
2.6 0 15.900841823158824 
3.6 0 179.32475306729123 
3.9 0 207.6953862205419 
3.9 0 207.69537936172372 
3.9 0 190.60709617711078 
1.3 0 94.44476380227029 
2.4 0 296.38824020728384 
2.4 0 296.3863308839423 
2.4 0 296.1697349597228 
0.1 0 31.368810556554955 
0.1 0 89.9900986289304 
0.1 0 39.03543634199208 
0.1 0 218.20141858132968 
0.1 0 11.398526804029352 
0.1 0 39.03277317954731 
0.1 0 31.35925538277694 
0.1 0 15.886435467458305 
0.1 0 11.423811921092568 
0.1 0 39.01926798131281 
0.1 0 39.201269929267106 
0.1 0 11.399443548187703 
0.1 0 31.359232325504916 
0.1 0 39.021742303865864 
0.1 0 39.02438691812044 
0.1 0 39.01989929955466 
0.1 0 15.886442331652436 
0.1 0 11.398326156266423 
0.1 0 11.398580247449196 
0.1 0 15.88617475926416 
0.1 0 39.02005933556816 
0.1 0 39.02374724207451 
0.1 0 39.17885862176306 
0.1 0 39.018341793200605 
0.1 0 39.0222632596139 
0.1 0 39.01875979772479 
0.1 0 39.01724886902329 
0.1 0 11.39273818168925 
0.1 0 39.051233647183736 
0.1 0 11.388940229277452 
0.1 0 11.399072968830074 
0.1 0 39.01598265441348 
3.5 0 90.99178253237729 
3.5 0 190.89233446925323 
3.5 0 40.39427533235429 
3.5 0 207.69890952372637 
2.8 0 16.904226226441832 
2.8 0 16.904174375731998 
2.8 0 39.02945075746072 
2.8 0 16.90422614012617 
2.8 0 39.02530911085927 
2.8 0 39.02401714534176 
2.8 0 39.02592353246556 
2.8 0 39.448439090104614 
2.8 0 15.917253320033586 
2.8 0 39.815543233877925 
2.8 0 15.895953788001819 
2.8 0 39.02409099027949 
2.8 0 31.142274413833793 
2.8 0 39.44438855762701 
2.8 0 15.895474066841386 
2.1 0 317.4931294738137 
2.1 0 39.02957642444947 
0.8 -68.69743137353137 58.50744956827298 
0.8 -68.69743137353137 39.01361061014392 
0.8 -68.69743137353137 11.38144807192022 
0.8 -68.69743137353137 11.388743409432495 
0.8 -68.69743137353137 11.382562437187183 
0.8 -68.69743137353137 11.38063600199502 
0.8 -68.69743137353137 11.382743097565927 
0.8 -68.69743137353137 11.384062677813535 
2.5 0 184.77309871634407 
2.5 0 197.22703914279498 
2.5 0 184.6241954086778 
2.5 0 39.36295325226079 
3.3 0 307.3688358210004 
3.3 0 158.8616689897611 
3.3 0 307.36700140847273 
3.3 0 39.03970409106824 
3.3 0 42.552922336551845 
0.5 -66.66543647854303 259.5243570752909 
0.5 -66.66543647854303 343.2897764782968 
0.5 -66.66543647854303 122.25827692423574 
0.5 -66.66543647854303 39.02826916829964 
0.5 -66.66543647854303 39.03682029197201 
0.5 -66.66543647854303 39.02025369427226 
0.5 -66.66543647854303 259.5243364990836 
0.5 -66.66543647854303 259.4731467947068 
0.5 -66.66543647854303 39.719496817777944 
0.5 -66.66543647854303 122.25828127073295 
0.5 -66.66543647854303 239.82622792614757 
0.5 -184.25190026533014 39.92323945720553 
0.5 -66.66543647854303 39.03212633722836 
0.5 -66.66543647854303 39.02147611497758 
0.5 -66.66543647854303 39.03255641139332 
0.5 -66.66543647854303 39.01325190684387 
0.5 -66.66543647854303 39.05617174344585 
0.5 -66.66543647854303 39.11306987372901 
0.5 -184.61080083475247 39.02366661918376 
0.5 -66.66543647854303 39.013232286822515 
0.5 -66.66543647854303 39.022406328628364 
0.5 -66.66543647854303 39.02351305303095 
0.5 -184.61080083475247 11.389169656326443 
3.2 0 342.2693008726656 
3.2 0 11.717162595343414 
3.2 0 201.7639672002837 
3.2 0 42.456382432333456 
3.2 0 39.896758818526635 
3.2 0 42.45574104197756 
3.2 0 39.088391804975984 
3.2 0 39.02085371664065 
4.2 0 89.5432213773094 
4.2 0 34.36145400374951 
1.2 0 240.01352034611753 
1.2 0 112.75097145590037 
1.2 0 39.026638916706695 
1.2 0 39.02170561730119 
1.2 0 39.02669846400895 
1.2 0 41.09867452331953 
1.2 0 39.02985288346946 
2.7 0 240.35744514505924 
2.7 0 39.02072206454596 
2.7 0 58.50734999054996 
2.7 0 16.905496102471144 
2.7 0 31.15654951673662 
4.1 0 137.63561390530165 
1.8 0 46.734879177728416 
1.8 0 158.8614561002486 
1.8 0 46.73384994068653 
1.8 0 306.90076265113726 
1.8 0 41.269007386254884 
0.4 -68.69743137849306 239.8270104450451 
0.4 -68.69743137849306 39.51103262045495 
0.4 -68.69743137849306 39.03277317954731 
0.4 -68.69743137849306 39.032556415548285 
0.4 -68.69743137849306 39.0380703745483 
0.4 -68.69743137849306 239.81915142805263 
0.4 -68.69743137849306 39.20058169845936 
0.4 -68.69743137849306 39.03139625139543 
0.4 -68.69743137849306 39.029222167021274 
0.4 -68.69743137849306 296.30849336392697 
0.4 -68.69743137849306 39.02666469562256 
0.4 -68.69743137849306 39.02105490641035 
0.4 -68.69743137849306 39.03106521322768 
0.4 -68.69743137849306 39.035471571527815 
0.4 -68.69743137849306 39.02939990391504 
0.4 -68.69743137849306 39.13168518771734 
0.4 -68.69743137849306 39.02847269787201 
0.4 -68.69743137849306 39.01502038115446 
-0.2 -191.23468729423286 39.0292812923346 
-0.2 -191.23468729423286 39.02924702312838 
-0.2 -191.23468729423286 39.02927126160407 
-0.2 -191.23468729423286 39.03044320257236 
-0.2 -191.23468729423286 39.02947328043343 
-0.2 -191.08839556796005 11.391386096019277 
-0.2 -191.23468729423286 39.02927126310612 
-0.2 -191.28385637191835 39.0222110668252 
-0.2 -191.23468729423286 39.0292470215207 
-0.2 -191.0591640988583 39.02424201902427 
-0.2 -191.23468729423286 39.029154926718256 
-0.2 -191.28385637191835 39.023265891871056 
-0.2 -191.28385637191835 39.0229556336453 
-0.2 -191.28385637191835 39.02221646477931 
-0.2 -191.29448523169572 39.02224012526592 
-0.2 -191.248356552574 39.02306355350724 
-0.2 -191.23468729423286 39.0292349885342 
-0.2 -191.248356552574 11.393034584636798 
-0.2 -190.89132603388165 39.030219373871105 
-0.2 -191.248356552574 39.177955413518575 
-0.2 -191.2036934503146 39.030841939841295 
-0.2 -191.08839556796005 11.394908372184751 
-0.2 -191.23468729423286 39.02873778050454 
-0.2 -191.28385637191835 39.02249219324078 
-0.2 -191.248356552574 39.34648178435431 
-0.2 -191.248356552574 11.39303458416378 
-0.2 -191.08839556796005 11.391005116309703 
-0.2 -191.248356552574 11.396780254961351 
-0.2 -191.0591640988583 39.023575504592394 
-0.2 -191.28385637191835 39.023342569073726 
-0.2 -190.83328438303698 39.023294722803534 
-0.2 -190.83328438303698 39.02313889936712 
-0.2 -191.08839556796005 31.13666053948468 
-0.2 -191.248356552574 39.0228110343516 
-0.2 -191.08839556796005 39.01670262663077 
-0.2 -191.248356552574 11.393869923064686 
-0.2 -191.29448523169572 11.41042089815908 
-0.2 -191.08839556796005 39.01668303820181 
-0.2 -191.28385637191835 39.08195610690755 
-0.2 -191.29448523169572 39.01737686268887 
-0.2 -190.89132603388165 39.014500422355255 
-0.2 -191.28385637191835 39.39071588871592 
-0.2 -191.23468729423286 39.08342683193944 
-0.2 -191.248356552574 39.018455283259854 
-0.2 -191.248356552574 39.022490999334174 
-0.2 -191.28385637191835 39.02249445207976 
-0.2 -191.28385637191835 39.022743890623104 
-0.2 -191.248356552574 39.01692867476494 
-0.2 -191.248356552574 11.39649493407109 
-0.2 -191.248356552574 11.392355599436497 
-0.2 -191.29448523169572 39.017376551152324 
-0.2 -191.248356552574 39.0171876317519 
-0.2 -191.248356552574 39.01847762909633 
-0.2 -191.29448523169572 39.02223124176875 
-0.2 -191.29448523169572 40.00778660853143 
-0.2 -191.248356552574 39.02417129376126 
-0.2 -191.248356552574 11.393206561037166 
-0.2 -191.29448523169572 11.410156768607044 
-0.2 -191.28385637191835 39.042651754562264 
-0.2 -191.248356552574 11.392958682211331 
-0.2 -191.08839556796005 11.39179981381291 
-0.2 -191.248356552574 39.01747602190159 
-0.2 -191.29448523169572 39.0219521291565 
-0.2 -191.248356552574 11.394238544612792 
-0.2 -191.08839556796005 11.390199362864383 
-0.2 -191.248356552574 11.395022757359037 
-0.2 -191.248356552574 11.392574986967611 
-0.2 -191.248356552574 11.39103510582571 
-0.2 -191.29448523169572 11.402236913167426 
-0.2 -191.248356552574 11.392425935336563 
-0.2 -191.248356552574 39.017168597681675 
-0.2 -191.248356552574 39.01701802139419 
-0.2 -191.29448523169572 39.022471199773484 
-0.2 -191.08839556796005 39.01661537031274 
-0.2 -191.248356552574 11.393034183413437 
-0.2 -191.248356552574 11.390124216293637 
-0.2 -191.08839556796005 11.390280174300676 
-0.2 -191.0591640988583 11.390519965760054 
-0.2 -191.248356552574 39.01645708735076 
-0.2 -191.248356552574 39.017513624920625 
-0.2 -191.248356552574 11.393032499961796 
-0.2 -191.248356552574 11.390125700455522 
-0.2 -191.29448523169572 39.02237608764514 
-0.2 -191.248356552574 39.01697598821988 
-0.2 -191.248356552574 11.394744238922058 
-0.2 -191.248356552574 11.396351529548019 
-0.2 -190.89132603388165 39.09992017033639 
-0.2 -191.08839556796005 39.024616071867456 
-0.2 -191.248356552574 11.392559826764352 
-0.2 -191.0591640988583 11.391844387546675 
-0.2 -191.248356552574 11.393791891863183 
-0.2 -191.248356552574 11.39327012083751 
-0.2 -191.248356552574 11.41458944802523 
-0.2 -191.248356552574 11.393566164042527 
-0.2 -191.0591640988583 11.390547441914016 
-0.2 -191.248356552574 39.01748453436374 
-0.2 -191.08839556796005 39.01704259940431 
-0.2 -191.248356552574 11.389058765267501 
-0.2 -191.248356552574 11.39394229929991 
-0.2 -191.248356552574 11.392822396092484 
-0.2 -191.248356552574 11.392999992102691 
-0.2 -191.248356552574 11.39204290881637 
-0.2 -191.248356552574 39.01754844385844 
-0.2 -191.08839556796005 11.390263540407322 
-0.2 -190.87253070570875 11.393190213473378 
-0.2 -191.08839556796005 39.016629568286326 
-0.2 -191.248356552574 11.388826130930523 
-0.2 -190.89132603388165 11.38513310093281 
-0.2 -191.08839556796005 11.390844371028768 
-0.2 -191.29448523169572 11.41042079992622 
-0.2 -191.29448523169572 39.017536966049185 
-0.2 -191.29448523169572 11.41238726528294 
-0.2 -191.248356552574 11.394953604968322 
-0.2 -191.1580820720582 39.017256420122195 
-0.2 -191.29448523169572 11.410162269061226 
-0.2 -191.248356552574 11.394648158029106 
-0.2 -191.248356552574 11.389518061964676 
-0.2 -191.248356552574 11.392869011833461 
-0.2 -191.29448523169572 39.0170555508346 
-0.2 -191.08839556796005 11.390263398290422 
-0.2 -191.08839556796005 11.390200833049464 
-0.2 -190.87253070570875 11.390347938759971 
-0.2 -191.29448523169572 11.402165711812502 
-0.2 -191.08839556796005 11.401968771457788 
-0.2 -191.29448523169572 39.01987315286095 
-0.2 -191.29448523169572 39.02350345191767 
-0.2 -191.29448523169572 11.40200997790189 
-0.2 -191.29448523169572 11.410159404784926 
-0.2 -191.08839556796005 39.01633868884096 
-0.2 -191.248356552574 39.0214769504098 
-0.2 -191.08839556796005 11.390480843218603 
-0.2 -191.248356552574 11.389513056269644 
-0.2 -190.89132603388165 11.382591337629757 
-0.2 -191.08839556796005 11.390204276709811 
-0.2 -191.29448523169572 11.40269349860867 
-0.2 -191.29448523169572 11.412103085395126 
-0.2 -191.28385637191835 11.40952265826318 
-0.2 -191.2368995093777 11.38951829579126 
-0.2 -191.29448523169572 11.410810180129936 
-0.2 -191.248356552574 11.402045597884884 
-0.2 -191.248356552574 11.389076965070881 
-0.2 -191.248356552574 11.389812879328696 
-0.2 -191.23512835734064 11.389083139768747 
-0.2 -191.29448523169572 11.40192699023628 
-0.2 -191.248356552574 11.38860899668558 
-0.2 -191.248356552574 11.389059471123723 
-0.2 -190.89132603388165 11.38513342137819 
-0.2 -191.248356552574 11.38819348940401 
-0.2 -190.83328438303698 39.01847919748264 
-0.2 -191.29448523169572 11.410153894845886 
-0.2 -191.248356552574 11.389451691160568 
-0.2 -191.248356552574 11.388825560978814 
-0.2 -191.28385637191835 11.41081153960828 
-0.2 -191.248356552574 11.389491066331594 
-0.2 -190.87253070570875 11.390930317295002 
-0.2 -191.248356552574 11.38878825367715 
-0.2 -191.29448523169572 39.0195106394181 
-0.2 -191.29448523169572 11.402214776036512 
-0.2 -191.248356552574 11.39018394618789 
-0.2 -190.89132603388165 11.381362727480452 
-0.2 -191.29448523169572 39.01983304753001 
-0.2 -190.87253070570875 11.385473609460805 
-0.2 -191.248356552574 39.020007404383534 
-0.2 -191.29448523169572 11.402186479979724 
-0.2 -190.89132603388165 11.385441176175707 
-0.2 -191.08839556796005 11.388533072719559 
-0.2 -191.248356552574 11.394406194674813 
-0.2 -190.89132603388165 39.01519046141164 
-0.2 -190.89132603388165 11.382396816717296 
-0.2 -191.29448523169572 11.402152974794374 
-0.2 -191.29448523169572 11.402298829339225 
-0.2 -191.248356552574 11.38980374685172 
-0.2 -190.89132603388165 11.382773708678315 
-0.2 -190.89132603388165 11.382640578063178 
-0.2 -191.29448523169572 11.402165557585183 
-0.2 -191.248356552574 39.01619003653876 
-0.2 -191.28385637191835 11.400294352318216 
-0.2 -190.89132603388165 39.01526487542131 
-0.2 -191.248356552574 11.388332474057696 
-0.2 -190.89132603388165 39.014142993782514 
-0.2 -191.29448523169572 11.401194047624214 
-0.2 -190.89132603388165 11.380296404309291 
-0.2 -191.29448523169572 11.400849550742597 
-0.2 -191.29448523169572 11.388093550773583 
-0.2 -191.29448523169572 11.401584323899188 
-0.2 -191.248356552574 11.402783249830135 
-0.2 -190.89132603388165 11.3842191215882 
-0.2 -190.89132603388165 11.381949720564425 
-0.2 -191.248356552574 11.388094619923624 
-0.2 -190.89132603388165 11.382459259267264 
-0.2 -191.08839556796005 11.388715380996443 
-0.2 -191.0591640988583 11.389931733354603 
-0.1 0 39.076365094278785 
-0.1 0 39.02946852221036 
-0.1 0 39.02985255394695 
-0.1 0 11.388625739032502 
-0.1 0 11.38512995547121 
-0.6 0 11.401266691835385 
-0.6 0 11.398534010256679 
-0.6 0 39.01879355579415 
-0.6 0 39.02339819733606 
-0.6 0 39.02170116297007 
-0.6 0 11.423995189699559 
-0.6 0 11.401041487997373 
-0.6 0 11.421301038491839 
-0.6 0 39.02970057286099 
-0.6 0 39.06089805558062 
-0.6 0 39.024442620650305 
-0.6 0 11.402572955556995 
-0.6 0 11.396682542051613 
-0.6 0 39.0236495702576 
-0.6 0 11.398485860451801 
-0.6 0 39.01886774480428 
-0.6 0 39.01746297153673 
-0.6 0 11.401039577392888 
-0.6 0 39.022900578689516 
-0.6 0 39.01733435906373 
-0.6 0 11.398589171426146 
-0.6 0 11.396658783136559 
-0.6 0 39.0178428670725 
-0.6 0 39.01905913084376 
-0.6 0 39.02549149428575 
-0.6 0 11.39307762494035 
-0.6 0 11.39403050462332 
-0.6 0 11.39245108809094 
-0.6 0 11.395505228464435 
-0.6 0 39.01829703497086 
-0.6 0 39.0222008188298 
-0.6 0 11.410637798602009 
-0.6 0 39.016939236481214 
-0.6 0 39.01747828198908 
-0.6 0 11.392944031429028 
-0.6 0 39.02207269959317 
-0.6 0 11.391387114590426 
-0.6 0 11.395596396365123 
-0.6 0 11.394457929801275 
-0.6 0 11.402626991211562 
-0.6 0 11.391108213461843 
-0.6 0 39.01730790041202 
-0.6 0 11.393131839478878 
-0.6 0 39.017690507453636 
-0.6 0 11.393991989582139 
-0.6 0 11.390125709267291 
-0.6 0 11.39226542628568 
-0.6 0 11.3940003343881 
-0.6 0 11.394331060115405 
-0.6 0 11.39053133624161 
-0.6 0 11.391296856052067 
-0.6 0 39.016532769314686 
-0.6 0 11.383777360504995 
-0.6 0 39.02785196181151 
-0.6 0 11.387978350733636 
-0.6 0 11.387905436729874 
-0.6 0 11.383777233055776 
-0.6 0 11.388855483928083 
-0.6 0 11.391296622691657 
-0.6 0 11.389674062831917 
-0.6 0 11.389760071031032 
-0.6 0 11.388433730519104 
-0.6 0 11.389931061834796 
-0.6 0 11.390549836242224 
-0.6 0 11.380987319121983 
-0.6 0 39.01458090548349 
-0.6 0 11.38338771405367 
-0.6 0 11.383857142477597 
-0.6 0 11.383469993847903 
-0.6 0 11.389318965137718 
-0.6 0 11.382772648919346 
-0.6 0 11.388547523087992 
-0.6 0 11.381750151420333 
-0.6 0 11.382304677478622 
-0.6 0 11.38401196407313 
-0.6 0 11.38081248333706 
0.2 -65.60813738289349 296.6057220489719 
0.2 -65.59949096362857 169.8836714247839 
0.2 -65.60813738289349 296.6051892706018 
0.2 -65.59949096362857 39.030235533157956 
0.2 -65.59949096362857 296.60627950171533 
0.2 -65.59949096362857 40.958972614854275 
0.2 -65.60813738289349 41.22353446283457 
0.2 -65.60813738289349 41.22429509564487 
0.2 -65.59949096362857 39.03126694753493 
0.2 -65.59949096362857 39.033440252942505 
0.2 -65.59949096362857 39.01570320689484 
0.2 -65.59949096362857 39.0301154772427 
0.2 -65.59949096362857 169.85576407044533 
0.2 -65.59949096362857 39.030695413465494 
0.2 -65.60813738289349 39.11649201073212 
0.2 -65.59949096362857 41.21643909514504 
0.2 -65.59949096362857 39.030193845275136 
0.2 -65.59949096362857 39.02991794362438 
0.2 -65.60813738289349 41.22400496826158 
0.2 -65.59949096362857 39.02971253894104 
0.2 -65.59949096362857 39.03430241957231 
0.2 -65.59949096362857 39.03018741460864 
0.2 -65.59949096362857 39.03009056698089 
0.2 -65.59949096362857 39.10892244257154 
0.2 -65.59949096362857 39.03070865330318 
0.2 -65.59949096362857 39.01621324553384 
0.2 -65.59949096362857 39.03094510619429 
0.2 -65.60813738289349 39.03111029819458 
0.2 -65.60813738289349 39.07817877392186 
0.2 -65.59949096362857 39.027184759751414 
0.2 -65.59949096362857 39.03102661357497 
0.2 -65.60813738289349 39.03123281772794 
0.2 -65.60813738289349 39.02806902863412 
0.2 -65.59949096362857 39.019349054829945 
0.2 -65.59949096362857 39.02980609173029 
0.2 -65.59949096362857 39.0155299638126 
0.2 -65.59949096362857 39.032004552428575 
0.2 -184.36670765469478 39.02599362845862 
0.2 -65.59949096362857 39.01948736382514 
0.2 -65.59949096362857 39.024706576580115 
0.2 -65.59949096362857 39.01542543603537 
0.2 -65.59949096362857 39.01550960825813 
0.2 -183.83743819929342 39.0252041777792 
0.2 -65.59949096362857 39.025885709625946 
0.2 -65.59949096362857 39.86531836471242 
0.2 -184.4189970855129 39.01959851204618 
0.2 -184.4189970855129 39.019729874194844 
0.2 -184.4189970855129 39.01756099139992 
0.2 -184.4189970855129 31.13458788014406 
0.2 -65.59949096362857 39.02301277865626 
0.2 -184.4189970855129 39.39305665024497 
0.2 -65.59949096362857 11.382312524295683 
2.9 0 67.8337907417007 
2.9 0 41.82824879592102 
2.9 0 33.06081639288083 
2.9 0 39.02516825625481 
2.9 0 38.42313313259634 
2.9 0 39.13081128057695 
2.9 0 28.231673153832514 
2.9 0 39.02502107967077 
2.9 0 39.022119637164856 
2.9 0 39.02603369067999 
2.9 0 33.060814528412834 
2.9 0 39.44361127589624 
-0.3 0 122.79807887116544 
-0.3 0 122.78113447201856 
-0.3 0 39.07742965317479 
-0.3 0 122.5358548546105 
-0.3 0 169.85519811517773 
-0.3 0 39.02423035028154 
-0.3 0 122.78129343390755 
-0.3 0 39.78524894648199 
-0.3 0 39.024950789389756 
-0.3 0 122.5361421107748 
-0.3 0 39.02697160373385 
-0.3 0 39.02570036750996 
-0.3 0 122.5357338063557 
-0.3 0 39.02366637791812 
-0.3 0 39.02818326293746 
-0.3 0 39.10886238267853 
-0.3 0 39.02282242937147 
-0.3 0 39.031641618753305 
-0.3 0 39.11711168791928 
-0.3 0 39.02691606837105 
-0.3 0 39.01739060051616 
-0.3 0 39.028634786397966 
-0.3 0 39.02489040365292 
-0.3 0 39.0221391827145 
-0.3 0 39.19581390730247 
-0.3 0 11.411878078916937 
-0.3 0 39.024694473443056 
-0.3 0 39.019045478522955 
-0.3 0 39.01814047364061 
-0.3 0 39.07775679822713 
-0.3 0 39.02309995610568 
-0.3 0 39.83819801928513 
-0.3 0 11.391386096019277 
-0.3 0 39.02508338957531 
-0.3 0 39.01719953907063 
-0.3 0 11.391412381024443 
-0.3 0 11.392235653299693 
-0.3 0 11.390247795572302 
-0.3 0 11.394126553135974 
-0.3 0 11.381379447740716 
-0.3 0 11.382163380031507 
-0.3 0 11.382576209470624 
-0.3 0 11.383041650722511 
-0.3 0 11.381436963289879 
-0.3 0 11.38259878902768 
1.9 0 39.01007989617249 
1.9 0 39.01872394921162 
0.0 0 331.70022684614037 
0.0 0 150.52692549580314 
0.0 0 150.52694679459384 
0.0 0 39.01902627477717 
0.0 0 11.393845877662166 
0.0 0 11.394609570462482 
0.0 0 39.06274647749808 
0.0 0 39.01743751678515 
0.0 0 39.01913503228907 
0.0 0 11.394044709437928 
0.0 0 11.39397619197068 
0.0 0 39.04282821387348 
0.0 0 11.393969875229622 
0.0 0 11.398306384668862 
0.0 0 11.396603362511405 
0.0 0 39.01749159747755 
0.0 0 39.01899342125604 
0.0 0 11.397288886568315 
0.0 0 39.433361840066105 
0.0 0 39.02272860697123 
0.0 0 39.01741573426925 
0.0 0 11.394337491357634 
0.0 0 11.393652821466091 
0.0 0 11.392828322224913 
0.0 0 11.393467764543491 
0.0 0 11.417978650783242 
0.0 0 11.39371679110585 
0.0 0 11.39205438306229 
0.0 0 39.01728377514896 
0.0 0 11.395080698120745 
0.0 0 11.392680143571862 
0.0 0 11.394462879826232 
0.0 0 11.392843705449883 
0.0 0 11.393490465599264 
0.0 0 39.04738703994496 
0.0 0 11.398302428585131 
0.0 0 11.392685195243414 
-0.0 0 11.391803686287549 
-0.0 0 11.385229863643179 
1.4 0 179.0218662520687 
1.4 0 283.1756055024143 
1.4 0 89.83757586856 
1.4 0 283.17561619100877 
1.4 0 179.0207418766689 
1.4 0 39.02165682270156 
1.4 0 39.01724530925032 
1.1 0 39.022252994682916 
1.1 0 39.02446952012851 
